0	0.0	0	0.0	0	0.0
0	0.0	0	0.0	0	0.0
0	0.0	0	0.0	0	0.0
0	0.0	0	0.0	0	0.0
0	0.0	0	0.0	0	0.0
0	0.0	0	0.0	0	0.0
0	0.0	0	0.0	0	0.0
0	0.0	0	0.0	0	0.0
0	0.0	0	0.0	0	0.0
0	0.0	0	0.0	0	0.0
0	0.0	0	0.0	0	0.0
0	0.0	0	0.0	0	0.0
0	0.0	0	0.0	0	0.0
0	0.0	0	0.0	0	0.0
0	0.0	0	0.0	0	0.0
0	0.0	0	0.0	0	0.0
0	0.0	0	0.0	0	0.0
0	0.0	0	0.0	0	0.0
0	0.0	0	0.0	0	0.0
0	0.0	0	0.0	0	0.0
0	0.0	0	0.0	0	0.0
0	0.0	0	0.0	0	0.0
0	0.0	0	0.0	0	0.0
0	0.0	0	0.0	0	0.0
0	0.0	0	0.0	0	0.0
0	0.0	0	0.0	0	0.0
0	0.0	0	0.0	0	0.0
0	0.0	0	0.0	0	0.0
0	0.0	0	0.0	0	0.0
0	0.0	0	0.0	0	0.0
0	0.0	0	0.0	0	0.0
0	0.0	0	0.0	0	0.0
0	0.0	0	0.0	0	0.0
0	0.0	0	0.0	0	0.0
0	0.0	0	0.0	0	0.0
0	0.0	0	0.0	0	0.0
0	0.0	0	0.0	0	0.0
0	0.0	0	0.0	0	0.0
0	0.0	0	0.0	0	0.0
0	0.0	0	0.0	0	0.0
0	0.0	0	0.0	0	0.0
0	0.0	0	0.0	0	0.0
0	0.0	0	0.0	0	0.0
0	0.0	0	0.0	0	0.0
0	0.0	0	0.0	0	0.0
0	0.0	0	0.0	0	0.0
0	0.0	0	0.0	0	0.0
0	0.0	0	0.0	0	0.0
0	0.0	0	0.0	0	0.0
0	0.0	0	0.0	0	0.0
0	0.0	0	0.0	0	0.0
0	0.0	0	0.0	0	0.0
0	0.0	0	0.0	0	0.0
0	0.0	0	0.0	0	0.0
0	0.0	0	0.0	0	0.0
0	0.0	0	0.0	0	0.0
0	0.0	0	0.0	0	0.0
0	0.0	0	0.0	0	0.0
0	0.0	0	0.0	0	0.0
0	0.0	0	0.0	0	0.0
0	0.0	0	0.0	0	0.0
0	0.0	0	0.0	0	0.0
0	0.0	0	0.0	0	0.0
0	0.0	0	0.0	0	0.0
0	0.0	0	0.0	0	0.0
0	0.0	0	0.0	0	0.0
0	0.0	0	0.0	0	0.0
0	0.0	0	0.0	0	0.0
0	0.0	0	0.0	0	0.0
0	0.0	0	0.0	0	0.0
0	0.0	0	0.0	0	0.0
0	0.0	0	0.0	0	0.0
0	0.0	0	0.0	0	0.0
0	0.0	0	0.0	0	0.0
0	0.0	0	0.0	0	0.0
0	0.0	0	0.0	0	0.0
0	0.0	0	0.0	0	0.0
0	0.0	0	0.0	0	0.0
0	0.0	0	0.0	0	0.0
0	0.0	0	0.0	0	0.0
0	0.0	0	0.0	0	0.0
0	0.0	0	0.0	0	0.0
0	0.0	0	0.0	0	0.0
0	0.0	0	0.0	0	0.0
0	0.0	0	0.0	0	0.0
0	0.0	0	0.0	0	0.0
0	0.0	0	0.0	0	0.0
0	0.0	0	0.0	0	0.0
0	0.0	0	0.0	0	0.0
0	0.0	0	0.0	0	0.0
0	0.0	0	0.0	0	0.0
0	0.0	0	0.0	0	0.0
0	0.0	0	0.0	0	0.0018407769454627694
0	0.0	0	0.0	0	0.0018407769454627694
0	0.0	0	0.0	0	0.0018407769454627694
0	0.0	0	0.0	0	0.0018407769454627694
0	0.0	0	0.0	0	0.0018407769454627694
0	0.0	0	0.0	0	0.0018407769454627694
0	0.0	0	0.0	0	0.0018407769454627694
0	0.0	0	0.0	0	0.0018407769454627694
0	0.0	0	0.0	0	0.0018407769454627694
0	0.0	0	0.0	0	0.0018407769454627694
0	0.0	0	0.0	0	0.0018407769454627694
0	0.0	0	0.0	0	0.0018407769454627694
0	0.0	0	0.0	0	0.0018407769454627694
0	0.0	0	0.0	0	0.0018407769454627694
0	0.0	0	0.0	0	0.0018407769454627694
0	0.0	0	0.0	0	0.0018407769454627694
0	0.0	0	0.0	0	0.0018407769454627694
0	0.0	0	0.0	0	0.0018407769454627694
0	0.0	0	-0.007363107781851078	0	0.011044661672776616
0	-0.3124999999999933	0	-0.019870151445820675	0	0.41674747397647366
0	-0.8125000000000131	0	0.02653761999127438	0	1.3375209344135983
0	-1.312499999999982	0	0.0713425990410346	0	2.5158122776631062
0	-1.8750000000000107	0	0.13514807701834164	0	3.406192594998271
0	-2.250000000000013	0	0.13779665608323122	0	4.429239076137516
0	-3.1249999999999836	0	0.16809666604113682	0	6.2481996335222645
0	-4.062500000000014	0	0.2606865711002121	0	7.9866553017540305
0	-4.500000000000026	0	0.2986208125638078	0	9.27331219622023
0	-5.0625000000000036	0	0.44242099148884706	0	10.76392790000974
0	-5.437500000000005	0	0.5573905004926419	0	11.898299258213415
0	-5.937500000000025	0	0.697639009986747	0	13.396605755767146
0	-6.500000000000003	0	0.8561821829554735	0	14.937585750344082
0	-7.062500000000031	0	1.0579621756113018	0	16.907402975005844
0	-7.5625	0	1.2939819135638975	0	18.397761653849642
0	-7.937500000000003	0	1.4665983739393025	0	19.930021048160366
0	-8.562500000000039	0	1.7380374264031424	0	21.874443914660755
0	-8.812500000000025	0	1.947775650269378	0	23.336361980159804
0	-9.249999999999984	0	2.1902695728476047	0	24.776631891772308
0	-9.750000000000004	0	2.472965733142657	0	26.845006210622227
0	-10.187500000000016	0	2.6384032882997923	0	28.316022311316956
0	-10.500000000000009	0	2.8540966688738134	0	29.733166513424862
0	-10.93749999999997	0	3.1032872139681293	0	31.24941188542138
0	-11.250000000000012	0	3.300357162975559	0	32.60531639863843
0	-11.749999999999982	0	3.7196023420180566	0	34.64726136851991
0	-12.250000000000002	0	4.024064142282542	0	36.226462212788405
0	-12.562499999999996	0	4.507270415548243	0	38.37491814726902
0	-12.874999999999988	0	4.827337667136011	0	39.59394564819868
0	-13.499999999999975	0	5.299532803810621	0	41.91780157282327
0	-13.875000000000028	0	5.525439509049474	0	43.37390712531638
0	-14.562499999999972	0	5.866037309393688	0	45.059014012692934
0	-15.68750000000003	0	6.281195190796619	0	47.155438959637095
0	-16.500000000000043	0	6.665615495701516	0	48.9951047835157
0	-18.250000000000036	0	7.360376664295918	0	51.37793924573677
0	-19.687499999999986	0	8.01719584730223	0	53.932614085120335
0	-21.187499999999993	0	8.616981596746005	0	55.97285207810218
0	-22.187499999999982	0	9.051919210836855	0	58.138237709467134
0	-24.437500000000046	0	9.95503148054832	0	61.379597122158195
0	-26.250000000000046	0	10.7019444209678	0	63.219666794669
0	-27.437500000000007	0	11.304751712866642	0	64.99435137354764
0	-29.37499999999998	0	12.275611143101056	0	67.03864853777438
0	-30.625000000000004	0	12.927448206865137	0	68.7823590148965
0	-32.500000000000014	0	13.829420453206343	0	70.73024999790856
0	-34.37500000000002	0	14.95968221843367	0	72.92637476360719
0	-36.31249999999999	0	15.981095312174	0	74.81798479515307
0	-37.562500000000014	0	16.900586704423546	0	76.34378044358859
0	-40.6875	0	19.087041213323552	0	79.84940093698555
0	-41.93750000000002	0	20.017793436903474	0	81.2542110492573
0	-43.81250000000004	0	21.291948949072268	0	82.84511782922277
0	-45.68750000000005	0	22.629716743212676	0	84.34939178466598
0	-46.937500000000014	0	23.762273874908107	0	85.68136875270157
0	-48.25000000000006	0	24.87930167637225	0	86.93607744524208
0	-50.75	0	26.949986261726504	0	88.8041021648648
0	-52.00000000000002	0	28.228790478870597	0	90.04230854669545
0	-53.24999999999999	0	29.4592701742796	0	91.20526874889394
0	-55.74999999999999	0	31.501309075250997	0	92.91095879795968
0	-57.625	0	33.37603456846595	0	94.48976275072957
0	-59.500000000000014	0	35.14690386820809	0	95.6389624658981
0	-60.750000000000036	0	36.62988444984727	0	96.75642463848718
0	-62.625	0	38.492815092676636	0	97.74948189808359
0	-65.12500000000004	0	41.16371916162252	0	99.31705800144631
0	-67.68750000000006	0	43.813330490404766	0	100.81923571258815
0	-68.87500000000001	0	45.257490286211414	0	101.56921475897725
0	-71.625	0	48.03229077156244	0	102.88919090631151
0	-73.62499999999997	0	50.11875357500049	0	103.86114916581975
0	-76.12500000000003	0	51.96627100985902	0	104.67833931853232
0	-78.25000000000001	0	53.42577934618543	0	105.44561320410308
0	-80.49999999999999	0	54.88589073543233	0	106.12298217754245
0	-82.125	0	56.05723292331427	0	106.65390508673865
0	-85.56250000000004	0	58.06779953695695	0	107.20245102361316
0	-88.25	0	59.74864236281027	0	107.47035843388953
0	-90.99999999999999	0	61.40865126325187	0	107.74034918764318
0	-95.00000000000004	0	63.94212088183129	0	107.88258755579176
0	-97.9375	0	65.90991749263185	0	107.74826963838203
0	-101.125	0	67.76405586124821	0	107.46101245020337
0	-105.25000000000001	0	70.33694772848675	0	106.99500543895233
0	-108.4375	0	71.96834541065508	0	106.33106402638784
0	-110.56250000000001	0	73.28570566150161	0	105.88361369457677
0	-113.81250000000001	0	75.02459213627881	0	105.07715231569429
0	-117.06250000000001	0	76.62245106475834	0	104.3018719181023
0	-120.3125	0	78.09853267072765	0	103.30853295638781
0	-122.50000000000001	0	79.50996979339986	0	102.72090466285158
0	-128.00000000000003	0	82.02566960701978	0	100.92931375500403
0	-132.31250000000003	0	83.67434209954105	0	99.26332063893202
0	-136.375	0	84.98846028916837	0	97.73704801879055
0	-138.25000000000003	0	85.77484474138339	0	96.80603213536149
0	-141.75000000000003	0	86.52569612361827	0	95.33631365239748
0	-143.25000000000003	0	86.90288582101122	0	94.52184621016134
0	-146.62500000000003	0	87.1765397278134	0	92.86115743514968
0	-147.75	0	87.30217936767906	0	92.12412463028588
0	-149.4375	0	87.24414931507751	0	91.16367567006438
0	-151.125	0	87.12491725777765	0	89.92697385446594
0	-152.31250000000003	0	86.97311343721094	0	88.93673394514013
0	-153.125	0	86.86068616511493	0	88.18259676402832
0	-153.81250000000003	0	86.73368325515627	0	87.52990278803692
0	-154.87500000000003	0	86.57587782097582	0	86.43746500771582
0	-155.8125	0	86.3759314168468	0	85.58909760832599
0	-156.37500000000003	0	86.22503945076056	0	84.75440209566511
0	-157.24999999999997	0	85.94826588178896	0	83.9120371057714
0	-158.25	0	85.73732831375132	0	82.55196995292664
0	-159.3125	0	85.44567464403585	0	81.30873988334652
0	-160.0625	0	85.27976382680754	0	80.15650927546758
0	-160.87500000000003	0	84.98187872649774	0	79.04056906453697
0	-161.68750000000003	0	84.73094687922442	0	78.1067257720504
0	-162.375	0	84.36382759806766	0	76.95549540909943
0	-163.5	0	83.7071650688077	0	75.2525156891637
0	-164.25	0	83.34176037566067	0	74.33327962579992
0	-165.125	0	82.79973245371086	0	73.06985523152824
0	-165.68750000000003	0	82.15861892722225	0	72.13957399492001
0	-166.25	0	81.50209426064676	0	71.21787720395051
0	-166.87500000000003	0	80.88592075216994	0	70.33960089251369
0	-167.3125	0	80.18707017611582	0	69.70963278944421
0	-167.56250000000003	0	79.66102144819807	0	69.08977403734923
0	-167.87500000000003	0	78.9649086154709	0	68.53475205761515
0	-168.5	0	77.67045807310222	0	67.34412770423923
0	-168.8125	0	76.47418035694346	0	66.70342533265013
0	-169.12500000000003	0	75.36419973612523	0	66.17272332436418
0	-169.3125	0	74.36312937042254	0	65.73423917974262
0	-169.375	0	73.5120177347853	0	65.54446869846616
0	-169.375	0	72.14605904369549	0	65.28821954117937
0	-169.5	0	70.51020012694318	0	64.93420674535473
0	-169.43750000000006	0	69.68535073038653	0	64.79364529011245
0	-169.375	0	68.17569326362425	0	64.54990801472141
0	-169.375	0	67.37330421101498	0	64.41436568625514
0	-169.3125	0	66.47281959445523	0	64.2876447281787
0	-169.18750000000003	0	65.15123221657831	0	64.1948098327782
0	-169.0	0	64.13889768653476	0	64.11471042536242
0	-168.8125	0	63.21719977032897	0	64.05855363408612
0	-168.68749999999997	0	62.383670751355595	0	64.01410707267574
0	-168.43749999999997	0	60.94878950422047	0	64.03299007416902
0	-168.12500000000003	0	60.008796652960164	0	63.978977489822306
0	-167.81250000000003	0	58.92028663238125	0	64.00444834622107
0	-167.43750000000003	0	57.799603231877434	0	63.97618865815477
0	-166.87500000000003	0	55.887344271067434	0	63.96433397231972
0	-166.4375	0	54.47797023797941	0	63.89229216515486
0	-166.12500000000003	0	53.41343260912748	0	63.93529525171855
0	-165.5625	0	51.541814124190985	0	63.791083766141234
0	-165.125	0	50.085035641683	0	63.86218458218295
0	-164.375	0	47.483913678209895	0	64.02491560340566
0	-164.06250000000003	0	46.12105457206578	0	63.91017682316419
0	-163.68750000000003	0	44.846931404819834	0	63.86034201537757
0	-163.25000000000003	0	43.72728556589406	0	63.85688941641151
0	-162.9375	0	42.54695786678879	0	63.76874057712905
0	-162.4375	0	40.64997188682167	0	63.56717014749261
0	-162.00000000000003	0	39.212299100117015	0	63.36617901790578
0	-161.50000000000003	0	37.79840780757911	0	63.338688500567976
0	-161.125	0	36.574481349525	0	63.16620366842173
0	-160.68750000000003	0	35.452099663621304	0	63.08398659001783
0	-160.3125	0	34.00317245772841	0	62.922211772855576
0	-159.875	0	32.670730708381235	0	62.70351820636156
0	-159.5625	0	31.402622829557217	0	62.51652114431553
0	-159.0625	0	30.271883584511535	0	62.29196793592326
0	-158.6875	0	29.00979068260348	0	62.10274695401826
0	-158.18750000000003	0	27.80623588212748	0	61.911664180284475
0	-157.68750000000003	0	26.588703560946406	0	61.643962944806376
0	-157.12500000000003	0	24.910904536272415	0	61.23705460462464
0	-156.6875	0	23.2369533413737	0	60.92359285173976
0	-155.625	0	20.531758467304766	0	60.42947615200265
0	-155.25	0	19.425549792554538	0	60.23456085330905
0	-154.9375	0	18.299319532872765	0	59.98296541446724
0	-154.4375	0	17.0039907833984	0	59.77467944038011
0	-153.875	0	15.243941485776412	0	59.30027464660409
0	-153.25	0	13.429304685585596	0	58.85909473096561
0	-152.75000000000003	0	12.114454944057186	0	58.58268960704448
0	-152.25000000000003	0	10.639816144086721	0	57.99108939580194
0	-151.6875	0	8.32410037171906	0	57.288476968140756
0	-151.3125	0	7.1746497352820455	0	56.84297010512087
0	-151.125	0	5.411322280903571	0	55.953012829585425
0	-150.9375	0	3.656574454602117	0	54.97409264167411
0	-150.875	0	2.756905020833681	0	54.3360163307264
0	-150.875	0	1.8757051339231898	0	53.8450430321031
0	-150.8125	0	0.7986751108198362	0	53.155019194310306
0	-150.875	0	-0.12444006978273425	0	52.55624776872454
0	-150.8125	0	-0.8747939360541832	0	52.18786393928187
0	-150.75	0	-1.4336766110793302	0	51.85393310603543
0	-150.75	0	-1.8372494964680082	0	51.60260403878347
0	-150.6875	0	-2.118984967188669	0	51.42557739348076
0	-150.625	0	-2.3661363093682954	0	51.269714376833335
0	-150.56249999999997	0	-2.566522932099067	0	51.15467236532228
0	-150.50000000000003	0	-2.664451337753555	0	51.101538769166915
0	-150.50000000000003	0	-2.7111238812115057	0	51.079362656334226
0	-150.43750000000003	0	-2.696979232000757	0	51.12351909983004
0	-150.43750000000003	0	-2.658504608148796	0	51.16015638005095
0	-150.43750000000003	0	-2.627127500104495	0	51.19065157404675
0	-150.43750000000003	0	-2.6143183723311307	0	51.197917086452236
0	-150.43750000000003	0	-2.615226561381821	0	51.199518227423916
0	-150.43750000000003	0	-2.615226561381821	0	51.199518227423916
0	-150.43750000000003	0	-2.615226561381821	0	51.199518227423916
0	-150.43750000000003	0	-2.6143183723311307	0	51.197917086452236
0	-150.43750000000003	0	-2.6143183723311307	0	51.197917086452236
0	-150.43750000000003	0	-2.6143183723311307	0	51.197917086452236
0	-150.43750000000003	0	-2.6143183723311307	0	51.197917086452236
0	-150.43750000000003	0	-2.6143183723311307	0	51.197917086452236
0	-150.43750000000003	0	-2.608869238027017	0	51.18831024062222
0	-150.43750000000003	0	-2.5561733075575326	0	51.17375825028155
0	-150.56249999999997	0	-2.4772620030613877	0	51.076363037963645
0	-150.625	0	-2.395822031136175	0	51.00164410573781
0	-150.6875	0	-2.372918302242066	0	50.97423697256491
0	-150.625	0	-2.354836675540865	0	51.007807523762594
0	-150.56249999999997	0	-2.3585244537099803	0	51.06506550747528
0	-150.50000000000003	0	-2.3681877832691187	0	51.125318863810996
0	-150.50000000000003	0	-2.381784412321728	0	51.14935082430256
0	-150.50000000000003	0	-2.3863166220059404	0	51.15736147779976
0	-150.50000000000003	0	-2.3872230639427716	0	51.15896360849918
0	-150.50000000000003	0	-2.3863166220059404	0	51.15736147779976
0	-150.50000000000003	0	-2.3863166220059404	0	51.15736147779976
0	-150.50000000000003	0	-2.3863166220059404	0	51.15736147779976
0	-150.50000000000003	0	-2.3863166220059404	0	51.15736147779976
0	-150.50000000000003	0	-2.3863166220059404	0	51.15736147779976
0	-150.50000000000003	0	-2.3863166220059404	0	51.15736147779976
0	-150.50000000000003	0	-2.3863166220059404	0	51.15736147779976
0	-150.50000000000003	0	-2.3863166220059404	0	51.15736147779976
0	-150.50000000000003	0	-2.3863166220059404	0	51.15736147779976
0	-150.50000000000003	0	-2.3863166220059404	0	51.15736147779976
0	-150.50000000000003	0	-2.3863166220059404	0	51.15736147779976
0	-150.50000000000003	0	-2.3863166220059404	0	51.15736147779976
0	-150.50000000000003	0	-2.3863166220059404	0	51.15736147779976
0	-150.50000000000003	0	-2.3863166220059404	0	51.15736147779976
0	-150.50000000000003	0	-2.3863166220059404	0	51.15736147779976
0	-150.50000000000003	0	-2.3863166220059404	0	51.15736147779976
0	-150.50000000000003	0	-2.367091053612679	0	51.16823878104186
0	-150.56249999999997	0	-2.307785337489864	0	51.203664087981856
0	-150.56249999999997	0	-2.285674598262119	0	51.239392266598976
0	-150.56249999999997	0	-2.2522153782930734	0	51.26250176601764
0	-150.56249999999997	0	-2.2107405657199517	0	51.290134734158336
0	-150.625	0	-2.1341025208932294	0	51.30988153704255
0	-150.75	0	-2.0696966801173016	0	51.29711344429555
0	-150.8125	0	-2.0178371851190566	0	51.35333608656742
0	-150.75	0	-1.9335280191876585	0	51.453452208888514
0	-150.75	0	-1.8405687430656381	0	51.509731470226434
0	-150.75	0	-1.7575033368241342	0	51.58367750744744
0	-150.6875	0	-1.6060800083340547	0	51.72585098633775
0	-150.625	0	-1.4266712448313807	0	51.93472652941182
0	-150.50000000000003	0	-1.3004923157093795	0	52.1312105523448
0	-150.3125	0	-1.0726206233074347	0	52.53916190279881
0	-150.125	0	-0.9604774827667621	0	52.82482821893961
0	-149.93750000000003	0	-0.8231252574541692	0	53.17278309961439
0	-149.68750000000003	0	-0.5723357769469555	0	53.76780214673198
0	-149.5625	0	-0.3790213980428771	0	54.07599048152238
0	-149.50000000000003	0	-0.15764808062779226	0	54.326185203532866
0	-149.4375	0	0.07006717122380998	0	54.648935859593315
0	-149.12500000000003	0	0.44621774529026814	0	55.28424314996555
0	-149.0	0	0.7267947486161161	0	55.665750619190604
0	-148.75	0	1.0006040587436487	0	56.10167707211181
0	-148.62500000000003	0	1.2396764351165168	0	56.467697406354
0	-148.5	0	1.605147027816352	0	56.901390592157455
0	-148.43750000000003	0	1.994754805600765	0	57.218660315821005
0	-148.375	0	2.3354631484693296	0	57.629678407893316
0	-148.25	0	2.6681851826488816	0	58.18224611571349
0	-148.0625	0	2.9709361027133454	0	58.66861307557482
0	-147.93750000000003	0	3.284226434748677	0	59.106275180009234
0	-147.75	0	3.6113553417206177	0	59.578696393067005
0	-147.6875	0	4.022329325418238	0	60.10233482875657
0	-147.625	0	4.311483685668859	0	60.466725742570226
0	-147.5	0	4.598580706297485	0	60.84638120559867
0	-147.375	0	4.88048514251274	0	61.2369824441642
0	-147.1875	0	5.233870581015628	0	61.756614269358835
0	-147.0625	0	5.5338451879334665	0	62.13771073060611
0	-146.87500000000003	0	5.969246887384412	0	62.6838604567083
0	-146.68750000000003	0	6.287948842122818	0	63.15150903074924
0	-146.62500000000003	0	6.656100131233167	0	63.625642956730104
0	-146.43750000000003	0	7.179621956770601	0	64.27610267167563
0	-146.31250000000003	0	7.55385431758464	0	64.75818082825703
0	-146.12500000000003	0	7.944287755945243	0	65.22032328682302
0	-146.06250000000003	0	8.384350248398976	0	65.66970879930004
0	-146.0	0	8.811946845794003	0	66.05154648016452
0	-145.87500000000003	0	9.203972832096571	0	66.51767410002854
0	-145.62500000000003	0	9.902772276057338	0	67.36880633587148
0	-145.62500000000003	0	10.3562625012409	0	67.8730606612541
0	-145.5	0	10.791555475436068	0	68.48302904625871
0	-145.37500000000003	0	11.213697199639496	0	69.10144296146959
0	-145.06250000000003	0	11.651601756880702	0	69.832553979446
0	-144.9375	0	11.94874966243749	0	70.35627777026319
0	-144.6875	0	12.388699665203527	0	71.09041493281998
0	-144.5	0	12.751799571658937	0	71.65063067792457
0	-144.25	0	13.22975286755399	0	72.4603342510781
0	-143.87500000000003	0	13.609017210414205	0	73.06402585595079
0	-143.62500000000003	0	14.069244646671772	0	73.79692162300792
0	-143.25000000000003	0	14.4477735295481	0	74.58138739448843
0	-142.875	0	14.789939822976105	0	75.2431064884053
0	-142.43750000000003	0	15.19075386490348	0	76.04945261087796
0	-141.81250000000003	0	15.644961674639756	0	77.02190557553926
0	-141.37499999999997	0	16.0422100885611	0	77.72454611105731
0	-141.0	0	16.38897197712332	0	78.33087650429282
0	-140.375	0	16.914968922176445	0	79.41807096746903
0	-139.8125	0	17.221882539632762	0	80.09811280432825
0	-139.125	0	17.634879962332004	0	81.04162805088151
0	-138.8125	0	17.877344536443825	0	81.5775582585162
0	-138.50000000000003	0	18.064346593432866	0	82.10518778547927
0	-137.9375	0	18.323997986380924	0	82.83198073100117
0	-137.43750000000003	0	18.595253078675672	0	83.57983537289851
0	-136.8125	0	18.743644395550024	0	84.21823306513294
0	-136.375	0	18.919991125493432	0	84.81479897116783
0	-135.75	0	19.097568636186313	0	85.39562756634173
0	-134.56250000000003	0	19.356650544836576	0	86.51948724174233
0	-134.00000000000003	0	19.467862624109408	0	87.08946296221968
0	-133.31250000000003	0	19.559821453778785	0	87.67743559301357
0	-132.5	0	19.77797690257355	0	88.5200485398365
0	-131.81250000000003	0	19.854131436100268	0	89.14844397900102
0	-131.25	0	19.92130266133685	0	89.76561695351509
0	-130.6875	0	19.994068449290666	0	90.40262391774813
0	-129.9375	0	20.214634985935614	0	91.30210965510724
0	-129.43750000000003	0	20.437570815479603	0	92.06452210898043
0	-129.125	0	20.536368207498757	0	92.5196020554248
0	-128.8125	0	20.67461037061106	0	92.95979422751434
0	-128.5625	0	20.833423029171158	0	93.39019924009762
0	-128.25	0	21.053947677167994	0	93.94159245722417
0	-128.00000000000003	0	21.22312523137244	0	94.33840393180165
0	-127.56250000000003	0	21.35514830194588	0	94.81959190491565
0	-127.31249999999999	0	21.478293915311284	0	95.23411290559277
0	-127.00000000000004	0	21.626450955890217	0	95.69489003897232
0	-126.37500000000001	0	21.962902498235678	0	96.59459550393537
0	-126.0	0	22.234431641030756	0	97.21396804418418
0	-125.75000000000001	0	22.49600792354582	0	97.75468462860695
0	-125.43750000000001	0	22.80088907058931	0	98.49220996756647
0	-125.06250000000001	0	23.072389778491424	0	99.18806545066604
0	-124.9375	0	23.264712808502846	0	99.71455955629418
0	-124.625	0	23.680945297887618	0	100.50320873038908
0	-124.25	0	24.149410201153096	0	101.70288362364522
0	-124.12500000000004	0	24.629118090879906	0	102.6146648181718
0	-124.00000000000001	0	24.933277984104482	0	103.25372151849285
0	-123.8125	0	25.194741302529575	0	103.92270027938542
0	-123.5625	0	25.55617290626244	0	104.85135187818032
0	-123.25000000000003	0	25.981535909346537	0	105.83037605439212
0	-123.1875	0	26.26089144027474	0	106.3989692310081
0	-122.99999999999999	0	26.600064068553287	0	107.15520228796733
0	-122.25000000000003	0	27.214197347074425	0	108.79371346308137
0	-122.0	0	27.52563485796514	0	109.54671681680665
0	-121.6875	0	27.87907649547811	0	110.46747306863229
0	-121.3125	0	28.290000824661792	0	111.37831632330771
0	-120.87499999999999	0	28.730926502753153	0	112.34001306761233
0	-120.625	0	29.039740901280286	0	113.06508886832839
0	-120.06250000000003	0	29.47538725491808	0	114.27576670026602
0	-119.62500000000003	0	29.90490307472906	0	115.20056798873237
0	-119.1875	0	30.360722110394107	0	116.27518086280699
0	-118.87500000000001	0	30.683722380607183	0	117.14437569204205
0	-118.43750000000001	0	31.01470301965126	0	118.03584681530171
0	-118.0625	0	31.35924644529724	0	118.82081676004356
0	-117.75000000000001	0	31.704663754328763	0	119.63298603341781
0	-117.3125	0	32.05219677828706	0	120.61690931647935
0	-116.87499999999999	0	32.381166350878964	0	121.4595234366857
0	-116.50000000000004	0	32.76338324167066	0	122.4177207982682
0	-116.0	0	33.07349531214743	0	123.35832399376046
0	-115.5625	0	33.36780261204967	0	124.35973451333314
0	-114.93750000000001	0	33.98422838857606	0	125.85889890256063
0	-114.62500000000003	0	34.243121934689235	0	126.68598804371136
0	-114.31250000000003	0	34.51343428975045	0	127.50503813980224
0	-113.81250000000001	0	34.89385859007553	0	128.62048843419223
0	-113.3125	0	35.19117848681519	0	129.564337078068
0	-112.87500000000001	0	35.467544991690865	0	130.64798218853406
0	-112.56250000000004	0	35.71879580213791	0	131.49432875347074
0	-111.9375	0	36.176081597212814	0	133.12596667023786
0	-111.31250000000001	0	36.38096221765393	0	134.17640729138387
0	-110.93750000000001	0	36.5785101456861	0	134.99890375266227
0	-110.43749999999999	0	36.768137528056634	0	135.91675401771343
0	-110.06250000000003	0	37.04759833483475	0	136.81849106703413
0	-109.4375	0	37.058630591614275	0	137.79951820002466
0	-109.0625	0	37.21869875269455	0	138.62593796529725
0	-108.62499999999999	0	37.49007968222625	0	139.52636474687574
0	-108.0	0	37.45150073682174	0	140.4244709125354
0	-107.62499999999999	0	37.64250494923615	0	141.4721472064052
0	-107.06250000000003	0	37.8956806342555	0	142.3388444305214
0	-106.75000000000003	0	37.90980907628114	0	143.3014736977102
0	-106.125	0	38.06515497698991	0	144.32080177066442
0	-105.56250000000001	0	38.08780800853949	0	145.68264473221498
0	-105.0625	0	38.20071338027716	0	146.63046966759174
0	-104.56249999999997	0	38.3243581718482	0	147.95987723091173
0	-104.125	0	38.42320539263864	0	148.84682678958174
0	-103.62499999999999	0	38.553925625572106	0	149.96892736726005
0	-103.06250000000001	0	38.559942036793615	0	151.2380173516016
0	-102.43750000000003	0	38.628058535957635	0	152.81782954015574
0	-101.8125	0	38.731991863973164	0	154.34630768403397
0	-101.25000000000001	0	38.66406967184082	0	155.59598924259828
0	-100.68749999999999	0	38.84464792669937	0	156.946467552005
0	-100.4375	0	38.73301572880406	0	157.72530544589847
0	-100.25000000000003	0	38.79715220773478	0	158.48571921161007
0	-99.99999999999999	0	38.82203533077084	0	159.2765919237058
0	-99.75	0	38.79326142210342	0	159.82973052080487
0	-99.56250000000003	0	38.793942426009394	0	160.4789068825716
0	-99.24999999999999	0	38.76277332376194	0	161.31090392479058
0	-99.12500000000001	0	38.76282971570536	0	161.88172318919095
0	-99.12500000000001	0	38.77348029955098	0	162.18017622483353
0	-99.06250000000001	0	38.750396613174	0	162.63233429468698
0	-99.00000000000001	0	38.77346503291994	0	163.19070103622167
0	-99.00000000000001	0	38.69828415842428	0	163.46912082896566
0	-98.81250000000003	0	38.57989437007082	0	163.70539846680558
0	-98.56250000000003	0	38.384624249653434	0	163.94517169155304
0	-98.50000000000003	0	38.43763496418081	0	164.01436229350367
0	-98.62500000000004	0	38.57985320269775	0	163.9804694394211
0	-98.87500000000003	0	38.88307577032111	0	163.90247656678665
0	-99.18749999999997	0	39.17603750592937	0	163.80734982858885
0	-99.43750000000001	0	39.604916071622426	0	163.62264981605946
0	-99.50000000000003	0	39.938098138749844	0	163.43801019047666
0	-99.375	0	40.5634089099909	0	163.06864412870172
0	-99.31249999999999	0	41.24011539911424	0	162.7256718462406
0	-99.00000000000001	0	42.2221062195684	0	162.3526691331173
0	-98.68750000000001	0	43.19347525107767	0	161.89010780969343
0	-98.37500000000001	0	44.62838274566103	0	161.30392300357104
0	-98.06250000000001	0	45.769945970368155	0	160.95522187029724
0	-97.875	0	47.781263298323935	0	160.5063226048393
0	-97.81250000000003	0	50.6058315332562	0	159.96842263495796
0	-97.9375	0	52.32971214881713	0	159.74694130273832
0	-98.25	0	54.70126487686274	0	159.3841286299745
0	-98.93749999999999	0	58.422329168681934	0	158.8709972401185
0	-99.375	0	60.210028672658524	0	158.60871750990884
0	-100.5	0	63.22609348311776	0	158.12370507322163
0	-100.93749999999997	0	65.07654892423115	0	157.86754916649835
0	-101.74999999999999	0	66.7793307260444	0	157.55177145099293
0	-102.68750000000001	0	69.1050805592806	0	157.12589927209385
0	-103.49999999999997	0	71.12073164706386	0	156.6940448457077
0	-104.0625	0	72.4320449827467	0	156.14480619601696
0	-104.0625	0	73.69646149544378	0	155.29864282054962
0	-103.62499999999999	0	74.0236691955134	0	154.6367855931752
0	-103.00000000000001	0	74.49150929845142	0	154.30495636863128
0	-102.37500000000001	0	74.74425470506881	0	153.80591514486719
0	-101.74999999999999	0	74.95416291173626	0	153.33969108164996
0	-101.1875	0	74.9226602822348	0	152.968561109559
0	-100.5	0	74.81602290560187	0	152.53270178132067
0	-100.0625	0	74.62886895397357	0	152.22088488309333
0	-99.31249999999999	0	74.24324497624451	0	151.82389257878322
0	-98.75000000000001	0	73.88345565553843	0	151.59945950064068
0	-97.81250000000003	0	73.47867859805459	0	151.39834432058487
0	-97.06250000000004	0	73.01403864962285	0	151.02872048614313
0	-96.5	0	72.6494782026779	0	150.70120541246482
0	-95.62499999999997	0	72.12555973430855	0	150.33811526846267
0	-94.56249999999997	0	71.41700605725165	0	149.74366422368152
0	-93.68750000000001	0	70.65926485821849	0	149.20169901455216
0	-92.5625	0	69.92296208458933	0	148.60225481951122
0	-91.43749999999999	0	69.03729243509747	0	147.720544650687
0	-90.93750000000003	0	68.55353986618984	0	147.13444987204608
0	-90.06250000000001	0	67.94023090598742	0	146.6324230163359
0	-89.0	0	67.071990549396	0	145.7537991807514
0	-87.68749999999997	0	66.00536206216997	0	144.5700704539996
0	-87.12500000000001	0	65.50026464857659	0	143.92553402188403
0	-85.625	0	64.33223172267623	0	142.8357024335546
0	-85.06250000000001	0	63.86092129071993	0	142.11875408496547
0	-84.37500000000003	0	63.22123892798025	0	141.2948840127313
0	-82.93750000000001	0	62.174335290828026	0	139.97040141121863
0	-81.75	0	61.37031185115505	0	138.87104329785632
0	-81.0	0	60.884087066409464	0	138.13102514769892
0	-79.875	0	60.115402807980345	0	137.35746820544944
0	-78.74999999999999	0	59.244677728355576	0	135.67882794866455
0	-77.25000000000003	0	58.355614564265885	0	134.24570621730837
0	-76.06250000000001	0	57.59384133749965	0	133.08953747571275
0	-74.56250000000001	0	56.7304691892323	0	131.6389366539473
0	-73.12500000000001	0	55.81268005248832	0	129.97971629114244
0	-72.43750000000001	0	55.36557120017569	0	128.94795487150841
0	-71.31250000000001	0	54.611603097866976	0	127.38054031661295
0	-69.56250000000001	0	53.664840545837414	0	125.50091615411397
0	-68.87500000000001	0	53.27949530749845	0	124.34445024460783
0	-67.18749999999999	0	52.26949636060614	0	122.24788817876326
0	-66.1875	0	51.75506434643705	0	121.2210621443504
0	-65.5625	0	51.45406938352395	0	120.26090635792823
0	-64.31250000000003	0	50.80292135551139	0	118.60881647720207
0	-63.31250000000004	0	50.40173762031899	0	117.06318952884695
0	-62.37500000000001	0	49.97822098984839	0	116.13014510667766
0	-61.68750000000002	0	49.66321124753524	0	115.06655928228938
0	-60.25000000000002	0	49.15591285755504	0	113.5544340240405
0	-59.25000000000003	0	48.81159231106995	0	112.09962303108861
0	-58.49999999999997	0	48.60980393317631	0	111.10509854085326
0	-57.37500000000002	0	48.34471841448936	0	109.78494145773668
0	-56.250000000000014	0	47.962080801075764	0	108.49916111987673
0	-54.75000000000001	0	47.560534104704935	0	107.11240456674527
0	-53.56250000000004	0	47.40740639340993	0	105.73930384403245
0	-51.62500000000002	0	47.11253292347498	0	103.76481700853684
0	-50.81250000000001	0	47.059696617350404	0	102.8891309276202
0	-48.81249999999998	0	46.819752097061155	0	100.96776157783272
0	-47.56250000000001	0	46.73303197604145	0	99.66864286871842
0	-46.24999999999997	0	46.55635037705488	0	98.77742803069897
0	-44.49999999999998	0	46.362240894484074	0	97.2910026086188
0	-43.687500000000014	0	46.46991522013748	0	96.41469136755353
0	-42.375000000000036	0	46.32155814714766	0	95.47086409644783
0	-41.18750000000003	0	46.374687817323135	0	94.4409200859526
0	-39.75000000000002	0	46.28487698529859	0	93.42593304606177
0	-39.124999999999986	0	46.41049358295925	0	92.71232544834463
0	-38.56250000000001	0	46.48205164289173	0	92.145310623026
0	-37.4375	0	46.43415670006805	0	91.18510207926013
0	-36.68749999999999	0	46.449723341334376	0	90.57024913185832
0	-35.625	0	46.26016200987156	0	89.77312437018166
0	-34.812499999999986	0	46.10510294363653	0	89.30056944678898
0	-34.00000000000002	0	45.906643725879846	0	88.9107155667905
0	-33.68749999999998	0	45.861557352418586	0	88.78067677841904
0	-33.43749999999999	0	45.80488738120251	0	88.72259429119462
0	-33.43749999999999	0	45.83821358645449	0	88.80647051734738
0	-33.50000000000001	0	45.86317071505623	0	88.87620634890467
0	-33.56250000000001	0	45.89095069453507	0	88.89328416247974
0	-33.43749999999999	0	45.82038823191079	0	88.80058207374857
0	-33.43749999999999	0	45.77109625193538	0	88.63239560443186
0	-33.125	0	45.531604753202465	0	88.13948336697472
0	-32.312500000000036	0	45.03958054633774	0	87.50803840216595
0	-31.3125	0	44.27893968389285	0	86.38982724720445
0	-29.562500000000007	0	42.98694921168832	0	84.59193298112703
0	-28.062499999999996	0	42.07662752815288	0	83.33200796034177
0	-26.500000000000032	0	41.091836692264266	0	81.65241649797149
0	-25.437500000000032	0	40.40913322224846	0	80.35312799625166
0	-23.812500000000007	0	39.48542357482785	0	78.91481245431417
0	-22.187499999999982	0	38.42857738192657	0	77.0416476511794
0	-21.125000000000032	0	37.697418627015715	0	75.47583286706852
0	-18.93749999999998	0	36.3864104956923	0	73.36505560087042
0	-17.874999999999982	0	35.638770034620244	0	71.64000691338052
0	-15.875000000000005	0	34.488835047065564	0	69.1255772155206
0	-14.312499999999988	0	33.78035099626461	0	67.09101470210862
0	-13.312499999999998	0	33.289878406689176	0	65.49963987282243
0	-11.749999999999982	0	32.60648571803342	0	63.65016448458663
0	-10.250000000000025	0	31.938858256015234	0	61.37270794116821
0	-8.687500000000007	0	31.329680672118048	0	59.32220816402441
0	-7.124999999999989	0	30.809835731786663	0	57.325804590098095
0	-4.937500000000036	0	30.138462742371843	0	54.33010522439434
0	-3.31250000000001	0	29.691019365189653	0	51.638982258547856
0	-1.687500000000035	0	29.221280767426943	0	49.586355530394094
0	-0.12500000000001768	0	28.759521691833577	0	47.81024664474963
0	2.3749999999999796	0	28.011269957377817	0	44.79316816066311
0	3.3749999999999796	0	27.785984157640126	0	43.39187367454012
0	5.37499999999998	0	27.39675945123048	0	41.13390828185515
0	7.93749999999998	0	26.983207835187024	0	38.464201604943185
0	9.68749999999998	0	26.76591511280086	0	36.84636336621203
0	11.31249999999998	0	26.685052248485434	0	35.13040005768179
0	12.37499999999998	0	26.650070138763635	0	33.926361871099736
0	13.99999999999998	0	26.522345371989243	0	32.48546233465337
0	15.062499999999979	0	26.507561286834918	0	31.33229895448186
0	16.56249999999998	0	26.496575464287027	0	29.67245622402744
0	18.18749999999998	0	26.446344850588115	0	28.15301989444539
0	19.18749999999998	0	26.51751215106989	0	27.121683047650215
0	20.312499999999975	0	26.56332565023601	0	26.004340940673142
0	21.93749999999998	0	26.608919389905964	0	24.6161444210663
0	23.62499999999998	0	26.69054816613118	0	23.09944949336169
0	24.74999999999998	0	26.82987650180395	0	22.038905796430736
0	25.874999999999975	0	26.925502470906206	0	21.06449927959256
0	27.62499999999998	0	27.07956226139347	0	19.5585545644022
0	29.99999999999998	0	27.35017641983096	0	17.620240747720832
0	31.249999999999975	0	27.682855374045086	0	16.54115835496857
0	33.87499999999998	0	28.08641244442035	0	14.64154967183913
0	37.18749999999998	0	28.937592654087997	0	12.108678544645716
0	39.87499999999997	0	29.577978860407327	0	10.271892193470677
0	42.62499999999998	0	30.43346759589356	0	8.406521895095766
0	44.12499999999998	0	31.015617012168327	0	7.422396119393013
0	45.62499999999998	0	31.621546149771795	0	6.586079099243008
0	48.81249999999998	0	32.47750175030624	0	4.875756738668402
0	51.12499999999998	0	33.21300076547504	0	3.710318277199012
0	53.43749999999997	0	33.78101682573135	0	2.7090497354974064
0	55.43749999999998	0	34.390672474218	0	1.9355575963641567
0	58.49999999999997	0	35.02645543950605	0	0.9426669124276379
0	59.562499999999964	0	35.27208018360182	0	0.7352056231571636
0	61.874999999999986	0	35.779698921475756	0	0.23020977594526493
0	64.12499999999997	0	36.18248890496305	0	-0.1405843932553783
0	65.18749999999999	0	36.25854058893101	0	-0.26214776762845354
0	66.49999999999999	0	36.21860864314084	0	-0.23664700329240862
0	67.93749999999997	0	36.13031602811949	0	-0.276842304065135
0	68.81249999999997	0	35.948669346788236	0	-0.17547894360664104
0	69.56249999999999	0	35.72154602432799	0	-0.06769208423633243
0	70.24999999999999	0	35.57014251270007	0	-0.047262695901378854
0	70.74999999999997	0	35.471603000036296	0	-0.014542420258095524
0	71.12499999999999	0	35.434611016480424	0	0.03403954043923912
0	72.06249999999999	0	35.44475783537414	0	0.08861578397797343
0	72.93749999999999	0	35.567069540592435	0	0.1796270427812719
0	73.68749999999997	0	35.74429776312312	0	0.3666448650550652
0	74.87499999999999	0	35.83325166003676	0	0.6082951533722949
0	75.99999999999997	0	35.74672883754383	0	0.7529385764903049
0	76.68749999999997	0	35.433207664073336	0	1.123719135820104
0	77.31249999999999	0	35.00057472242162	0	1.4665609606890109
0	78.12499999999997	0	34.370108988761125	0	1.9202032538394191
0	78.99999999999997	0	33.67263843586747	0	2.2369742133151314
0	79.81249999999997	0	32.676091095142944	0	2.6009306143502773
0	80.87499999999999	0	30.770154250338283	0	3.3866918796173353
0	81.68749999999997	0	27.987962479808967	0	4.174412684624322
0	81.62499999999997	0	25.414289005636	0	4.589393610992578
0	81.43749999999997	0	23.901668119741778	0	4.869225157035709
0	81.06249999999999	0	22.171914625331393	0	5.130911639084092
0	80.43749999999999	0	20.31664380032523	0	5.448132301418262
0	79.87499999999997	0	18.347569622976728	0	5.745717228334435
0	78.87499999999999	0	16.507881575631497	0	6.193444110847515
0	78.24999999999999	0	14.597645254396152	0	6.487245107518128
0	77.49999999999999	0	12.775262536903504	0	6.767954931639289
0	75.99999999999997	0	9.928875325292822	0	7.241752533040593
0	74.74999999999999	0	7.399742365310031	0	7.707749579315508
0	73.68749999999997	0	5.571329973978898	0	8.083056354810967
0	70.81249999999997	0	2.677479111668495	0	8.786048072987176
0	69.31249999999999	0	0.5885537734836239	0	9.185083463993479
0	67.81249999999999	0	-1.3539695209168174	0	9.71227661140505
0	65.56249999999999	0	-3.5503992001925653	0	10.453039140634896
0	63.31249999999998	0	-5.748744287379145	0	11.316576846855547
0	61.81249999999997	0	-7.369193770185488	0	12.004637488003135
0	60.31249999999997	0	-8.867979710001702	0	12.652195087784369
0	57.37499999999997	0	-11.714386309160071	0	13.909794351845166
0	55.12499999999998	0	-14.059053852256216	0	15.076283260714806
0	52.999999999999986	0	-15.652212109179311	0	16.184787148950317
0	51.56249999999998	0	-17.047695324297088	0	17.0606021332111
0	50.06249999999998	0	-18.369854905870028	0	17.98924338576243
0	47.93749999999998	0	-20.021427414909176	0	19.248535880145557
0	45.81249999999998	0	-21.508664335346015	0	20.456293848776355
0	44.37499999999998	0	-23.08073529779446	0	21.569195263610318
0	42.87499999999998	0	-24.415119472522058	0	22.662546521775305
0	39.99999999999997	0	-26.728407826031038	0	24.763016842612956
0	37.81249999999998	0	-28.044960016897832	0	26.428382382223017
0	36.43749999999998	0	-29.211571212999182	0	27.625447939118573
0	35.12499999999998	0	-30.307203158190365	0	28.89063078831641
0	33.124999999999986	0	-31.617273933272376	0	30.564717597464192
0	31.312499999999982	0	-32.57741294461067	0	32.169974898822396
0	30.06249999999998	0	-33.60643688094504	0	33.54089100857457
0	28.87499999999998	0	-34.496909091581095	0	34.89896538518185
0	26.37499999999998	0	-35.819615561352364	0	37.266188730727094
0	25.12499999999998	0	-36.76189969242299	0	38.878821166960094
0	22.562499999999975	0	-37.846582513776	0	41.13825499348826
0	20.24999999999998	0	-39.20897239167744	0	43.65271873119553
0	18.56249999999998	0	-40.12684957895278	0	45.577555688400906
0	17.18749999999998	0	-40.63561678916806	0	47.10735281628533
0	15.87499999999998	0	-41.32852677741138	0	49.16150077669138
0	15.31249999999998	0	-41.784868778406505	0	50.892558488782676
0	15.31249999999998	0	-41.9830983607967	0	51.83262670386698
0	15.562499999999977	0	-42.24370710785395	0	53.148602453063106
0	15.93749999999998	0	-42.49645820574667	0	54.143697008012424
0	16.24999999999998	0	-42.679832525873486	0	55.138280669597165
0	16.81249999999998	0	-42.82346711060567	0	55.97415014748895
0	17.18749999999998	0	-43.04152944411987	0	56.94816655874031
0	17.74999999999998	0	-43.29505490572065	0	58.187494702633785
0	18.12499999999998	0	-43.491343977322344	0	59.05588056745024
0	18.56249999999998	0	-43.7285382481821	0	60.07609131152871
0	19.37499999999998	0	-44.26933795918554	0	61.58291657297488
0	19.749999999999975	0	-44.54256345937024	0	62.67103435942386
0	20.56249999999998	0	-44.928620454618546	0	64.60551330272334
0	20.937499999999982	0	-45.237847045297805	0	65.4204569306576
0	21.93749999999998	0	-45.772352928703974	0	67.5807581782686
0	22.562499999999975	0	-46.16562828312011	0	69.02013959354558
0	23.06249999999998	0	-46.58964440594492	0	70.08665477458027
0	23.687499999999982	0	-47.267364387731746	0	71.74323511111716
0	23.99999999999998	0	-47.92413772338535	0	73.21912279728198
0	23.87499999999998	0	-49.217049606511935	0	75.91226081453998
0	23.37499999999998	0	-50.03847664853297	0	77.73790696683305
0	22.874999999999975	0	-50.528776977462506	0	78.99047794214164
0	22.312499999999982	0	-51.113367769328235	0	80.47469369024601
0	21.37499999999998	0	-51.894554315586305	0	82.32661539209171
0	20.68749999999998	0	-52.54289304583063	0	83.98162730949483
0	19.56249999999998	0	-53.25173746493488	0	85.79564604634164
0	18.81249999999998	0	-54.00361838534443	0	87.4016345214265
0	17.62499999999998	0	-54.778815521452124	0	89.48924821900158
0	16.437499999999975	0	-55.33405534395959	0	91.2111885831556
0	14.624999999999977	0	-56.42895762285885	0	94.46097207709109
0	12.687499999999977	0	-57.3643617348138	0	97.58449751078467
0	11.687499999999979	0	-57.73643570191156	0	99.00888235311324
0	10.624999999999977	0	-58.098623083478145	0	100.6277337615142
0	9.624999999999979	0	-58.45604693928433	0	102.18895123785144
0	7.999999999999978	0	-58.712894509640506	0	104.23872266463326
0	5.874999999999979	0	-59.42615454010288	0	107.43265800919733
0	4.749999999999978	0	-59.82968520688297	0	109.20483391311794
0	3.0624999999999782	0	-59.99614832289231	0	111.3029710775094
0	1.3124999999999782	0	-60.32189642420763	0	113.60579076104092
0	-0.5625000000000322	0	-60.67996692218572	0	116.28427609842304
0	-2.437500000000043	0	-60.64064482938706	0	118.29249036845611
0	-4.3750000000000115	0	-60.63574928787522	0	120.5527168491928
0	-5.624999999999984	0	-60.778349040052895	0	122.67613179827492
0	-7.5625000000000036	0	-60.72539195833553	0	124.87063805385995
0	-8.875000000000037	0	-60.67256759095879	0	126.68546801610869
0	-10.812500000000004	0	-60.486120881098	0	129.03997140087506
0	-13.312500000000002	0	-60.072282592706806	0	131.93253584782056
0	-15.187500000000012	0	-59.55675106619205	0	134.12456919448454
0	-17.062500000000025	0	-59.16266922286353	0	136.59217677274063
0	-19.374999999999993	0	-58.54738466431882	0	139.21878482715147
0	-20.749999999999982	0	-57.95490471097822	0	140.7769238389043
0	-21.562499999999996	0	-57.47555242183866	0	142.09701789706773
0	-22.750000000000014	0	-56.45423626052436	0	144.58729775057347
0	-23.0	0	-56.00554234406303	0	145.63722699358624
0	-23.24999999999998	0	-55.39643645160317	0	146.8426172833651
0	-23.31249999999999	0	-54.71186927031634	0	148.30764182455147
0	-23.187500000000025	0	-54.248666379009656	0	149.2463673943954
0	-23.125000000000018	0	-53.713890766505045	0	150.26483941846445
0	-22.81250000000002	0	-53.07270722536521	0	151.4680928730911
0	-22.49999999999998	0	-52.50741580387572	0	152.4843831164391
0	-22.062500000000018	0	-51.901622356036164	0	153.79484155569259
0	-21.750000000000025	0	-51.503251350806664	0	154.6339751692196
0	-21.250000000000004	0	-51.134422974308826	0	155.64658775838697
0	-20.812499999999996	0	-50.64715394556584	0	156.74416705548614
0	-20.5	0	-50.30618010465434	0	157.58279032115752
0	-20.06250000000004	0	-49.74423469563785	0	158.84222796315862
0	-19.749999999999996	0	-49.42100711018481	0	159.69352955878765
0	-19.25000000000003	0	-49.12822624435429	0	160.53953458905048
0	-18.874999999999975	0	-48.66189293566769	0	161.58916281724433
0	-18.375000000000007	0	-48.189146952545904	0	162.90490856087683
0	-17.937499999999993	0	-47.73821937561616	0	164.0308987596354
0	-17.437500000000025	0	-47.21137118876666	0	165.57543033045943
0	-17.312500000000007	0	-46.887125973979074	0	166.49597463407935
0	-17.18749999999999	0	-46.415203623825256	0	168.07806174642567
0	-17.18749999999999	0	-45.89927100571568	0	169.65261830146093
0	-17.312500000000007	0	-45.607176898840066	0	170.56061821846103
0	-17.500000000000032	0	-45.24977382524615	0	171.69904171749417
0	-17.68750000000001	0	-44.90484715599072	0	172.67916175334608
0	-17.874999999999986	0	-44.589002423326356	0	173.5679876252768
0	-18.18750000000003	0	-44.27968988826212	0	174.61599859133275
0	-18.437500000000014	0	-43.9286857121743	0	175.84418554097198
0	-18.812500000000014	0	-43.60636526645962	0	176.7619385112368
0	-19.12500000000001	0	-43.34880371929952	0	177.6279615809744
0	-19.437500000000004	0	-43.151343095625386	0	178.51348967532203
0	-19.875000000000014	0	-42.855801890703475	0	179.39797673862503
0	-20.5	0	-42.479168670023455	0	180.56125261776828
0	-20.87500000000005	0	-42.240792024768915	0	181.44239315343148
0	-21.562499999999996	0	-41.84161148537514	0	182.5051544850122
0	-22.000000000000007	0	-41.52372295374913	0	183.41794633710919
0	-22.750000000000014	0	-41.172258140223136	0	184.4396389186029
0	-23.24999999999998	0	-40.83957250216344	0	185.42367547052018
0	-23.999999999999986	0	-40.39257073503731	0	186.42696522394576
0	-24.875000000000007	0	-39.92745168463334	0	187.50326453355177
0	-26.125000000000032	0	-39.289735376397196	0	189.1189297988525
0	-27.18750000000003	0	-38.78097447412146	0	190.38845184434012
0	-28.250000000000025	0	-38.2868266414805	0	191.27827461741688
0	-29.00000000000003	0	-37.82100181219944	0	192.15806070671147
0	-30.437499999999975	0	-36.95689770341246	0	193.4835081835053
0	-31.125000000000025	0	-36.51603566067757	0	194.33905474462208
0	-32.312500000000036	0	-35.90818981843507	0	195.34607626049112
0	-33.25000000000002	0	-35.35425040953464	0	196.51871024887404
0	-35.25	0	-34.317044745497476	0	198.24422860516626
0	-36.75	0	-33.40664638795161	0	199.38321022510067
0	-38.250000000000014	0	-32.36256135914329	0	200.71545823212622
0	-39.18749999999999	0	-31.60920525172838	0	201.72753874945025
0	-40.62499999999999	0	-30.540950548077962	0	203.0679479806938
0	-42.06250000000004	0	-29.387007858066756	0	204.42795399073677
0	-48.06249999999997	0	-25.095790897353034	0	210.16716470174768
0	-49.562499999999986	0	-23.618091591511885	0	211.92700033751342
0	-51.125	0	-22.38616329689543	0	212.88774237118452
0	-52.1875	0	-21.3724403511684	0	213.90156902888046
0	-53.750000000000014	0	-19.972851829057443	0	215.01680482462783
0	-55.875000000000014	0	-18.0462104357906	0	216.54394802199948
0	-57.499999999999986	0	-16.502830486977558	0	217.57232609530107
0	-58.62499999999999	0	-15.336413839254192	0	218.50117997791946
0	-60.8125	0	-13.193911567747117	0	219.99344511903428
0	-62.00000000000001	0	-11.888188208620614	0	220.86928171596796
0	-63.68749999999999	0	-10.358379867291797	0	221.6102824258373
0	-65.43749999999999	0	-8.399911838110683	0	222.78869616431317
0	-67.24999999999999	0	-6.4803296182014964	0	223.75086997657556
0	-68.50000000000001	0	-5.056775601881821	0	224.3894487655868
0	-69.68750000000003	0	-3.5716212608962925	0	224.9940787358423
0	-71.50000000000003	0	-1.889864878626869	0	225.5846908310532
0	-72.75	0	-0.11914614729257855	0	226.40288624710303
0	-74.56250000000001	0	1.565423195157355	0	226.96367771804051
0	-75.75000000000003	0	3.3500208481475564	0	227.6133383763616
0	-77.62500000000003	0	5.143187207850683	0	228.0391282809921
0	-80.12500000000003	0	7.86248341897166	0	228.76660684624792
0	-81.375	0	9.800129051689295	0	229.2420422796061
0	-83.25000000000001	0	11.72794840466343	0	229.46027150777118
0	-85.06250000000001	0	13.748946791711667	0	229.6550244671931
0	-86.31250000000003	0	15.41847203742127	0	229.98469361223542
0	-88.12500000000004	0	17.441026240383845	0	230.2533354153217
0	-90.0	0	19.51705876791087	0	230.3057526904602
0	-93.06249999999999	0	23.004171625273962	0	230.50772887193222
0	-94.25000000000003	0	24.782692455919715	0	230.55596400618955
0	-96.68750000000004	0	27.50175193714522	0	230.26480407879527
0	-98.50000000000003	0	29.43565787997967	0	230.04092769473914
0	-99.68749999999999	0	31.40544013046472	0	229.97887180091848
0	-101.5	0	33.31777760721315	0	229.72926883696377
0	-103.31249999999999	0	35.4201855614799	0	229.34248370416884
0	-105.25000000000001	0	37.449631607250936	0	228.85940113886494
0	-107.06250000000003	0	39.51303904192962	0	228.40613557558848
0	-108.31250000000004	0	41.266105352364335	0	227.9466783230682
0	-110.74999999999997	0	43.916789937520605	0	227.12654545190543
0	-112.62500000000004	0	45.87697228313525	0	226.4380466761589
0	-113.87500000000001	0	47.67329638273906	0	225.92332270042604
0	-116.3125	0	50.08301656880165	0	224.9460546861113
0	-118.12500000000001	0	52.16750317963447	0	224.0829856136336
0	-119.31250000000003	0	53.524651202226714	0	223.46318534240115
0	-120.9375	0	55.3277109886374	0	222.54296443956233
0	-123.37500000000004	0	57.473103762672004	0	221.19909038949172
0	-124.18750000000006	0	58.56135727083516	0	220.59088955655864
0	-125.75000000000001	0	59.939208993029105	0	219.70224131793412
0	-126.37500000000001	0	60.8910818954503	0	219.22655685906807
0	-127.31249999999999	0	61.71684571045821	0	218.67678932700971
0	-127.875	0	62.3942144305355	0	218.28964871331178
0	-128.5625	0	62.985607440549465	0	217.90726435726668
0	-128.9375	0	63.50952402084344	0	217.6172004292466
0	-129.43750000000003	0	63.94513979060995	0	217.31646376015956
0	-129.81250000000003	0	64.42765489625478	0	217.04601888177132
0	-130.18749999999997	0	64.78838992166102	0	216.79009206553985
0	-130.43750000000003	0	64.97824251621627	0	216.62891656419384
0	-130.50000000000003	0	65.06030214683963	0	216.56039294674403
0	-130.56250000000003	0	65.31222099536477	0	216.34212573816953
0	-130.6875	0	65.59230826879788	0	216.02371535546757
0	-130.43750000000003	0	65.74578201711697	0	215.91234567486285
0	-130.18749999999997	0	65.97793388625963	0	215.78296898841091
0	-129.56250000000003	0	66.2126000084377	0	215.72819667410997
0	-128.68750000000003	0	66.46751066893506	0	215.80525916517837
0	-128.0625	0	66.79027233577398	0	215.75697763580175
0	-127.37499999999999	0	67.07762681645413	0	215.8597597261531
0	-126.75000000000001	0	67.41242553525862	0	215.95974446747357
0	-126.31249999999999	0	67.65512350113949	0	216.03984494962444
0	-125.49999999999997	0	68.3749005459847	0	216.11406998929368
0	-124.5625	0	69.20446597688745	0	216.22249242730953
0	-124.00000000000001	0	70.01932433902526	0	216.17881218695663
0	-123.43749999999999	0	70.67942713459908	0	216.2388371435905
0	-123.1875	0	71.08977953892321	0	216.23501853280794
0	-122.81250000000001	0	71.52552464856993	0	216.2703803979878
0	-122.62500000000003	0	72.01930820251593	0	216.18553566760008
0	-122.50000000000001	0	72.39726479411975	0	216.04958973626
0	-122.43750000000001	0	72.62159418327231	0	215.92922452818772
0	-122.62500000000003	0	72.82567356659797	0	215.73855032627347
0	-122.81250000000001	0	72.86526872521036	0	215.57501200150247
0	-122.74999999999999	0	72.71173364811295	0	215.46927225004143
0	-122.50000000000001	0	72.52147982743992	0	215.41488385452632
0	-122.37500000000004	0	72.41457839939173	0	215.3499126781744
0	-122.18749999999997	0	72.31795695196534	0	215.30775135305632
0	-122.06250000000001	0	72.2081065061213	0	215.15716684646543
0	-122.0	0	72.08536085654335	0	214.9679374250207
0	-122.0	0	71.99913187072103	0	214.8091000423966
0	-121.93749999999997	0	71.81157933796942	0	214.45628475736694
0	-122.0	0	71.67887274927944	0	214.08038931933214
0	-122.0	0	71.53450746413257	0	213.81461963670262
0	-122.12500000000001	0	71.38202232679188	0	213.2874103465983
0	-122.43750000000001	0	71.30082859504063	0	212.54411758599645
0	-122.93749999999997	0	71.22281824016248	0	211.78193692110332
0	-123.37500000000004	0	71.2451882269074	0	210.78700918133362
0	-124.00000000000001	0	71.25374529442237	0	209.96790993839005
0	-124.5625	0	71.25807972051577	0	209.19019894261322
0	-125.5625	0	71.42793622695977	0	207.73807519967485
0	-126.31249999999999	0	71.49331637451668	0	206.66212293862768
0	-126.81250000000001	0	71.57639513721097	0	205.7945375556935
0	-127.5	0	71.39023935831165	0	204.66072827325726
0	-128.31249999999997	0	71.4229089333141	0	203.25675136093977
0	-128.8125	0	71.06511210284472	0	202.11132287890268
0	-129.06249999999997	0	70.97351920519748	0	201.1534385605483
0	-129.68750000000003	0	70.55642322673168	0	199.7063266152412
0	-130.12499999999997	0	70.40613288422863	0	198.36414113564277
0	-130.37500000000003	0	69.93487777292603	0	197.35728351167953
0	-130.81250000000003	0	69.53470340887253	0	195.52379705376043
0	-131.06250000000003	0	68.89331477204287	0	194.22912153967644
0	-131.25	0	68.66268454979289	0	193.2396592958915
0	-131.75	0	67.59276265527836	0	191.12991933249964
0	-131.9375	0	67.18430277329581	0	190.00262656080662
0	-132.1875	0	66.57180205285142	0	188.95599630894662
0	-132.5625	0	65.91938037341713	0	187.24566201317512
0	-132.81250000000003	0	65.39883713807514	0	186.02209352146923
0	-133.0	0	64.93654210584691	0	184.94545045977912
0	-133.25	0	64.32483901794072	0	183.85919074967356
0	-133.37500000000003	0	64.00123507672316	0	182.66931407089766
0	-133.6875	0	63.24687307750029	0	181.6147687946019
0	-133.8125	0	62.821025519746016	0	180.56426941540687
0	-134.00000000000003	0	62.41572370933065	0	179.56101218854718
0	-134.25	0	61.65711449790766	0	178.70499712354282
0	-134.68749999999997	0	60.911056091904264	0	176.6957301899077
0	-135.0	0	60.20999909605928	0	175.65010030109417
0	-135.18750000000003	0	59.816639489154014	0	174.5970769717192
0	-135.5	0	58.814766887008844	0	172.79609047941642
0	-135.8125	0	58.372834878047584	0	171.80083717596725
0	-136.0625	0	57.48576769912981	0	170.52354526132785
0	-136.0625	0	56.330755605426624	0	169.03482075461054
0	-136.0	0	55.665234998034805	0	168.11083727848026
0	-135.875	0	54.83332256972365	0	167.1248282056525
0	-135.5	0	53.49292206440175	0	165.60747987283747
0	-135.25	0	52.3481755074122	0	164.42938598001902
0	-135.0	0	51.63188243827086	0	163.73208628353518
0	-134.8125	0	50.95754388456573	0	162.92592399066697
0	-134.5	0	50.05691381771233	0	162.0419221755313
0	-134.12500000000003	0	48.93003495415342	0	160.9870115650132
0	-133.8125	0	48.23569502421504	0	160.25362636642518
0	-133.43749999999997	0	46.90370030006327	0	158.96322844274286
0	-133.0625	0	46.24016865909738	0	158.27060456130903
0	-132.75	0	45.02288346077557	0	156.9628921045834
0	-132.37500000000006	0	44.14904778649866	0	156.03087345587602
0	-132.0	0	43.25811151798319	0	155.1196323913949
0	-131.56250000000003	0	42.378718988113455	0	154.10153772691376
0	-131.1875	0	41.562167875293625	0	153.3205638274519
0	-130.93750000000003	0	40.6542263247364	0	152.1060711590561
0	-130.56250000000003	0	40.030909387545194	0	151.43573909250827
0	-130.31250000000006	0	39.34346372912759	0	150.47269269621194
0	-129.87499999999997	0	38.562248611313564	0	149.64525210162785
0	-129.25	0	37.58225703407713	0	148.38105720227728
0	-129.00000000000003	0	36.94751995025573	0	147.63026285653942
0	-128.68750000000003	0	36.2062863642761	0	146.60855298109422
0	-128.25	0	35.5557551979982	0	145.8384135659914
0	-127.62500000000003	0	34.14644397350112	0	144.06653091240543
0	-127.18750000000003	0	33.303607313999684	0	142.63747026231238
0	-127.00000000000004	0	32.648238886445846	0	141.90914427694108
0	-126.62499999999999	0	31.82036776151456	0	140.3895407314799
0	-126.37500000000001	0	30.986091891333636	0	139.06851575599626
0	-126.24999999999999	0	30.40988719355586	0	137.9811698448519
0	-126.24999999999999	0	29.733887251666097	0	136.48642091587143
0	-126.31249999999999	0	29.034556359911846	0	134.8849422642135
0	-126.49999999999997	0	28.54356676687826	0	133.62655737047743
0	-126.56249999999997	0	27.59505187160626	0	132.15890786848345
0	-126.75000000000001	0	27.146329993181542	0	131.04353949860823
0	-126.87500000000003	0	26.367029616748397	0	129.81095383407106
0	-127.00000000000004	0	26.03524973710776	0	128.74930193654967
0	-127.37499999999999	0	25.08004478357723	0	126.72123058751212
0	-127.5	0	24.622909236721906	0	125.67448905336607
0	-127.68750000000004	0	24.273068304051478	0	124.62782384207696
0	-128.37499999999997	0	23.626405371398658	0	122.88393344980229
0	-129.1875	0	23.12664450509253	0	121.06248172094004
0	-129.75000000000003	0	22.733581819892873	0	120.0612490330176
0	-130.50000000000003	0	22.4698934081023	0	118.69596615995611
0	-131.6875	0	21.88810853804904	0	117.17046196782427
0	-132.31250000000003	0	21.72903662302781	0	116.29657062768327
0	-133.43749999999997	0	21.510907218806906	0	115.35906696079185
0	-135.25	0	21.21270491036571	0	113.84728540643705
0	-137.62500000000003	0	20.75155594413457	0	112.29965929925928
0	-139.0625	0	20.741444513772237	0	111.30353707897693
0	-140.625	0	20.52649582078832	0	110.50688800826141
0	-141.625	0	20.412836289419577	0	109.84622347695067
0	-142.62499999999997	0	20.443729836296225	0	109.15406905678721
0	-144.31250000000003	0	20.38431552448358	0	108.23582801736379
0	-145.9375	0	20.29770727004683	0	107.33221088206622
0	-147.0	0	20.283565510956404	0	106.62277488231682
0	-148.12500000000003	0	20.135137338533465	0	105.99042446866878
0	-150.18750000000003	0	19.92140542829323	0	104.84496295247634
0	-151.75000000000003	0	19.75684715518024	0	103.92848366689496
0	-152.75000000000003	0	19.659047932782258	0	103.27969881277494
0	-154.4375	0	19.590067709954706	0	102.3524733003313
0	-156.12500000000003	0	19.329586281277916	0	101.53384101245551
0	-157.12500000000003	0	19.190875488990525	0	100.91587713242613
0	-158.8125	0	19.000946757941904	0	100.03619684733118
0	-159.9375	0	18.730852518473526	0	99.50414578218538
0	-161.50000000000003	0	18.48214261404464	0	98.70989683156984
0	-162.5625	0	18.380077632317036	0	98.02370603227295
0	-164.875	0	17.997693102666684	0	96.96673191015704
0	-166.00000000000003	0	17.870193125314945	0	96.19689616936758
0	-167.74999999999997	0	17.539961149571315	0	95.25266574005744
0	-169.43750000000006	0	17.140605113878856	0	94.45105746674037
0	-171.0625	0	16.864798674100395	0	93.50366351064002
0	-172.75	0	16.4988812312062	0	92.5938971855742
0	-175.125	0	16.010208120873582	0	91.3797685408766
0	-176.31250000000003	0	15.708245453942649	0	90.72003184324237
0	-178.68749999999997	0	15.01697819570644	0	89.66779474214597
0	-180.81250000000003	0	14.378000520058723	0	88.62944176352674
0	-182.0	0	14.015773809083	0	88.01011257734066
0	-183.625	0	13.370808964008665	0	87.61283208887751
0	-185.62500000000003	0	12.626944076506913	0	86.60782906850119
0	-187.5625	0	11.575398232599836	0	86.10956273906578
0	-188.875	0	10.488671296583764	0	85.63054730869817
0	-189.875	0	9.549454371332287	0	85.45571367517303
0	-190.74999999999997	0	8.707731472533945	0	85.24276617881043
0	-191.25	0	7.928433670021994	0	85.20338105083451
0	-192.0625	0	6.628590327621694	0	85.07668325124096
0	-192.625	0	5.409604106122864	0	85.10704912765608
0	-192.87500000000003	0	4.481500061957395	0	85.12792168260947
0	-193.125	0	3.05084492427045	0	85.31729745668534
0	-193.125	0	1.1479265040491455	0	85.6192342916967
0	-192.9375	0	-0.1587872688076326	0	85.96893737440777
0	-192.6875	0	-2.2837101551749193	0	86.3893912720195
0	-192.50000000000003	0	-3.289516509330088	0	86.73534508935475
0	-192.25000000000003	0	-4.332462691078052	0	87.02262401972524
0	-191.75	0	-6.100775412376965	0	87.48178226369333
0	-191.25	0	-7.681307839853129	0	87.93239363390367
0	-190.87500000000003	0	-8.513162771701456	0	88.25610255312596
0	-190.12500000000003	0	-9.314462361960251	0	88.49992868161986
0	-189.18750000000003	0	-10.667219334098046	0	89.00966900987854
0	-188.4375	0	-11.941863119810796	0	89.48874167537454
0	-187.87500000000003	0	-12.708428989539497	0	89.77437181224407
0	-186.9375	0	-13.667151036327905	0	90.25263792490395
0	-186.00000000000003	0	-14.551432327293867	0	90.6510228812041
0	-184.5	0	-15.253345269140228	0	91.28300760526287
0	-183.68750000000003	0	-16.09170689370811	0	91.60248504502033
0	-181.6875	0	-16.967760327807184	0	92.41524917918628
0	-179.875	0	-17.632093592229104	0	93.20035008604732
0	-177.87500000000003	0	-18.602318123716564	0	93.95885466808363
0	-176.25	0	-18.901898066312178	0	94.4897688904828
0	-175.125	0	-19.196856273684535	0	94.84551042545121
0	-173.375	0	-19.539973856805577	0	95.21457821212503
0	-172.3125	0	-19.678856673848962	0	95.37265101506587
0	-171.9375	0	-19.784513101147468	0	95.12427737997844
0	-171.56249999999997	0	-19.726083778067974	0	94.81372098162794
0	-171.4375	0	-19.64931269021046	0	94.37693254634621
0	-171.56249999999997	0	-19.526926856369574	0	93.7714092912261
0	-171.81249999999997	0	-19.4117375444875	0	93.24998940670017
0	-172.375	0	-19.361587208176616	0	92.6055709927126
0	-172.8125	0	-19.232660538116267	0	91.95301733881735
0	-173.5	0	-19.073844408758355	0	91.06945672449268
0	-174.25000000000003	0	-18.89511042224641	0	90.07600973847447
0	-175.125	0	-18.703299613364475	0	89.00280790508724
0	-176.37499999999997	0	-18.550551227089347	0	87.67194624876348
0	-178.1875	0	-18.404769720874597	0	85.6177119533624
0	-179.0	0	-18.278067705402325	0	84.37041650164107
0	-180.25	0	-18.252244709726778	0	83.07473248417652
0	-181.0625	0	-18.17011975244692	0	81.97090604171846
0	-182.3125	0	-18.150552864197433	0	80.69558721214753
0	-183.5	0	-18.008608288784103	0	78.94486698982799
0	-184.31250000000003	0	-18.00198008652157	0	77.87971987895696
0	-185.375	0	-18.15923052701738	0	76.86859862449964
0	-185.9375	0	-18.1518144921102	0	75.84520133392263
0	-186.8125	0	-18.205011645647144	0	74.19675776036009
0	-187.50000000000003	0	-18.35061222973726	0	72.9485358905987
0	-187.50000000000003	0	-18.437349557293054	0	72.28970047808998
0	-186.625	0	-18.675064058793023	0	71.2467568184472
0	-186.06250000000003	0	-18.826408551738357	0	70.76250507314954
0	-185.31250000000003	0	-19.05607402160859	0	70.33272305594637
0	-184.5	0	-19.19864653463772	0	70.06886216056036
0	-183.06250000000003	0	-19.151683914400078	0	69.91483474499258
0	-182.0	0	-19.36679392070233	0	69.7148323002193
0	-180.25	0	-19.598002131173818	0	69.4605840623807
0	-178.43749999999997	0	-19.62307814836341	0	69.53184562912918
0	-177.1875	0	-19.72259435902605	0	69.44498730989795
0	-175.31250000000003	0	-19.65075009310905	0	69.59504176709653
0	-174.125	0	-19.889150521996946	0	69.46032944702424
0	-172.3125	0	-19.987615567704427	0	69.44545919987398
0	-170.49999999999997	0	-20.04363293169795	0	69.48665230640447
0	-169.3125	0	-20.229456266944524	0	69.3100987542933
0	-167.56250000000003	0	-20.229469883157492	0	69.3158796199035
0	-165.875	0	-20.321877178555475	0	69.05387143425278
0	-162.9375	0	-20.297687832349112	0	69.18288909700497
0	-161.75000000000003	0	-20.410021299756878	0	69.14857267230249
0	-159.9375	0	-20.367065206843456	0	69.28189657682879
0	-157.5	0	-20.36345110102179	0	69.27523206726009
0	-155.1875	0	-20.32359667254489	0	69.51144349569189
0	-153.375	0	-20.280368955086335	0	69.51286826937273
0	-151.6875	0	-20.16681687292301	0	69.63039820819023
0	-150.00000000000003	0	-20.11173477809537	0	69.65583429165325
0	-147.8125	0	-20.035462236198367	0	69.81356390761498
0	-146.12500000000003	0	-20.059347731330657	0	69.99893671647182
0	-145.06250000000003	0	-20.022803114977986	0	69.97343786184851
0	-144.0	0	-20.04075861272665	0	69.86548397252619
0	-141.875	0	-19.88836388895486	0	70.14030767217625
0	-140.375	0	-19.773804050108247	0	69.96017299659955
0	-138.87500000000003	0	-19.634419731034335	0	69.98371674555538
0	-136.875	0	-19.48028915915788	0	70.01075851279926
0	-135.37500000000003	0	-19.353693113073025	0	70.12996853951039
0	-133.9375	0	-19.27100878011877	0	70.28653090573994
0	-132.9375	0	-19.176692371355404	0	70.3397834702874
0	-130.93750000000003	0	-18.99919933860775	0	70.29603228446408
0	-129.06249999999997	0	-18.85864190051935	0	70.45237837096776
0	-127.62500000000003	0	-18.746657011905356	0	70.39801482502666
0	-126.12500000000001	0	-18.56387153751602	0	70.51367678536906
0	-123.62500000000003	0	-18.448209229556973	0	70.82324766497065
0	-121.6875	0	-18.298259066346212	0	71.09516270617524
0	-119.81250000000004	0	-18.149962020221896	0	71.36587792902988
0	-118.93750000000003	0	-17.847681476293165	0	71.36137286629194
0	-117.75000000000001	0	-17.544857800894835	0	71.3815997119509
0	-117.0	0	-17.330336968900564	0	71.40494970892156
0	-115.87499999999999	0	-16.969526266359615	0	71.51381290787178
0	-114.74999999999999	0	-16.71642484493267	0	71.60298527837719
0	-113.24999999999999	0	-16.133489981266006	0	71.70608135144485
0	-112.49999999999999	0	-15.729621102533148	0	71.73329166772908
0	-111.81250000000003	0	-15.277395979787375	0	71.70834256698727
0	-110.87500000000004	0	-14.750258919820913	0	71.84683907019449
0	-109.62499999999997	0	-13.553942153933782	0	71.71110339171062
0	-108.93749999999999	0	-12.669326827482802	0	71.56084094024955
0	-108.18750000000003	0	-11.182005293240211	0	71.26471590449393
0	-107.75000000000003	0	-10.025822483519399	0	71.06417634358505
0	-107.43750000000003	0	-8.486841766353049	0	70.74505479626899
0	-107.56250000000004	0	-6.762923865737251	0	70.26754439294545
0	-107.56250000000004	0	-5.256729579182165	0	69.87772100233425
0	-107.56250000000004	0	-4.050636072515718	0	69.5828790511656
0	-107.75000000000003	0	-2.3879925612586907	0	69.15435728905616
0	-107.87499999999999	0	-1.0577482161515055	0	68.88825680259791
0	-108.0625	0	0.5774822759559313	0	68.52821649062835
0	-108.31250000000004	0	2.002524366629952	0	68.18068890899431
0	-108.50000000000001	0	3.540510962731916	0	67.88557281471108
0	-108.81250000000001	0	4.8976074350454155	0	67.58035569456561
0	-109.0625	0	6.0843377157959555	0	67.25382883315314
0	-109.50000000000001	0	8.070860782300645	0	66.86717855831986
0	-109.87500000000001	0	10.59006764741444	0	66.21589876065585
0	-110.06250000000003	0	12.25420645401001	0	65.92066456346573
0	-110.12500000000004	0	14.526220907419917	0	65.40620123168809
0	-110.25000000000001	0	16.578980889205702	0	64.9333755885815
0	-110.25000000000001	0	18.03202360453609	0	64.60137287849075
0	-110.25000000000001	0	20.062990879214716	0	64.09147941596412
0	-110.25000000000001	0	21.929440308258087	0	63.64620388811424
0	-110.18750000000001	0	23.385470316293517	0	63.25932424102266
0	-110.06250000000003	0	25.59762006048061	0	62.81922824669781
0	-109.87500000000001	0	27.065248164517833	0	62.47290230244811
0	-109.50000000000001	0	28.349306281696343	0	62.203005833510666
0	-108.50000000000001	0	30.218165404987715	0	61.690269289452374
0	-107.6875	0	31.137815974269135	0	61.436733773482445
0	-107.06250000000003	0	31.889204521941664	0	61.1799408724983
0	-106.50000000000004	0	32.67070338645565	0	61.0037527186108
0	-105.87500000000001	0	33.47800692548079	0	60.72576572066199
0	-105.37499999999999	0	34.304031243647344	0	60.47125108756288
0	-104.8125	0	35.04265197468362	0	60.24565274398597
0	-104.56249999999997	0	35.80893199901596	0	59.97638673033213
0	-104.125	0	36.56072365590906	0	59.7699340292349
0	-103.81250000000003	0	37.369148805109646	0	59.55307254233086
0	-103.43750000000003	0	38.16831059092679	0	59.39259566104377
0	-103.31249999999999	0	38.78571862668903	0	59.25305429102901
0	-103.12500000000003	0	39.22875198958551	0	59.16078404025106
0	-103.00000000000001	0	39.69598103048535	0	59.03367624662652
0	-102.87499999999999	0	40.09613852412245	0	58.95164341319931
0	-102.81249999999997	0	40.498477273683804	0	58.86201645431703
0	-102.74999999999997	0	40.879616363472216	0	58.787137589664724
0	-102.74999999999997	0	41.143538349128605	0	58.72741814136909
0	-102.74999999999997	0	41.355394092716665	0	58.67948008083248
0	-102.74999999999997	0	41.51697898189409	0	58.64291715330453
0	-102.74999999999997	0	41.740419560927975	0	58.59613233958108
0	-102.74999999999997	0	41.79428119065368	0	58.58394469707179
0	-102.74999999999997	0	41.80847392325761	0	58.58828246444973
0	-102.74999999999997	0	41.80969268750854	0	58.59366862742231
0	-102.74999999999997	0	41.76839877138552	0	58.603012486679425
0	-102.74999999999997	0	41.736081793550014	0	58.61032507218502
0	-102.74999999999997	0	41.705560203372094	0	58.61723140294029
0	-102.74999999999997	0	41.682220163824205	0	58.62251271469434
0	-102.74999999999997	0	41.66426628724897	0	58.626575262197434
0	-102.74999999999997	0	41.66247089959138	0	58.62698151694776
0	-102.74999999999997	0	41.66247089959138	0	58.62698151694776
0	-102.74999999999997	0	41.66247089959138	0	58.62698151694776
0	-102.74999999999997	0	41.66965245022152	0	58.62535649794651
0	-102.74999999999997	0	41.67503861319407	0	58.62413773369559
0	-102.74999999999997	0	41.676834000851656	0	58.62373147894527
0	-102.74999999999997	0	41.676834000851656	0	58.62373147894527
0	-102.74999999999997	0	41.676834000851656	0	58.62373147894527
0	-102.74999999999997	0	41.676834000851656	0	58.62373147894527
0	-102.74999999999997	0	41.676834000851656	0	58.62373147894527
0	-102.74999999999997	0	41.676834000851656	0	58.62373147894527
0	-102.74999999999997	0	41.676834000851656	0	58.62373147894527
0	-102.74999999999997	0	41.676834000851656	0	58.62373147894527
0	-102.74999999999997	0	41.676834000851656	0	58.62373147894527
0	-102.74999999999997	0	41.676834000851656	0	58.62373147894527
0	-102.74999999999997	0	41.676834000851656	0	58.62373147894527
0	-102.74999999999997	0	41.676834000851656	0	58.62373147894527
0	-102.74999999999997	0	41.676834000851656	0	58.62373147894527