0	0.0	0	0.0	0	0.0
0	0.0	0	0.0	0	0.0
0	0.0	0	0.0	0	0.0
0	0.0	0	0.0	0	0.0
0	0.0	0	0.0	0	0.0
0	0.0	0	0.0	0	0.0
0	0.0	0	0.0	0	0.0
0	0.0	0	0.0	0	0.0
0	0.0	0	0.0	0	0.0
0	0.0	0	0.0	0	0.0
0	0.0	0	0.0	0	0.0
0	0.0	0	0.0	0	0.0
0	0.0	0	0.0	0	0.0
0	0.0	0	0.0	0	0.0
0	0.0	0	0.0	0	0.0
0	0.0	0	0.0	0	0.0
0	0.0	0	0.0	0	0.0
0	0.0	0	0.0	0	0.0
0	0.0	0	0.0	0	0.0
0	0.0	0	0.0	0	0.0
0	0.0	0	0.0	0	0.0
0	0.0	0	0.0	0	0.0
0	0.0	0	0.0	0	0.0
0	0.0	0	0.0	0	0.0
0	0.0	0	0.0	0	0.0
0	0.0	0	0.0	0	0.0
0	0.0	0	0.0	0	0.0
0	0.0	0	0.0	0	0.0
0	0.0	0	0.0	0	0.0
0	0.0	0	0.0	0	0.0
0	0.0	0	0.0	0	0.0
0	0.0	0	0.0	0	0.0
0	0.0	0	0.0	0	0.0
0	0.0	0	0.0	0	0.0
0	0.0	0	0.0	0	0.0
0	0.0	0	0.0	0	0.0
0	0.0	0	0.0	0	0.0018407769454627694
0	0.0	0	0.0	0	0.0018407769454627694
0	0.0	0	0.0	0	0.0018407769454627694
0	0.0	0	0.0	0	0.0018407769454627694
0	0.0	0	0.0	0	0.0018407769454627694
0	0.0	0	0.0	0	0.0018407769454627694
0	0.0	0	0.0	0	0.0018407769454627694
0	0.0	0	0.0	0	0.0018407769454627694
0	0.0	0	0.0	0	0.0018407769454627694
0	0.0	0	0.0	0	0.0018407769454627694
0	0.0	0	0.0	0	0.0018407769454627694
0	0.0	0	0.0	0	0.0018407769454627694
0	0.0	0	0.0	0	0.0018407769454627694
0	0.0	0	0.0	0	0.003681553890925539
0	0.0	0	0.0	0	0.007363107781851078
0	0.0	0	0.0	0	0.016566992509164925
0	0.0	0	0.0	0	0.023930100291016002
0	0.0	0	0.0	0	0.034974761963792615
0	0.0	0	0.0	0	0.03681553890925539
0	0.0	0	0.0	0	0.03681553890925539
0	0.0625	0	-0.017473510632526022	0	0.01825238805478911
0	0.0625	0	-0.017475518608283624	0	0.02009316390507089
0	0.0625	0	-0.01933838219189902	0	0.04033969028241283
0	0.0625	0	-0.019360469925232635	0	0.06058822463551238
0	0.0625	0	-0.019386573610081455	0	0.08451831068917548
0	0.0	0	-0.014911384015986026	0	0.12699243320151196
0	0.0	0	-0.03700070736153926	0	0.15092253349252796
0	0.0	0	-0.04620459208885311	0	0.16196719516530458
0	0.0	0	-0.0646123615434808	0	0.18405651851085783
0	0.0	0	-0.0940647926708851	0	0.21350894963826214
0	0.0	0	-0.11983566990736387	0	0.26136915022029417
0	0.0	0	-0.1548104318711565	0	0.32211478942056554
0	-0.06250000000000884	0	-0.18163230171722158	0	0.4106375368340025
0	-0.06250000000000884	0	-0.24410623398437634	0	0.5137892556255406
0	-0.12500000000001768	0	-0.31132852097821617	0	0.6668567524592883
0	-0.1874999999999756	0	-0.3931059180327635	0	0.8237272293922883
0	-0.24999999999998446	0	-0.47472017922044146	0	0.9770052731491453
0	-0.3124999999999933	0	-0.5507292776259946	0	1.1045713943062851
0	-0.3124999999999933	0	-0.6587712714840788	0	1.2082457200315657
0	-0.3124999999999933	0	-1.0288055540673897	0	1.5397679382084872
0	-0.3124999999999933	0	-1.1735119417805095	0	1.6712543040438506
0	-0.24999999999998446	0	-1.3393446075600077	0	1.7822889405849633
0	-0.24999999999998446	0	-1.5244741850864427	0	1.963494583791939
0	-0.24999999999998446	0	-1.6967907335669627	0	2.1280771690416174
0	-0.24999999999998446	0	-1.8818239285437504	0	2.3313719253197087
0	-0.24999999999998446	0	-2.079782598874375	0	2.525519107638796
0	-0.3124999999999933	0	-2.310083345349836	0	2.755170764486378
0	-0.3124999999999933	0	-2.533409853357995	0	2.984648570052984
0	-0.3124999999999933	0	-2.8152086347451775	0	3.2935998815497816
0	-0.3124999999999933	0	-3.0677361400343424	0	3.5692570635624947
0	-0.3124999999999933	0	-3.289262057800505	0	3.7913618310340866
0	-0.3124999999999933	0	-3.5254537331086833	0	4.024591414549711
0	-0.3124999999999933	0	-3.7597644995268507	0	4.265173956498347
0	-0.3124999999999933	0	-4.008670744670019	0	4.529766561453037
0	-0.3124999999999933	0	-4.272242747355203	0	4.8054839824517614
0	-0.3124999999999933	0	-4.524920850109395	0	5.0535299209744275
0	-0.3124999999999933	0	-4.887321058991645	0	5.434712218109427
0	-0.3124999999999933	0	-5.291837631609927	0	5.856621921809535
0	-0.3124999999999933	0	-5.877363551880301	0	6.504097015831203
0	-0.3124999999999933	0	-6.142806423624493	0	6.774302227962919
0	-0.3124999999999933	0	-6.406448705126689	0	7.037134401999621
0	-0.3124999999999933	0	-6.75802529289496	0	7.37775996969654
0	-0.3124999999999933	0	-7.0674955567582	0	7.675817381262346
0	-0.3124999999999933	0	-7.338279960242368	0	7.979186205075123
0	-0.3124999999999933	0	-7.627351381414547	0	8.304744421989957
0	-0.3124999999999933	0	-7.951366924847781	0	8.636015644391833
0	-0.3124999999999933	0	-8.315617923127034	0	9.01536723179183
0	-0.3124999999999933	0	-8.557151130175189	0	9.281760426988516
0	-0.3124999999999933	0	-8.820723132860373	0	9.55747784798724
0	-0.3124999999999933	0	-9.073330956797552	0	9.818409033471928
0	-0.3124999999999933	0	-9.391854371025781	0	10.14412788768279
0	-0.3124999999999933	0	-9.67573485792301	0	10.408911249426517
0	-0.3124999999999933	0	-9.964956876560215	0	10.706858222851302
0	-0.24999999999998446	0	-10.311542849353282	0	11.045098730274326
0	-0.12500000000001768	0	-10.609703172090317	0	11.323431844769987
0	0.0	0	-11.02910188076799	0	11.798075070699323
0	0.25	0	-11.508443750934653	0	12.43785094160502
0	0.4375	0	-11.770969402049566	0	12.7336454121711
0	0.625	0	-12.063848054680628	0	13.013531842031512
0	0.8124999999999999	0	-12.35592697303479	0	13.309050944125527
0	1.0	0	-12.619342750048135	0	13.58756064845696
0	1.3125	0	-12.90309999969143	0	13.8547088711971
0	1.5	0	-13.14093948288321	0	14.205297123098063
0	2.0	0	-13.447973468885712	0	14.51576715941798
0	2.1875	0	-13.663156924043385	0	15.00449988212796
0	2.5	0	-13.897034148003145	0	15.374987351887645
0	2.6875000000000004	0	-14.085327870661342	0	15.774832992237094
0	2.9375	0	-14.29565421423402	0	16.174511884303396
0	3.1875	0	-14.547105928464074	0	16.705655801263976
0	3.3125	0	-14.729651616745157	0	17.15577717522551
0	3.5	0	-14.922530736269238	0	17.600926331531426
0	3.6875	0	-15.183277859604567	0	18.205327284403516
0	3.8125	0	-15.411586151166054	0	18.911172979817206
0	4.0	0	-15.644693398260467	0	19.579043706577124
0	4.312500000000001	0	-16.14292379035139	0	21.144870145611325
0	4.5	0	-16.29760714488845	0	21.691754105726336
0	4.625	0	-16.443713287975704	0	22.468232952233834
0	4.625	0	-16.548253443203855	0	23.23542794266545
0	4.625	0	-16.648220980009558	0	24.06024335037279
0	4.5625	0	-16.70541471544937	0	24.76861306524712
0	4.5	0	-16.76618066232428	0	25.576411880170408
0	4.375	0	-16.823155591484305	0	26.576625928521324
0	4.25	0	-16.848736329824753	0	27.346557491653005
0	4.125	0	-16.869126733981727	0	28.070657701828814
0	4.0	0	-16.882889912860634	0	28.72687921316549
0	3.8125	0	-16.88807084027138	0	29.514682117514415
0	3.625	0	-16.901459778693912	0	30.456746362058915
0	3.5	0	-16.906632499217324	0	31.15381050700854
0	3.3125	0	-16.864807654418534	0	31.91998170128917
0	3.0625	0	-16.8254648113575	0	32.73738880634693
0	2.9375	0	-16.817472114497157	0	33.51958088178722
0	2.7499999999999996	0	-16.781538708831132	0	34.463417759680944
0	2.25	0	-16.555617452250114	0	35.93402562947662
0	1.9375	0	-16.346881322260288	0	37.050484652118094
0	1.8125	0	-16.244873465133757	0	37.591756303411294
0	1.5625	0	-16.06046318944768	0	38.40017886455899
0	1.3125	0	-15.902673092234963	0	38.93828467865309
0	1.1875	0	-15.751099106996358	0	39.42592310758397
0	1.0625	0	-15.572990321722386	0	39.92658962202362
0	0.8124999999999999	0	-15.351105527832289	0	40.44204974799665
0	0.625	0	-15.116707280298536	0	40.982543150536245
0	0.5	0	-14.98426786610936	0	41.40736243589824
0	0.25	0	-14.811881450372844	0	41.868841112293765
0	0.125	0	-14.669433892166653	0	42.31304866748975
0	-0.12500000000003533	0	-14.465277229027521	0	42.88008772230345
0	-0.25000000000000216	0	-14.295995538423888	0	43.31956748456104
0	-0.43750000000002864	0	-14.114320260973646	0	43.74565283789306
0	-0.5625000000000463	0	-13.968373585848747	0	44.19181877876791
0	-0.7500000000000219	0	-13.81004937425186	0	44.63197014506645
0	-1.0000000000000064	0	-13.634741846201742	0	45.1191582258117
0	-1.3124999999999998	0	-13.39597368541032	0	45.77902493096953
0	-1.8125000000000193	0	-12.935715495528736	0	46.84278089089077
0	-1.937499999999986	0	-12.60432416189194	0	47.404646881867315
0	-2.0625000000000036	0	-12.329771714025707	0	47.818681436763214
0	-2.1250000000000124	0	-12.062565753730823	0	48.16625876463301
0	-2.1250000000000124	0	-11.798130230286413	0	48.49169876896453
0	-2.1875000000000213	0	-11.478312348733986	0	48.85725250364897
0	-2.1250000000000124	0	-11.252168025452105	0	49.10292633782249
0	-2.0625000000000036	0	-10.898261846640231	0	49.46948964923883
0	-1.8750000000000282	0	-10.596845584648989	0	49.75388880674095
0	-1.8125000000000193	0	-10.314110524498597	0	50.079993640096646
0	-1.7500000000000104	0	-10.059149447936491	0	50.41276928845738
0	-1.6875000000000016	0	-9.787467722996952	0	50.76189369427586
0	-1.5625000000000349	0	-9.486054252668925	0	51.14746811308903
0	-1.500000000000026	0	-9.165101735801946	0	51.5219392174832
0	-1.3750000000000084	0	-8.80007322145999	0	51.92351227985277
0	-1.2499999999999907	0	-8.334432464769085	0	52.4746444536021
0	-1.1874999999999818	0	-8.030081532166042	0	52.85852687040378
0	-1.125000000000024	0	-7.609232416364101	0	53.36932401903734
0	-0.9374999999999973	0	-6.920119170524831	0	54.47143361000612
0	-0.8125000000000306	0	-6.633220431007373	0	54.84816766709516
0	-0.625000000000055	0	-6.247231655411674	0	55.38659781546456
0	-0.5000000000000373	0	-5.94832633428795	0	55.85496894879086
0	-0.31250000000001077	0	-5.713798902294364	0	56.29138277434038
0	-0.18749999999999312	0	-5.436028921877037	0	56.739348768518525
0	-0.06250000000002633	0	-5.172624334421695	0	57.09589627375668
0	0.06249999999999134	0	-4.913487025527446	0	57.51191812057505
0	0.24999999999999134	0	-4.699894431431036	0	57.917407152503785
0	0.31249999999999134	0	-4.541737436742658	0	58.25499980794857
0	0.4374999999999914	0	-4.307609960067905	0	58.73144466036795
0	0.4999999999999914	0	-4.039070614423709	0	59.19202163095715
0	0.5624999999999913	0	-3.8402350410587816	0	59.55464620769793
0	0.5624999999999913	0	-3.664905008245856	0	59.884041648820926
0	0.5624999999999913	0	-3.4628320836502384	0	60.30206119772274
0	0.6249999999999913	0	-3.327151582781913	0	60.684467531682856
0	0.6249999999999913	0	-3.204502752064748	0	61.08527783972461
0	0.6874999999999913	0	-3.137271030372863	0	61.459651970976935
0	0.5624999999999913	0	-3.0741701588697925	0	62.068024085023545
0	0.4999999999999914	0	-3.0575087080214143	0	62.309456234266555
0	0.4374999999999914	0	-3.027156697691805	0	62.49574780782856
0	0.4374999999999914	0	-3.0286325458245145	0	62.68902375242277
0	0.4374999999999914	0	-3.0291666622915905	0	62.75897123713305
0	0.3749999999999913	0	-3.0156855534234546	0	62.79233044434167
0	0.4374999999999914	0	-3.023602662609351	0	62.73138636650028
0	0.4374999999999914	0	-3.0157337644078805	0	62.6651765511397
0	0.4999999999999914	0	-3.0326915413247377	0	62.589417655153184
0	0.4999999999999914	0	-3.032306014796118	0	62.54524069064957
0	0.4374999999999914	0	-3.014637711774771	0	62.52342204791437
0	0.4999999999999914	0	-3.026398657943511	0	62.4974112557592
0	0.4999999999999914	0	-3.014043808940144	0	62.558267027189174
0	0.5624999999999913	0	-3.0486658082831943	0	62.6369477904339
0	0.4999999999999914	0	-3.0490661086341073	0	62.754894585917924
0	0.4999999999999914	0	-3.0606083215261446	0	62.811860116769594
0	0.4999999999999914	0	-3.120073167051864	0	62.875770821299206
0	0.5624999999999913	0	-3.1802117991689647	0	62.92106556453922
0	0.6249999999999913	0	-3.220136399078463	0	62.96467484591518
0	0.8124999999999913	0	-3.332412894040482	0	63.097060825712006
0	0.9374999999999915	0	-3.4197077903188084	0	63.167158825893054
0	1.0624999999999913	0	-3.527687604727987	0	63.25693725195634
0	1.2499999999999913	0	-3.699918757257292	0	63.39085817986809
0	1.4374999999999911	0	-4.0491928638447305	0	63.68030841205832
0	1.4999999999999916	0	-4.305591842577766	0	63.892584992809084
0	1.6249999999999913	0	-4.641421052838594	0	64.15532697042565
0	1.7499999999999916	0	-5.147607507921777	0	64.57236906014228
0	1.7499999999999916	0	-5.482844706588143	0	64.93597872533104
0	1.8749999999999913	0	-5.835044701255928	0	65.27963292475864
0	1.9374999999999918	0	-6.2433441716083555	0	65.64141668222646
0	1.9999999999999918	0	-6.719711130001472	0	66.04459711299512
0	2.062499999999991	0	-7.190777389179003	0	66.49535550285793
0	2.062499999999991	0	-7.622372341308061	0	66.97161854030328
0	2.062499999999991	0	-8.132886061743983	0	67.49108873436195
0	2.062499999999991	0	-8.66158149482083	0	67.95280307340182
0	2.062499999999991	0	-9.15958484798312	0	68.38062529087553
0	2.1249999999999916	0	-9.764662224193923	0	68.9622261853162
0	2.1249999999999916	0	-10.355046037111668	0	69.48372273135885
0	2.1249999999999916	0	-11.48662465306544	0	70.54143530041958
0	2.1874999999999916	0	-12.097324412623442	0	71.10744835028115
0	2.1874999999999916	0	-12.734109481172467	0	71.67076073939188
0	2.1874999999999916	0	-13.590861084718675	0	72.44672524918977
0	2.1874999999999916	0	-14.245044217988493	0	73.03147850560184
0	2.2499999999999916	0	-14.885855476678218	0	73.54776919557084
0	2.1874999999999916	0	-15.576139338439024	0	74.23996327473225
0	2.2499999999999916	0	-16.192291676925006	0	74.78669790157312
0	2.2499999999999916	0	-16.789474423349137	0	75.31036709975011
0	2.2499999999999916	0	-17.306730206442914	0	75.76901533999734
0	2.312499999999992	0	-17.889809475214594	0	76.30169898872995
0	2.312499999999992	0	-18.51749387502071	0	76.79034677480145
0	2.312499999999992	0	-19.050130026419353	0	77.29757108095905
0	2.312499999999992	0	-19.53238052235474	0	77.83446425336312
0	2.312499999999992	0	-20.24375891634302	0	78.43395344310802
0	2.312499999999992	0	-20.84483731865211	0	78.99368218650424
0	2.312499999999992	0	-21.34414364397653	0	79.49672560819518
0	2.312499999999992	0	-21.757283414465718	0	79.96456084274617
0	2.374999999999992	0	-22.740735820951304	0	80.9664083683208
0	2.437499999999992	0	-23.194639512485896	0	81.55495514484788
0	2.4999999999999916	0	-23.551038361153445	0	82.08648824534937
0	2.4999999999999916	0	-23.93238675546396	0	82.67603079094552
0	2.562499999999992	0	-24.403267552943248	0	83.50242349005428
0	2.4999999999999916	0	-24.739802571254025	0	84.23040461256339
0	2.437499999999992	0	-25.05292310933421	0	85.02972800655354
0	2.374999999999992	0	-25.23881397185271	0	85.76278135741767
0	2.312499999999992	0	-25.330727261755953	0	86.42795117443177
0	2.312499999999992	0	-25.43594339511464	0	87.02612693236107
0	2.2499999999999916	0	-25.47691719837768	0	87.76889942874844
0	2.2499999999999916	0	-25.502861612757616	0	88.42922886930889
0	2.2499999999999916	0	-25.501873058817964	0	89.20114834184174
0	2.2499999999999916	0	-25.471946698045944	0	89.79919604869022
0	2.2499999999999916	0	-25.40966722667441	0	90.37088195452492
0	2.2499999999999916	0	-25.355178797777867	0	90.9533149327436
0	2.2499999999999916	0	-25.302930694357027	0	91.59276800192987
0	2.2499999999999916	0	-25.25483454274877	0	92.29100825129318
0	2.2499999999999916	0	-25.176434462801293	0	92.87438072084038
0	2.437499999999992	0	-24.942296374100316	0	93.97095676896372
0	2.4999999999999916	0	-24.813184365212393	0	94.56790836109323
0	2.4999999999999916	0	-24.703650508331133	0	95.05543373666818
0	2.4999999999999916	0	-24.560050679891745	0	95.52233609716627
0	2.562499999999992	0	-24.30673879312076	0	96.17292374152746
0	2.562499999999992	0	-24.09590857294001	0	96.69092219391644
0	2.6249999999999916	0	-23.933707396158212	0	97.21786526494947
0	2.687499999999992	0	-23.754406132855827	0	97.80294140480225
0	2.749999999999992	0	-23.582375187859146	0	98.25152000622049
0	2.749999999999992	0	-23.3692669730563	0	98.6874660553031
0	2.8124999999999916	0	-23.122974709261868	0	99.11410241962082
0	2.8124999999999916	0	-22.821304506671183	0	99.61363071524137
0	2.8749999999999916	0	-22.495677735862667	0	100.14407006604071
0	2.8749999999999916	0	-22.14786869342154	0	100.70525071642122
0	2.8749999999999916	0	-21.825236019585358	0	101.21724648385701
0	2.8749999999999916	0	-21.532733022646084	0	101.63188809502037
0	2.8124999999999916	0	-21.13973501524794	0	102.10839351448378
0	2.8124999999999916	0	-20.648570739389367	0	102.65224799837723
0	2.8124999999999916	0	-20.26510668348852	0	103.02494178730812
0	2.8124999999999916	0	-19.919471583199602	0	103.34233024825684
0	2.8124999999999916	0	-19.13336508252393	0	104.2600587131321
0	2.8124999999999916	0	-18.6943448421191	0	104.77739256492194
0	2.8124999999999916	0	-18.306236226932274	0	105.20560443389797
0	2.8124999999999916	0	-17.81880728623977	0	105.78797834777708
0	2.8124999999999916	0	-17.48368771707534	0	106.16935510586666
0	2.8124999999999916	0	-17.041415861498415	0	106.62050081029194
0	2.8749999999999916	0	-16.74565336503343	0	106.96697421890084
0	2.8749999999999916	0	-16.456080560063675	0	107.32986196482653
0	2.8749999999999916	0	-16.205568953514977	0	107.66314159109153
0	2.8749999999999916	0	-15.90423486610998	0	108.04873715438761
0	2.8749999999999916	0	-15.567516500340837	0	108.46375618105037
0	2.9374999999999916	0	-15.23126314151119	0	108.87900416262988
0	2.9374999999999916	0	-14.858044151665043	0	109.36448483710085
0	2.8749999999999916	0	-14.447647213750258	0	109.9215715367267
0	2.8749999999999916	0	-14.166728945863667	0	110.3466899391788
0	2.8124999999999916	0	-13.76213735688826	0	110.95646037693949
0	2.687499999999992	0	-13.439033297828185	0	111.44733878933262
0	2.6249999999999916	0	-13.168652165303861	0	111.9371323361332
0	2.2499999999999916	0	-12.7130401358294	0	113.05186550110923
0	2.1249999999999916	0	-12.595209443375483	0	113.58517204213378
0	2.062499999999991	0	-12.412433674800754	0	114.08001173525884
0	1.9999999999999918	0	-12.206018528498747	0	114.54782999692988
0	1.8749999999999913	0	-11.938762463112138	0	115.33591025916637
0	1.8124999999999918	0	-11.953128889111257	0	115.78680708897639
0	1.7499999999999918	0	-11.947240284245996	0	116.36539571610302
0	1.7499999999999918	0	-11.894326080280283	0	116.80348009986538
0	1.7499999999999918	0	-11.742955716699312	0	117.2740387657889
0	1.8124999999999918	0	-11.618258681848985	0	117.63697866677163
0	1.9374999999999918	0	-11.55007515154602	0	117.9502786552143
0	1.9999999999999918	0	-11.482845652397744	0	118.23245790318897
0	2.1249999999999916	0	-11.43673800484289	0	118.51388382395632
0	2.2499999999999916	0	-11.391565653588431	0	118.80460794415205
0	2.4999999999999916	0	-11.314636549799275	0	119.1372212509962
0	2.687499999999992	0	-11.191364104786665	0	119.53142144760838
0	2.9374999999999916	0	-11.12515104709243	0	119.84023235236734
0	3.062499999999991	0	-11.024589414036251	0	120.19558396409094
0	3.249999999999991	0	-10.963246904378174	0	120.49918108898292
0	3.4374999999999916	0	-10.925703502019699	0	120.78132286050322
0	3.9374999999999925	0	-10.972429540427166	0	121.48174661186411
0	4.062499999999992	0	-11.026077832895146	0	121.95562057775824
0	4.124999999999992	0	-11.0958257808351	0	122.46536310728831
0	4.062499999999992	0	-11.175405118928499	0	123.08544162488262
0	4.062499999999992	0	-11.294249305189943	0	124.00524408748859
0	4.062499999999992	0	-11.397293140111382	0	124.75454525618065
0	4.062499999999992	0	-11.54754485978779	0	125.51894771439045
0	4.062499999999992	0	-11.703889215819986	0	126.13528435106842
0	3.9374999999999925	0	-11.842800204092756	0	126.82160460794816
0	3.874999999999992	0	-11.996855527894043	0	127.50686777215653
0	3.749999999999992	0	-12.19043351068787	0	128.29505703455004
0	3.624999999999992	0	-12.357202951717927	0	128.9856558834735
0	3.624999999999992	0	-12.532228179878933	0	129.56479708853456
0	3.624999999999992	0	-12.701534421193568	0	130.17012314912694
0	3.624999999999992	0	-12.87189706688638	0	130.93769540507722
0	3.562499999999992	0	-13.04568427726691	0	131.58728492856963
0	3.562499999999992	0	-13.253018982079615	0	132.22174043270846
0	3.499999999999992	0	-13.420020664884158	0	132.74648437439947
0	3.499999999999992	0	-13.966381031923657	0	134.02061724089845
0	3.499999999999992	0	-14.21479917852675	0	134.58450740555466
0	3.499999999999992	0	-14.472628796245102	0	135.15151037354104
0	3.4374999999999925	0	-14.716117122734692	0	135.66996331095925
0	3.312499999999992	0	-15.182483292634988	0	136.67210662977652
0	3.187499999999992	0	-15.464721262044563	0	137.25583575450221
0	2.9374999999999925	0	-15.746697669988675	0	137.86489001552258
0	2.749999999999992	0	-16.06872299795693	0	138.44323240378787
0	2.499999999999992	0	-16.41648441053457	0	139.13241462575965
0	2.312499999999992	0	-16.780039483712116	0	139.75003025597488
0	2.124999999999992	0	-17.10100021183427	0	140.24139741805595
0	1.874999999999992	0	-17.484243087330004	0	140.86109770361983
0	1.5624999999999922	0	-17.813917840996492	0	141.5064669635089
0	1.3124999999999922	0	-18.06434647747109	0	142.08309083061894
0	0.9999999999999921	0	-18.344893556634474	0	142.84655093397637
0	0.624999999999992	0	-18.524750410270986	0	143.50438791847435
0	0.374999999999992	0	-18.76683538182096	0	144.15865453541528
0	0.12499999999999209	0	-19.02730921880863	0	144.7366149924297
0	-0.1875000000000012	0	-19.28298033829325	0	145.2921772721684
0	-0.5625000000000543	0	-19.707674934098833	0	146.20463394599577
0	-0.687500000000021	0	-19.85338957698768	0	146.65767373166184
0	-0.8125000000000386	0	-20.008327756800817	0	147.1958586147274
0	-1.0000000000000142	0	-20.12687620745779	0	147.72855016025147
0	-1.125000000000032	0	-20.2800557573063	0	148.43145441759523
0	-1.1874999999999898	0	-20.350623459394747	0	148.84731637974156
0	-1.1874999999999898	0	-20.415226364425724	0	149.19479592420802
0	-1.1874999999999898	0	-20.473430701899396	0	149.58448979901004
0	-1.1874999999999898	0	-20.554453684509756	0	150.02805067479318
0	-1.1874999999999898	0	-20.631710367841592	0	150.3868395505645
0	-1.125000000000032	0	-20.710271686275195	0	150.70860209486435
0	-1.062500000000023	0	-20.774918048596717	0	151.00792110234548
0	-1.062500000000023	0	-20.8026190881673	0	151.30116871893762
0	-1.062500000000023	0	-20.80315695832698	0	151.56997834514274
0	-1.0000000000000142	0	-20.803748549239973	0	151.86626182463667
0	-1.0000000000000142	0	-20.75272448054816	0	152.15257614240136
0	-0.9375000000000054	0	-20.71321586168665	0	152.44451527683577
0	-0.8750000000000475	0	-20.64280041543677	0	152.7323384618668
0	-0.8750000000000475	0	-20.54950596438544	0	153.05492811810814
0	-0.8750000000000475	0	-20.450914711039538	0	153.36270894427594
0	-0.8750000000000475	0	-20.17965994340648	0	154.00659517037852
0	-0.8750000000000475	0	-20.052687895146637	0	154.24398486019334
0	-0.8125000000000386	0	-19.93216426199544	0	154.46305417667637
0	-0.8125000000000386	0	-19.766094036077	0	154.7497300514279
0	-0.687500000000021	0	-19.569453076276123	0	155.06189021411456
0	-0.6250000000000632	0	-19.374695066308767	0	155.38178365328895
0	-0.5625000000000543	0	-19.168932771428537	0	155.72754994318245
0	-0.5000000000000454	0	-18.94852092612089	0	156.10102198174462
0	-0.5000000000000454	0	-18.70632152248965	0	156.43210165367935
0	-0.43750000000003664	0	-18.45769691929769	0	156.72091735199686
0	-0.37500000000002776	0	-18.20389742767157	0	157.00628652877703
0	-0.31250000000001893	0	-17.917177494402043	0	157.3046367340332
0	-0.18750000000000128	0	-17.629824703887873	0	157.56113136339272
0	-0.1250000000000433	0	-17.27750962917146	0	157.93022254210618
0	-0.1250000000000433	0	-16.969385771915455	0	158.25720939512587
0	-0.1250000000000433	0	-16.725773289356994	0	158.54568058250544
0	-0.06250000000003447	0	-16.44961597418613	0	158.82872213150887
0	-2.5643222119299604E-14	0	-16.114726169164733	0	159.1746510201567
0	0.06249999999997436	0	-15.791226440683003	0	159.55038537677768
0	-0.06250000000004331	0	-15.14048265477884	0	160.36356437925662
0	-0.06250000000004331	0	-14.799581702791857	0	160.6908510050916
0	0.06249999999997436	0	-14.461598252138984	0	161.01308007333662
0	0.12499999999997437	0	-14.028062224761861	0	161.45935757067937
0	0.18749999999997435	0	-13.672365645701124	0	161.9426702293185
0	0.18749999999997435	0	-13.364339630071981	0	162.31735796652958
0	0.18749999999997435	0	-13.017699673001173	0	162.70505757563456
0	0.24999999999997438	0	-12.612649295664575	0	163.10614004674812
0	0.31249999999997435	0	-12.22663090944332	0	163.56462750201183
0	0.31249999999997435	0	-11.923425841772222	0	163.99887026196888
0	0.24999999999997438	0	-11.57728742135814	0	164.40549075945268
0	0.31249999999997435	0	-11.170888263721109	0	164.8235917769029
0	0.37499999999997435	0	-10.750131174420028	0	165.22198388674354
0	0.5624999999999744	0	-10.233934743790085	0	165.89086580454645
0	0.6249999999999744	0	-9.99306311820965	0	166.24312464569365
0	0.6874999999999744	0	-9.7024447751521	0	166.55206586432553
0	0.8124999999999744	0	-9.364502871462168	0	166.825363639875
0	0.9374999999999744	0	-9.071971276661829	0	167.15205388861514
0	1.1249999999999745	0	-8.865135118281142	0	167.46132783702163
0	1.4999999999999742	0	-8.417855457457318	0	168.32287952246665
0	1.7499999999999745	0	-8.209551762234266	0	168.7393672952177
0	1.9374999999999742	0	-8.038098240440716	0	169.24204147572848
0	2.3124999999999742	0	-7.93168776444713	0	169.80368208361477
0	2.5624999999999742	0	-7.832538221218576	0	170.3787637613231
0	2.7499999999999742	0	-7.738006895012068	0	170.96708145281337
0	2.9374999999999742	0	-7.673937540311948	0	171.49341678005527
0	3.187499999999974	0	-7.6531675946299655	0	171.95676052162975
0	3.6249999999999747	0	-7.656591727913618	0	172.51255148123042
0	3.9374999999999747	0	-7.575960699159218	0	173.11336030393346
0	4.312499999999975	0	-7.5576928974100115	0	173.74150489691493
0	4.499999999999974	0	-7.5970278658204276	0	174.48026348693747
0	4.624999999999975	0	-7.6479308140378395	0	175.0982344500036
0	4.749999999999975	0	-7.710798374498154	0	175.73368175673912
0	4.874999999999975	0	-7.804398001329418	0	176.36648746386507
0	5.124999999999975	0	-7.9707663201014345	0	177.12352252407732
0	5.249999999999974	0	-8.125582904533598	0	177.7744880907382
0	5.374999999999975	0	-8.327235801890172	0	178.47815678367337
0	5.687499999999975	0	-8.85888033371388	0	179.96538494086772
0	5.937499999999975	0	-9.165525506945723	0	180.7213155227902
0	6.062499999999975	0	-9.408250404537585	0	181.45236702052023
0	6.312499999999975	0	-9.764831249637897	0	182.19388929777207
0	6.437499999999973	0	-10.087220295811768	0	182.87969087465896
0	6.687499999999974	0	-10.457179556400462	0	183.4584777457103
0	6.874999999999974	0	-10.84731683803911	0	184.01359903486707
0	7.249999999999975	0	-11.24861812401812	0	184.46455036633785
0	7.499999999999974	0	-11.60525368849805	0	184.95360288244092
0	7.812499999999973	0	-12.01628437987732	0	185.4706140717339
0	8.062499999999973	0	-12.388490154140946	0	186.02339996932437
0	8.374999999999975	0	-12.921039457338747	0	186.65502229979518
0	8.499999999999973	0	-13.29821744143367	0	187.15301547195594
0	8.749999999999973	0	-13.752032519519608	0	187.64132948477172
0	8.937499999999973	0	-14.211963300030623	0	188.13131896770872
0	8.999999999999973	0	-14.624819682692715	0	188.6696355279426
0	9.187499999999975	0	-15.069935886610748	0	189.24053507418657
0	9.249999999999975	0	-15.515666257219925	0	189.7813982374395
0	9.437499999999975	0	-16.084138363616475	0	190.31346518666894
0	9.624999999999973	0	-17.254512628952963	0	191.41401636015925
0	9.812499999999975	0	-17.784445917448878	0	191.9029153010607
0	9.937499999999973	0	-18.339267805684	0	192.42961074145657
0	10.124999999999975	0	-18.94636917737793	0	193.00140884171495
0	10.187499999999975	0	-19.325769975805215	0	193.353898971625
0	10.374999999999973	0	-19.864632821597823	0	193.8611383759541
0	10.437499999999973	0	-20.496280747072085	0	194.48959740522014
0	10.499999999999975	0	-21.08048058341271	0	195.0588916405588
0	10.499999999999975	0	-21.631943074033973	0	195.61005603651552
0	10.437499999999973	0	-22.121324060513384	0	196.18077100736338
0	10.312499999999973	0	-22.566540988373994	0	196.76049531464932
0	9.999999999999973	0	-23.307843068624557	0	197.82106893631482
0	9.624999999999973	0	-23.800047424353423	0	198.57666537357852
0	9.312499999999973	0	-24.23738577648793	0	199.28531608905493
0	8.874999999999975	0	-24.64388368643852	0	200.12257206671424
0	8.499999999999973	0	-25.16856235409538	0	200.9382949220996
0	8.062499999999973	0	-25.569609202155476	0	201.64461319760886
0	7.749999999999975	0	-25.90608224446145	0	202.3555667899593
0	7.437499999999975	0	-26.169089592618477	0	203.04958427494404
0	6.874999999999974	0	-26.405420727501063	0	204.4182001814134
0	6.812499999999973	0	-26.454714589261446	0	205.13545463338377
0	6.937499999999975	0	-26.49576303676308	0	205.51774145940388
0	7.062499999999973	0	-26.52758844062653	0	206.1571507173597
0	7.187499999999974	0	-26.53504917935376	0	206.64574439495664
0	7.312499999999974	0	-26.53544325615275	0	207.0537066849327
0	7.499999999999974	0	-26.53829369238214	0	207.4112467213224
0	7.624999999999974	0	-26.517469514557714	0	207.78148122912685
0	7.812499999999973	0	-26.448588820443334	0	208.05806867716785
0	7.999999999999975	0	-26.420341208724953	0	208.31256725989215
0	8.312499999999973	0	-26.397523744306003	0	208.56448026441998
0	8.437499999999975	0	-26.35292399695016	0	208.79785022844695
0	8.624999999999975	0	-26.321878257829876	0	209.00135737317174
0	8.749999999999973	0	-26.260086388257296	0	209.23594681338855
0	8.874999999999975	0	-26.103192764836656	0	209.51540951601214
0	9.124999999999975	0	-25.9134734283166	0	209.726167267649
0	9.249999999999975	0	-25.703200554900103	0	209.95223225039547
0	9.437499999999975	0	-25.52573039542816	0	210.1082044974976
0	9.562499999999975	0	-25.37814050207645	0	210.3119944955925
0	9.749999999999975	0	-24.938029447329704	0	210.839191310853
0	9.749999999999975	0	-24.72451229226409	0	211.10748184905307
0	9.687499999999975	0	-24.50268573753993	0	211.4610786993813
0	9.437499999999975	0	-24.19145798521716	0	212.1477915703807
0	9.249999999999975	0	-23.97690883324261	0	212.62701497938767
0	8.999999999999973	0	-23.77217214948548	0	213.08677047026057
0	8.812499999999975	0	-23.559999032676036	0	213.5093878960564
0	8.624999999999975	0	-23.31159960573643	0	214.00548032418595
0	8.499999999999973	0	-23.040989740825783	0	214.53383419388126
0	8.374999999999975	0	-22.724362511195114	0	215.0849469680227
0	8.312499999999973	0	-22.427822791948085	0	215.60093171202274
0	8.249999999999973	0	-22.15943476210845	0	216.0715088231733
0	8.249999999999973	0	-21.880925850360672	0	216.58805725511746
0	8.312499999999973	0	-21.552552415235454	0	217.0656302461225
0	8.312499999999973	0	-21.13449820701385	0	217.56574665815444
0	8.312499999999973	0	-20.748272190038776	0	218.16911136375737
0	8.374999999999975	0	-20.342777954785063	0	218.72731554654155
0	8.437499999999975	0	-19.925903247283046	0	219.28029655819918
0	8.499999999999973	0	-19.537364135535533	0	219.8072527875238
0	8.499999999999973	0	-19.245018790990876	0	220.29205343335818
0	8.499999999999973	0	-18.554239717739165	0	221.52319089241718
0	8.499999999999973	0	-18.212279181176896	0	222.02471268262863
0	8.437499999999975	0	-17.882953110457112	0	222.63755842364648
0	8.437499999999975	0	-17.471257320930903	0	223.53790200435267
0	8.499999999999973	0	-17.136361929868297	0	224.01217193181972
0	8.499999999999973	0	-16.78203359543021	0	224.4932074516132
0	8.499999999999973	0	-16.52268631969372	0	224.88746034394052
0	8.562499999999975	0	-16.325885128969823	0	225.2483048347508
0	8.624999999999975	0	-16.10496555554477	0	225.68196947040585
0	8.687499999999975	0	-15.814770064766137	0	226.18425862449845
0	8.687499999999975	0	-15.603089500996203	0	226.5294428216042
0	8.687499999999975	0	-15.385823339159234	0	226.86244549738993
0	8.687499999999975	0	-15.208058349615463	0	227.16148034048672
0	8.749999999999973	0	-15.023468224244743	0	227.53430651995603
0	8.812499999999975	0	-14.848785408645284	0	227.92076305519427
0	8.874999999999975	0	-14.758734837434963	0	228.20110659242388
0	8.937499999999973	0	-14.6513313228444	0	228.57190499817472
0	8.999999999999973	0	-14.575187365190743	0	228.8540660769191
0	9.249999999999975	0	-14.485217579417942	0	229.2747268694776
0	9.374999999999975	0	-14.477325266432508	0	229.36530607509178
0	9.562499999999975	0	-14.508960284404251	0	229.41742881609753
0	9.687499999999975	0	-14.543903446664999	0	229.49335213950957
0	9.749999999999975	0	-14.56535824333031	0	229.50446918122776
0	9.874999999999975	0	-14.60264721884921	0	229.47154298667095
0	9.874999999999975	0	-14.617155254493495	0	229.4690174517627
0	9.812499999999975	0	-14.628776887465387	0	229.47648632140758
0	9.687499999999975	0	-14.63605777420871	0	229.46431573354832
0	9.687499999999975	0	-14.652522259560591	0	229.41855477161968
0	9.687499999999975	0	-14.668367233903938	0	229.36916475400642
0	9.687499999999975	0	-14.685628970218728	0	229.2952566079303
0	9.687499999999975	0	-14.71422136386273	0	229.17833129428064
0	9.687499999999975	0	-14.736838673337862	0	229.08110003657546
0	9.687499999999975	0	-14.756358427770312	0	228.96572350044715
0	9.624999999999973	0	-14.773523730134764	0	228.87519922866306
0	9.624999999999973	0	-14.81224130367387	0	228.76221088810857
0	9.562499999999975	0	-14.912094502378912	0	228.42258654881994
0	9.562499999999975	0	-14.966276400701846	0	228.25665477946114
0	9.562499999999975	0	-15.008018545568259	0	228.0722847981681
0	9.562499999999975	0	-15.031562103824797	0	227.69124212254204
0	9.562499999999975	0	-15.067780341966174	0	227.46300156183963
0	9.562499999999975	0	-15.135527292072197	0	227.2667838420569
0	9.437499999999975	0	-15.214673892410019	0	227.10648917543418
0	9.312499999999973	0	-15.314133432025692	0	226.93190189064023
0	9.124999999999975	0	-15.401777169291202	0	226.78027820097995
0	8.874999999999975	0	-15.560205647701345	0	226.59773574914547
0	8.624999999999975	0	-15.696285085969821	0	226.4342909332175
0	8.499999999999973	0	-15.847085359738529	0	226.2519659457352
0	8.374999999999975	0	-15.99734363913166	0	226.05150267865994
0	8.187499999999975	0	-16.13865047143584	0	225.88280936449632
0	7.999999999999975	0	-16.2689288401018	0	225.74966570156474
0	7.812499999999973	0	-16.35899671368295	0	225.61880989611382
0	7.562499999999974	0	-16.41801692513003	0	225.4963992150021
0	7.374999999999974	0	-16.48105694303688	0	225.31046730198867
0	7.187499999999974	0	-16.567366330178466	0	225.09962112490308
0	6.749999999999975	0	-16.741708975050095	0	224.68702457267347
0	6.624999999999974	0	-16.84556505427254	0	224.4713919225179
0	6.437499999999973	0	-16.901483517243584	0	224.26358074381636
0	6.374999999999974	0	-16.93617126008533	0	223.81160375558673
0	6.437499999999973	0	-16.98292605735683	0	223.45607758954972
0	6.437499999999973	0	-16.990154156971762	0	223.04401655014695
0	6.437499999999973	0	-16.96551743267259	0	222.66148524296247
0	6.437499999999973	0	-16.92727927864875	0	222.28975088110283
0	6.499999999999974	0	-16.891872299875175	0	221.81565583830545
0	6.499999999999974	0	-16.84748696240519	0	221.42609073103472
0	6.562499999999975	0	-16.80987795304895	0	221.03560952158344
0	6.687499999999974	0	-16.781626980361942	0	220.50673035078682
0	6.812499999999973	0	-16.7537740332023	0	219.95919020683954
0	6.937499999999975	0	-16.722368580589063	0	219.39160135469646
0	6.999999999999975	0	-16.69675362317867	0	218.8641945150927
0	6.999999999999975	0	-16.69827323152269	0	218.27239025661825
0	6.937499999999975	0	-16.698899380739913	0	217.7606510532404
0	6.874999999999974	0	-16.71146479885786	0	217.26608165943512
0	6.562499999999975	0	-16.620514797949408	0	216.0506723194762
0	6.437499999999973	0	-16.582427640035522	0	215.5513806091552
0	6.312499999999975	0	-16.54949079182095	0	215.10341343090033
0	6.187499999999976	0	-16.50942740058558	0	214.55071594273767
0	5.937499999999975	0	-16.408327375198628	0	213.93256296314016
0	5.874999999999974	0	-16.356948237782188	0	213.4698123864322
0	5.812499999999974	0	-16.31892124314242	0	213.05935650412647
0	5.749999999999973	0	-16.29405726137661	0	212.6105774021292
0	5.624999999999974	0	-16.256448492806243	0	212.17248537632875
0	5.562499999999974	0	-16.21424770107189	0	211.5719518076575
0	5.374999999999975	0	-16.136431671505655	0	211.17478229416753
0	5.312499999999974	0	-16.082352380608825	0	210.73255921123538
0	5.249999999999974	0	-16.02270168093133	0	210.16698234189994
0	5.249999999999974	0	-15.982992308251056	0	209.4330669844581
0	5.249999999999974	0	-15.95599437090222	0	208.91795887888676
0	5.187499999999974	0	-15.91623256764166	0	208.32099414535733
0	5.062499999999974	0	-15.852272410145789	0	207.81135086598348
0	4.937499999999974	0	-15.7927592965988	0	207.29758591766975
0	4.812499999999974	0	-15.728804588465366	0	206.59573895423588
0	4.687499999999975	0	-15.642276349414166	0	205.25114961306198
0	4.562499999999975	0	-15.587098625290128	0	204.61689891156746
0	4.499999999999974	0	-15.555109728095825	0	203.95851894113537
0	4.312499999999975	0	-15.49800562554001	0	203.3171479979394
0	4.124999999999974	0	-15.439077707881776	0	202.36767497673083
0	3.9374999999999747	0	-15.358773992925672	0	201.6318850672833
0	3.8124999999999747	0	-15.301448400556223	0	200.9017313511834
0	3.6249999999999747	0	-15.258137665628293	0	200.13575869177268
0	3.4374999999999747	0	-15.204593938867852	0	199.3722577104498
0	3.3124999999999747	0	-15.17821864575165	0	198.6512721366524
0	3.1249999999999747	0	-15.129996067266246	0	197.96669694692554
0	2.9999999999999747	0	-15.126313286846628	0	197.2187890865579
0	2.9374999999999747	0	-15.096636270227556	0	196.47395470742487
0	2.8124999999999747	0	-15.043527981783495	0	195.72121524181043
0	2.7499999999999742	0	-15.042306768115177	0	194.98056667495504
0	2.6249999999999747	0	-15.002218090245274	0	194.14425229853327
0	2.5624999999999742	0	-14.946691838737134	0	193.25504809899206
0	2.4999999999999747	0	-14.891576844957946	0	192.43398172508532
0	2.4999999999999747	0	-14.865010426224947	0	191.4457026936282
0	2.4999999999999747	0	-14.808761593830022	0	189.48217839237506
0	2.4374999999999747	0	-14.733982853132925	0	188.65455780278793
0	2.4374999999999747	0	-14.711587493121122	0	187.78219268715418
0	2.4374999999999747	0	-14.682224550036484	0	186.7461466545862
0	2.3749999999999747	0	-14.630037372497544	0	185.57118267403195
0	2.3124999999999747	0	-14.613217984223954	0	184.46110780238203
0	2.3124999999999747	0	-14.636295837516066	0	183.43586969678145
0	2.2499999999999747	0	-14.592003235127118	0	182.43375132498352
0	2.2499999999999747	0	-14.559843724266196	0	181.61523711593225
0	2.2499999999999747	0	-14.525299350802106	0	180.73602410036708
0	2.3124999999999747	0	-14.507672440604964	0	179.81730528906306
0	2.3124999999999747	0	-14.446755308430294	0	178.85625427495785
0	2.3749999999999747	0	-14.37533523285105	0	178.00054248207897
0	2.3749999999999747	0	-14.290265558866196	0	177.23764921433744
0	2.4999999999999747	0	-14.271221789147974	0	176.37959661993673
0	2.5624999999999742	0	-14.196921865592321	0	175.4356811826665
0	2.6249999999999747	0	-14.082044684844485	0	174.64107698776704
0	2.687499999999975	0	-13.887126167842826	0	173.76554627352564
0	2.8124999999999747	0	-13.740991136543244	0	172.64270603826216
0	3.0624999999999742	0	-13.48788525834646	0	170.73678511668132
0	3.1874999999999747	0	-13.355899885154125	0	169.74646833561874
0	3.3124999999999747	0	-13.243278313728473	0	168.8141989612488
0	3.3749999999999742	0	-13.121752930288615	0	167.8273288748909
0	3.4999999999999747	0	-13.015751665329162	0	166.70857744749622
0	3.4999999999999747	0	-12.910359639321788	0	165.92016606711724
0	3.5624999999999742	0	-12.804913602954148	0	165.16303893953753
0	3.6249999999999747	0	-12.685747829427628	0	164.34597687451273
0	3.687499999999974	0	-12.58545369501073	0	163.4613663160183
0	3.687499999999974	0	-12.467411361029578	0	162.63152739002274
0	3.7499999999999742	0	-12.35538940497661	0	161.78093720147746
0	3.8124999999999747	0	-12.221167077289401	0	160.97247411686226
0	3.8124999999999747	0	-12.073887966191348	0	160.0912214491408
0	3.8749999999999742	0	-11.966542457280148	0	159.31238987134296
0	3.8749999999999742	0	-11.855927037131332	0	158.57819445250783
0	3.9374999999999747	0	-11.701090758452972	0	157.5702046706774
0	3.9999999999999747	0	-11.541103648048825	0	156.66600267108333
0	4.062499999999975	0	-11.379631307859137	0	155.70111265793585
0	4.062499999999975	0	-11.199453355800319	0	154.67125065161594
0	4.124999999999974	0	-11.044657832073568	0	153.71151658233748
0	4.062499999999975	0	-10.656921012845453	0	151.9066999944449
0	3.9999999999999747	0	-10.497266527585099	0	151.03596292419158
0	3.9999999999999747	0	-10.325532091387853	0	149.84669973603067
0	3.9999999999999747	0	-10.118637838300913	0	148.84073181141846
0	3.8749999999999742	0	-9.865674378067487	0	147.48178651070106
0	3.8124999999999747	0	-9.73142399522975	0	146.56290729221
0	3.7499999999999742	0	-9.547887523641924	0	145.3372649199614
0	3.5624999999999742	0	-9.328012978531437	0	144.27244729255693
0	3.4374999999999747	0	-9.178683475978456	0	143.44263521424173
0	3.4374999999999747	0	-9.058491103044329	0	142.57759804208763
0	3.4374999999999747	0	-8.929098950447182	0	141.52870399586192
0	3.4374999999999747	0	-8.796589957342391	0	140.5814223877638
0	3.3749999999999742	0	-8.706937692278569	0	139.64273303578187
0	3.3749999999999742	0	-8.623583086085196	0	138.82339183678388
0	3.3124999999999747	0	-8.508973148231696	0	137.9432684787213
0	3.2499999999999742	0	-8.386780030348863	0	137.04322463184772
0	3.1874999999999747	0	-8.295660689981599	0	136.21696083190128
0	3.1874999999999747	0	-8.229495422731452	0	135.4592267093914
0	3.1874999999999747	0	-8.144946422031763	0	134.6693310485407
0	3.1249999999999747	0	-7.941001567725552	0	132.7817827884609
0	3.1249999999999747	0	-7.891397386057265	0	131.90697625392295
0	3.0624999999999742	0	-7.824334926754837	0	131.01664922322036
0	2.9999999999999747	0	-7.739496170842655	0	130.18806094345808
0	2.9374999999999747	0	-7.667265317148827	0	129.1302239187739
0	2.8124999999999747	0	-7.594039632158889	0	128.27710889201956
0	2.7499999999999742	0	-7.529802907682401	0	127.3459832161298
0	2.6249999999999747	0	-7.454876213221385	0	126.54996261027325
0	2.4999999999999747	0	-7.420882667330125	0	125.87920248876522
0	2.3124999999999747	0	-7.355985536029721	0	125.10296600144886
0	2.2499999999999747	0	-7.300258164978572	0	124.18051119456717
0	2.1249999999999742	0	-7.1813785740730784	0	123.04498094893214
0	2.0624999999999742	0	-7.094491001333115	0	122.14384123414499
0	1.9374999999999745	0	-6.952102117665142	0	121.21144841579903
0	1.9374999999999745	0	-6.819986273058443	0	120.30052824807157
0	1.8124999999999747	0	-6.680345516831744	0	119.33649584777551
0	1.7499999999999745	0	-6.562539455507184	0	118.46545659431783
0	1.6249999999999745	0	-6.4344530440367524	0	117.81378911689234
0	1.4374999999999745	0	-6.157593023800813	0	116.42358631703577
0	1.3749999999999745	0	-6.088972524492528	0	115.5949422557859
0	1.2499999999999745	0	-5.915579749076892	0	114.8072835111806
0	1.1249999999999745	0	-5.776680017996425	0	114.0038758393119
0	0.9374999999999745	0	-5.590113355620441	0	113.37035746005655
0	0.8124999999999745	0	-5.367004983793934	0	112.35575193927525
0	0.8124999999999745	0	-5.283096800107629	0	111.63160285787554
0	0.6874999999999745	0	-5.096568933327376	0	110.69157718730725
0	0.6874999999999745	0	-4.997122816229166	0	109.9214294442555
0	0.6874999999999745	0	-4.9230481514145215	0	109.11784088055359
0	0.6874999999999745	0	-4.813890806388784	0	108.30546875164707
0	0.6874999999999745	0	-4.741502175550461	0	107.48897358972651
0	0.6874999999999745	0	-4.658253781984822	0	106.53454053158391
0	0.7499999999999746	0	-4.6043081971560635	0	105.72694195909904
0	0.7499999999999746	0	-4.508146384756543	0	104.85007495202325
0	0.8124999999999745	0	-4.462412402091319	0	104.03320196929025
0	0.8749999999999746	0	-4.428906848582104	0	102.95291781387152
0	0.9374999999999745	0	-4.411596305982136	0	102.18904182239633
0	0.9374999999999745	0	-4.369196949121401	0	101.39809558502867
0	0.9999999999999746	0	-4.272734352459377	0	99.6046163297492
0	0.9999999999999746	0	-4.199808720504797	0	98.69640692176732
0	0.9999999999999746	0	-4.18485150575054	0	98.05045687197965
0	0.9374999999999745	0	-4.112780079979644	0	97.28959074589677
0	0.9374999999999745	0	-4.0176477648681015	0	96.20126163758216
0	0.9374999999999745	0	-3.960038956616915	0	95.49341033898436
0	0.8749999999999746	0	-3.8920837814801303	0	94.81526028367539
0	0.8124999999999745	0	-3.8435453768973282	0	94.15334025091903
0	0.6874999999999745	0	-3.7446353189135313	0	93.50496501110362
0	0.6249999999999746	0	-3.6765220653004613	0	92.7289921614044
0	0.5624999999999746	0	-3.598652921849463	0	91.98986679092917
0	0.4999999999999746	0	-3.4561278130517503	0	91.32486190508953
0	0.4374999999999746	0	-3.2639058082922845	0	90.58645391849863
0	0.4374999999999746	0	-3.1108002030395765	0	89.58068868335057
0	0.4999999999999746	0	-3.039625152307457	0	88.6957281412083
0	0.4374999999999746	0	-2.9564008248508005	0	87.8092217539068
0	0.4374999999999746	0	-2.8566480833787264	0	86.79936745699648
0	0.4999999999999746	0	-2.8018586777716648	0	85.88665127961973
0	0.5624999999999746	0	-2.7409592365464044	0	85.02743060088608
0	0.5624999999999746	0	-2.6180536609111855	0	82.82143933754585
0	0.5624999999999746	0	-2.559644617886322	0	81.93471553791765
0	0.5624999999999746	0	-2.5105293735195	0	81.05710482199649
0	0.4999999999999746	0	-2.452683670237518	0	80.05448674369534
0	0.5624999999999746	0	-2.377704069148789	0	78.79777826505278
0	0.5624999999999746	0	-2.26962998246456	0	77.72745550064664
0	0.5624999999999746	0	-2.2243226150364643	0	76.8626934593908
0	0.5624999999999746	0	-2.175333871135357	0	75.99796756112517
0	0.5624999999999746	0	-2.1257333006646837	0	75.25842653443706
0	0.5624999999999746	0	-2.060973508419512	0	74.47485356203362
0	0.5624999999999746	0	-1.9830913648185657	0	73.47970987140259
0	0.5624999999999746	0	-1.9696901282445445	0	72.67722401477121
0	0.4374999999999746	0	-1.8684783562897016	0	71.75418140745214
0	0.3749999999999746	0	-1.7747750913637301	0	70.82163937921011
0	0.3749999999999746	0	-1.716837074470976	0	69.84454509416233
0	0.3124999999999746	0	-1.6670365228245987	0	68.9834586982352
0	0.24999999999997455	0	-1.5918143274767649	0	68.03223479852531
0	0.18749999999997455	0	-1.434748552822435	0	66.42588025737189
0	0.24999999999997455	0	-1.4242420575319892	0	65.42255914825984
0	0.18749999999997455	0	-1.1677652224928288	0	63.11151210272289
0	0.18749999999997455	0	-1.078369736649237	0	62.23190855838921
0	0.24999999999997455	0	-1.0217759846588272	0	61.197495112655
0	0.18749999999997455	0	-0.8906917937273986	0	59.93896526422033
0	0.062499999999974576	0	-0.7267992437377789	0	58.227509467071
0	0.062499999999974576	0	-0.6701804250777926	0	56.94823049039789
0	-2.5432013409983668E-14	0	-0.5437937546707418	0	55.95434965896155
0	0.062499999999974576	0	-0.488686402613223	0	54.97314105744002
0	0.062499999999974576	0	-0.4710009774637036	0	53.94784698061489
0	0.062499999999974576	0	-0.48092116614113745	0	52.91700045660255
0	-2.5432013409983668E-14	0	-0.4151275288675749	0	51.85317026770608
0	-2.5432013409983668E-14	0	-0.3746304360673942	0	50.98432354944766
0	-2.5432013409983668E-14	0	-0.37831198995832005	0	49.96085156777036
0	-0.1250000000000431	0	-0.31726726758447643	0	48.94857100257676
0	-0.18750000000000105	0	-0.2570230208972751	0	47.67652955410929
0	-0.2500000000000099	0	-0.23533899967020286	0	46.24075502550547
0	-0.3125000000000187	0	-0.19533179866803085	0	45.25768600307597
0	-0.4375000000000364	0	-0.1636180152062372	0	44.28208561457309
0	-0.5000000000000452	0	-0.15227271468304676	0	43.34881573654816
0	-0.6875000000000209	0	-0.08903777808493467	0	40.955334964151234
0	-0.7500000000000296	0	-0.04732842571814065	0	40.14123413951275
0	-0.8125000000000385	0	-0.04593265195442457	0	38.80297448947472
0	-0.8750000000000474	0	-0.008457182545529983	0	37.80104144398616
0	-0.9375000000000053	0	0.04144996843012478	0	36.194992564585235
0	-0.9375000000000053	0	0.03583441831017309	0	35.2893009497687
0	-0.9375000000000053	0	0.07240379334318052	0	34.26141148046734
0	-1.0000000000000142	0	0.12709693368261624	0	33.44500671849666
0	-1.0000000000000142	0	0.1461961310389342	0	32.535191011144136
0	-0.9375000000000053	0	0.16539254922294638	0	31.63264119705082
0	-1.0000000000000142	0	0.20104898177367025	0	30.89573399958965
0	-1.0000000000000142	0	0.2590556153398672	0	29.999967619191214
0	-1.0000000000000142	0	0.32378171550268287	0	29.067262803118766
0	-1.0625000000000229	0	0.40817937077329175	0	28.207886391763783
0	-1.1250000000000318	0	0.4798902373414815	0	27.30814435075155
0	-1.1874999999999898	0	0.5274797080141087	0	26.45115114552964
0	-1.1874999999999898	0	0.5611567470757981	0	25.588784390248602
0	-1.2499999999999987	0	0.5973143052155356	0	24.85348873701294
0	-1.3125000000000073	0	0.701844014182028	0	23.280639134283437
0	-1.3125000000000073	0	0.7460455018155738	0	22.557852483752068
0	-1.3125000000000073	0	0.7889126611949475	0	21.857191524932766
0	-1.3125000000000073	0	0.8162712699354171	0	21.202917390209553
0	-1.3750000000000162	0	0.8595107237820541	0	20.52809910179671
0	-1.437500000000025	0	0.9191632450470579	0	19.637365507642865
0	-1.5625000000000429	0	0.9685515395885118	0	19.063602003186073
0	-1.5625000000000429	0	0.9754070602202949	0	18.437318041924488
0	-1.6250000000000515	0	0.9808104222584761	0	17.97692287280475
0	-1.6875000000000095	0	0.9824490111319016	0	17.396916070967166
0	-1.8125000000000273	0	1.0137455863459133	0	16.92656992787257
0	-1.875000000000036	0	1.0451151329911383	0	16.417354030163985
0	-1.937499999999994	0	1.0800977811571464	0	15.981636220156402
0	-2.0000000000000027	0	1.0998276409202572	0	15.544554655380859
0	-2.1250000000000204	0	1.13169538841808	0	15.057350179245933
0	-2.1875000000000293	0	1.1343207627144154	0	14.491857052183214
0	-2.250000000000038	0	1.1411718797399026	0	14.007227615855632
0	-2.312500000000047	0	1.1508669245534962	0	13.610883899008684
0	-2.312500000000047	0	1.1515079903424041	0	13.170553744317617
0	-2.375000000000056	0	1.1735687422848786	0	12.25596709096664
0	-2.375000000000056	0	1.1701527094556503	0	11.684977320856653
0	-2.4375000000000138	0	1.1771084080344887	0	11.196571216194629
0	-2.4375000000000138	0	1.1651663535963468	0	10.699619693861992
0	-2.4375000000000138	0	1.1642191803356374	0	10.157981485148108
0	-2.375000000000056	0	1.1648126658676516	0	9.516680812244816
0	-2.312500000000047	0	1.1666556225143558	0	9.06142852212187
0	-2.250000000000038	0	1.1823283730583312	0	8.61670780764353
0	-2.250000000000038	0	1.216735384781758	0	8.132700282730278
0	-2.1875000000000293	0	1.2144814476353418	0	7.642647341842618
0	-2.1875000000000293	0	1.224085884486886	0	7.170697919484736
0	-2.1250000000000204	0	1.2171437291075726	0	6.782148766710447
0	-2.0625000000000115	0	1.2221547603343816	0	6.406070827551837
0	-1.875000000000036	0	1.2026426488799487	0	5.977178717006712
0	-1.8125000000000273	0	1.2285722555512557	0	5.51763995740394
0	-1.6875000000000095	0	1.2284415995470546	0	5.130643784190344
0	-1.6250000000000515	0	1.2604694533806404	0	4.7612961402609315
0	-1.6250000000000515	0	1.3120555962025648	0	4.437567113464036
0	-1.5625000000000429	0	1.3293890971800868	0	4.118385787515758
0	-1.5625000000000429	0	1.3659872568987073	0	3.5023392903410797
0	-1.500000000000034	0	1.3512248944368959	0	3.207964885301969
0	-1.437500000000025	0	1.335846933007067	0	2.9467423957675365
0	-1.3750000000000162	0	1.3284522192762303	0	2.698207625057569
0	-1.2499999999999987	0	1.3051170640668484	0	2.367028465947777
0	-1.1874999999999898	0	1.2977767680089685	0	2.085345535089859
0	-1.1250000000000318	0	1.2893382728588174	0	1.7392429036376316
0	-1.1250000000000318	0	1.2870585926553182	0	1.529398640915976
0	-1.1250000000000318	0	1.2977341497759944	0	1.322982233691642
0	-1.1874999999999898	0	1.3279608227950241	0	1.118122407826819
0	-1.3125000000000073	0	1.3605080853981952	0	0.9906037469822467
0	-1.3750000000000162	0	1.3798659972164113	0	0.8245582457901566
0	-1.437500000000025	0	1.416321333429754	0	0.6893611175856473
0	-1.437500000000025	0	1.4452426374796197	0	0.521071918787221
0	-1.437500000000025	0	1.466803151029287	0	0.3529674344152137
0	-1.3750000000000162	0	1.476539708671829	0	0.19608660168163908
0	-1.3125000000000073	0	1.4813421164134315	0	0.055904753279752806
0	-1.1874999999999898	0	1.4650573707298067	0	-0.08211706167902824
0	-1.1250000000000318	0	1.4721187617445608	0	-0.2241589237877125
0	-1.0000000000000142	0	1.4654481043799168	0	-0.36423426013309
0	-0.7500000000000296	0	1.4644751826998799	0	-0.58382984855581
0	-0.6875000000000209	0	1.4267480215329715	0	-0.5853544018215235
0	-0.6875000000000209	0	1.427079329648295	0	-0.5577447353694303
0	-0.6875000000000209	0	1.4330209198847905	0	-0.5228387528198434
0	-0.6875000000000209	0	1.4352370468456306	0	-0.4915698847151591
0	-0.6875000000000209	0	1.4357892270378365	0	-0.4455537739616702
0	-0.6875000000000209	0	1.4250104069492575	0	-0.423333517553866
0	-0.6875000000000209	0	1.4195989096972799	0	-0.41406403378010354
0	-0.6875000000000209	0	1.4195989096972799	0	-0.41406403378010354
0	-0.6875000000000209	0	1.4194663864511505	0	-0.42510790036094087
0	-0.6875000000000209	0	1.4192676015819563	0	-0.4416737002321969
0	-0.6875000000000209	0	1.4192013399588916	0	-0.44719563352261554
0	-0.6875000000000209	0	1.4191571655435151	0	-0.4508769223828947
0	-0.6875000000000209	0	1.4191571655435151	0	-0.4508769223828947
0	-0.6875000000000209	0	1.4191571655435151	0	-0.4508769223828947
0	-0.6875000000000209	0	1.4191571655435151	0	-0.4508769223828947
0	-0.6875000000000209	0	1.4191571655435151	0	-0.4508769223828947
0	-0.6875000000000209	0	1.4191571655435151	0	-0.4508769223828947
0	-0.6875000000000209	0	1.4191571655435151	0	-0.4508769223828947
0	-0.6875000000000209	0	1.4191571655435151	0	-0.4508769223828947
0	-0.6875000000000209	0	1.4191571655435151	0	-0.4508769223828947
0	-0.6875000000000209	0	1.4191571655435151	0	-0.4508769223828947
0	-0.6875000000000209	0	1.4191571655435151	0	-0.4508769223828947
0	-0.6875000000000209	0	1.4191571655435151	0	-0.4508769223828947
0	-0.6875000000000209	0	1.4191571655435151	0	-0.4508769223828947
0	-0.6875000000000209	0	1.4191571655435151	0	-0.4508769223828947
0	-0.6875000000000209	0	1.4191571655435151	0	-0.4508769223828947
0	-0.6875000000000209	0	1.4191571655435151	0	-0.4508769223828947
0	-0.6875000000000209	0	1.4191571655435151	0	-0.4508769223828947
0	-0.6875000000000209	0	1.4191571655435151	0	-0.4508769223828947
0	-0.6875000000000209	0	1.4191571655435151	0	-0.4508769223828947
0	-0.6875000000000209	0	1.4191571655435151	0	-0.4508769223828947
0	-0.6875000000000209	0	1.4191571655435151	0	-0.4508769223828947
0	-0.6875000000000209	0	1.4191571655435151	0	-0.4508769223828947
0	-0.6875000000000209	0	1.4191571655435151	0	-0.4508769223828947
0	-0.6875000000000209	0	1.4191571655435151	0	-0.4508769223828947
0	-0.6875000000000209	0	1.4191571655435151	0	-0.4508769223828947
0	-0.6875000000000209	0	1.4191571655435151	0	-0.4508769223828947
0	-0.6875000000000209	0	1.4191571655435151	0	-0.4508769223828947
0	-0.6875000000000209	0	1.4191571655435151	0	-0.4508769223828947
0	-0.6875000000000209	0	1.4191571655435151	0	-0.4508769223828947
0	-0.6875000000000209	0	1.4191571655435151	0	-0.4508769223828947
0	-0.6875000000000209	0	1.4191571655435151	0	-0.4508769223828947
0	-0.6875000000000209	0	1.4191571655435151	0	-0.4508769223828947
0	-0.6875000000000209	0	1.4191571655435151	0	-0.4508769223828947
0	-0.6875000000000209	0	1.4191571655435151	0	-0.4508769223828947
0	-0.6875000000000209	0	1.4191571655435151	0	-0.4508769223828947
0	-0.6875000000000209	0	1.4191571655435151	0	-0.4508769223828947
0	-0.6875000000000209	0	1.4191571655435151	0	-0.4508769223828947
0	-0.6875000000000209	0	1.4191571655435151	0	-0.4508769223828947
0	-0.6875000000000209	0	1.4191571655435151	0	-0.4508769223828947
0	-0.6875000000000209	0	1.4191571655435151	0	-0.4508769223828947
0	-0.6875000000000209	0	1.4191571655435151	0	-0.4508769223828947
0	-0.6875000000000209	0	1.4191571655435151	0	-0.4508769223828947
0	-0.6875000000000209	0	1.4191571655435151	0	-0.4508769223828947
0	-0.6875000000000209	0	1.4191571655435151	0	-0.4508769223828947
0	-0.6875000000000209	0	1.4191571655435151	0	-0.4508769223828947
0	-0.6875000000000209	0	1.4191571655435151	0	-0.4508769223828947
0	-0.6875000000000209	0	1.4191571655435151	0	-0.4508769223828947
0	-0.6875000000000209	0	1.4191571655435151	0	-0.4508769223828947
0	-0.6875000000000209	0	1.4191571655435151	0	-0.4508769223828947
0	-0.6875000000000209	0	1.4191571655435151	0	-0.4508769223828947
0	-0.6875000000000209	0	1.4191571655435151	0	-0.4508769223828947
0	-0.6875000000000209	0	1.4191571655435151	0	-0.4508769223828947
0	-0.6875000000000209	0	1.4191571655435151	0	-0.4508769223828947
0	-0.6875000000000209	0	1.4191571655435151	0	-0.4508769223828947
0	-0.6875000000000209	0	1.4191571655435151	0	-0.4508769223828947
0	-0.6875000000000209	0	1.4191571655435151	0	-0.4508769223828947
0	-0.6875000000000209	0	1.4191571655435151	0	-0.4508769223828947
0	-0.6875000000000209	0	1.4191571655435151	0	-0.4508769223828947
0	-0.6875000000000209	0	1.4191571655435151	0	-0.4508769223828947
0	-0.6875000000000209	0	1.4191571655435151	0	-0.4508769223828947
0	-0.6875000000000209	0	1.4191571655435151	0	-0.4508769223828947
0	-0.6875000000000209	0	1.4191571655435151	0	-0.4508769223828947
0	-0.6875000000000209	0	1.4191571655435151	0	-0.4508769223828947
0	-0.6875000000000209	0	1.4191571655435151	0	-0.4508769223828947
0	-0.6875000000000209	0	1.4191571655435151	0	-0.4508769223828947
0	-0.6875000000000209	0	1.4191571655435151	0	-0.4508769223828947
0	-0.6875000000000209	0	1.4191571655435151	0	-0.4508769223828947
0	-0.6875000000000209	0	1.4191571655435151	0	-0.4508769223828947
0	-0.6875000000000209	0	1.4191571655435151	0	-0.4508769223828947
0	-0.6875000000000209	0	1.4191571655435151	0	-0.4508769223828947
0	-0.6875000000000209	0	1.4191571655435151	0	-0.4508769223828947
0	-0.6875000000000209	0	1.4191571655435151	0	-0.4508769223828947
0	-0.6875000000000209	0	1.4191571655435151	0	-0.4508769223828947
0	-0.6875000000000209	0	1.4191571655435151	0	-0.4508769223828947
0	-0.6875000000000209	0	1.4191571655435151	0	-0.4508769223828947
0	-0.6875000000000209	0	1.4191571655435151	0	-0.4508769223828947
0	-0.6875000000000209	0	1.4191571655435151	0	-0.4508769223828947
0	-0.6875000000000209	0	1.4191571655435151	0	-0.4508769223828947
0	-0.6875000000000209	0	1.4191571655435151	0	-0.4508769223828947
0	-0.6875000000000209	0	1.4191571655435151	0	-0.4508769223828947
0	-0.6875000000000209	0	1.4191571655435151	0	-0.4508769223828947
0	-0.6875000000000209	0	1.4191571655435151	0	-0.4508769223828947
0	-0.6875000000000209	0	1.4191571655435151	0	-0.4508769223828947
0	-0.6875000000000209	0	1.4191571655435151	0	-0.4508769223828947
0	-0.6875000000000209	0	1.4191571655435151	0	-0.4508769223828947
0	-0.6875000000000209	0	1.4191571655435151	0	-0.4508769223828947
0	-0.6875000000000209	0	1.4191571655435151	0	-0.4508769223828947
0	-0.6875000000000209	0	1.4191571655435151	0	-0.4508769223828947
0	-0.6875000000000209	0	1.4191571655435151	0	-0.4508769223828947
0	-0.6875000000000209	0	1.4191571655435151	0	-0.4508769223828947
0	-0.6875000000000209	0	1.4191571655435151	0	-0.4508769223828947
0	-0.6875000000000209	0	1.4191571655435151	0	-0.4508769223828947
0	-0.6875000000000209	0	1.4191571655435151	0	-0.4508769223828947
0	-0.6875000000000209	0	1.4191571655435151	0	-0.4508769223828947
0	-0.6875000000000209	0	1.4191571655435151	0	-0.4508769223828947
0	-0.6875000000000209	0	1.4191571655435151	0	-0.4508769223828947
0	-0.6875000000000209	0	1.4191571655435151	0	-0.4508769223828947
0	-0.6875000000000209	0	1.4191571655435151	0	-0.4508769223828947
0	-0.6875000000000209	0	1.4191571655435151	0	-0.4508769223828947
0	-0.6875000000000209	0	1.4191571655435151	0	-0.4508769223828947
0	-0.6875000000000209	0	1.4191571655435151	0	-0.4508769223828947
0	-0.6875000000000209	0	1.4191571655435151	0	-0.4508769223828947
0	-0.6875000000000209	0	1.4191571655435151	0	-0.4508769223828947
0	-0.6875000000000209	0	1.4191571655435151	0	-0.4508769223828947
0	-0.6875000000000209	0	1.4191571655435151	0	-0.4508769223828947
0	-0.6875000000000209	0	1.4191571655435151	0	-0.4508769223828947
0	-0.6875000000000209	0	1.4191571655435151	0	-0.4508769223828947
0	-0.6875000000000209	0	1.4191571655435151	0	-0.4508769223828947
0	-0.6875000000000209	0	1.4191571655435151	0	-0.4508769223828947
0	-0.6875000000000209	0	1.4191571655435151	0	-0.4508769223828947
0	-0.6875000000000209	0	1.4191571655435151	0	-0.4508769223828947
0	-0.6875000000000209	0	1.4191571655435151	0	-0.4508769223828947
0	-0.6875000000000209	0	1.4191571655435151	0	-0.4508769223828947
0	-0.6875000000000209	0	1.4191571655435151	0	-0.4508769223828947
0	-0.6875000000000209	0	1.4191571655435151	0	-0.4508769223828947
0	-0.6875000000000209	0	1.4191571655435151	0	-0.4508769223828947
0	-0.6875000000000209	0	1.4191571655435151	0	-0.4508769223828947
0	-0.6875000000000209	0	1.4191571655435151	0	-0.4508769223828947
0	-0.6875000000000209	0	1.4191571655435151	0	-0.4508769223828947
0	-0.6875000000000209	0	1.4191571655435151	0	-0.4508769223828947
0	-0.6875000000000209	0	1.4191571655435151	0	-0.4508769223828947
0	-0.6875000000000209	0	1.4191571655435151	0	-0.4508769223828947