0	0.0	0	0.0	0	0.0
0	0.0	0	0.0	0	0.0
0	0.0	0	0.0	0	0.0
0	0.0	0	0.0	0	0.0
0	0.0	0	0.0	0	0.0
0	0.0	0	0.0	0	0.0
0	0.0	0	0.0	0	0.0
0	0.0	0	0.0	0	0.0
0	0.0	0	0.0	0	0.0
0	0.0	0	0.0	0	0.0
0	0.0	0	0.0	0	0.0
0	0.0	0	0.0	0	0.0
0	0.0	0	0.0	0	0.0
0	0.0	0	0.0	0	0.0
0	0.0	0	0.0	0	0.0
0	0.0	0	0.0	0	0.0
0	0.0	0	0.0	0	0.0
0	0.0	0	0.0	0	0.0
0	0.0	0	0.0	0	0.0
0	0.0	0	0.0	0	0.0
0	0.0	0	0.0	0	0.0
0	0.0	0	0.0	0	0.0
0	0.0	0	0.0	0	0.0
0	0.0	0	0.0	0	0.0
0	0.0	0	0.0	0	0.0
0	0.0	0	0.0	0	0.0
0	0.0	0	0.0	0	0.0
0	0.0	0	0.0	0	0.0
0	0.0	0	0.0	0	0.0
0	0.0	0	0.0	0	0.0
0	0.0	0	0.0	0	0.0
0	0.0	0	0.0	0	0.0
0	0.0	0	0.0	0	0.0
0	0.0	0	0.0	0	0.0
0	0.0	0	0.0	0	0.0
0	0.0	0	0.0	0	0.0
0	0.0	0	0.0	0	0.0
0	0.0	0	0.0	0	0.0
0	0.0	0	0.0	0	0.0
0	0.0	0	0.0	0	0.0
0	0.0	0	0.0	0	0.0
0	0.0	0	0.0	0	0.0
0	0.0	0	0.0	0	0.0
0	0.0	0	0.0	0	0.0
0	0.0	0	0.0	0	0.0
0	0.0	0	0.0	0	0.0
0	0.0	0	0.0	0	0.0
0	0.0	0	0.0	0	0.0
0	0.0	0	0.0	0	0.0
0	0.0	0	0.0	0	0.0
0	0.0	0	0.0	0	0.0
0	0.0	0	0.0	0	0.0
0	0.0	0	0.0	0	0.0
0	0.0	0	0.0	0	0.0
0	0.0	0	0.0	0	0.0
0	0.0	0	0.0	0	0.0
0	0.0	0	0.0	0	0.0
0	0.0	0	0.0	0	0.0
0	0.0	0	0.0	0	0.0
0	0.0	0	0.0	0	0.0
0	0.0	0	0.0	0	0.0
0	0.0	0	0.0	0	0.0
0	0.0	0	0.0	0	0.0
0	0.0	0	0.0	0	0.0
0	0.0	0	0.0	0	0.0
0	0.0	0	0.0	0	0.0
0	0.0	0	0.0	0	0.0
0	0.0	0	0.0	0	0.0
0	0.0	0	0.0	0	0.0
0	0.0	0	0.0	0	0.0
0	0.0	0	0.0	0	0.0
0	0.0	0	0.0	0	0.0
0	0.0	0	0.0	0	0.0
0	0.0	0	0.0	0	0.0
0	0.0	0	0.0	0	0.0
0	0.0	0	0.0	0	0.0
0	0.0	0	0.0	0	0.0
0	0.0	0	0.0	0	0.0
0	0.0	0	0.0	0	0.0
0	0.0	0	0.0	0	0.0
0	0.0	0	0.0	0	0.0
0	0.0	0	0.0	0	0.0
0	0.0	0	0.0	0	0.0
0	0.0	0	0.0	0	0.0
0	0.0	0	-0.0018407769454627694	0	0.0018407769454627694
0	0.0	0	-0.0018407769454627694	0	0.0018407769454627694
0	0.0	0	-0.0018407769454627694	0	0.0018407769454627694
0	0.0	0	-0.0018407769454627694	0	0.0018407769454627694
0	0.0	0	-0.0018407769454627694	0	0.003681553890925539
0	0.0	0	-0.0018407769454627694	0	0.007363107781851078
0	0.0	0	-0.0018407769454627694	0	0.007363107781851078
0	0.0	0	-0.0018407769454627694	0	0.007363107781851078
0	0.0	0	-0.003681553890925539	0	0.007363107781851078
0	0.0	0	-0.003681553890925539	0	0.007363107781851078
0	0.0	0	-0.005522330836388308	0	0.007363107781851078
0	0.0	0	-0.005522330836388308	0	0.007363107781851078
0	0.0	0	-0.005522330836388308	0	0.007363107781851078
0	0.0	0	-0.005522330836388308	0	0.007363107781851078
0	0.0	0	-0.005522330836388308	0	0.007363107781851078
0	0.0	0	-0.005522330836388308	0	0.007363107781851078
0	0.0	0	-0.005522330836388308	0	0.007363107781851078
0	0.0	0	-0.005522330836388308	0	0.007363107781851078
0	0.0	0	-0.005522330836388308	0	0.007363107781851078
0	0.0	0	-0.005522330836388308	0	0.007363107781851078
0	0.0	0	-0.005522330836388308	0	0.007363107781851078
0	0.0	0	-0.005522330836388308	0	0.007363107781851078
0	0.0	0	-0.005522330836388308	0	0.007363107781851078
0	0.0	0	-0.005522330836388308	0	0.007363107781851078
0	0.0	0	-0.005522330836388308	0	0.007363107781851078
0	0.0	0	-0.005522330836388308	0	0.011044661672776616
0	0.0	0	-0.005522330836388308	0	0.018407769454627694
0	0.0	0	-0.005522330836388308	0	0.02577087723647877
0	0.0	0	-0.003681553890925539	0	0.03313398501832985
0	0.0	0	-0.003681553890925539	0	0.04601942363656924
0	0.0	0	-0.0018407769454627694	0	0.060745639200271394
0	0.0	0	-0.0018407769454627694	0	0.07547185476397356
0	0.0	0	-0.0018407769454627694	0	0.07547185476397356
0	0.0	0	-0.0018407769454627694	0	0.06810874698212248
0	0.0	0	-0.0018407769454627694	0	0.05338253141842032
0	0.0	0	-0.0018407769454627694	0	0.05154175447295755
0	0.0	0	-0.0018407769454627694	0	0.05154175447295755
0	0.0	0	-0.0018407769454627694	0	0.05154175447295755
0	0.0	0	-0.003681553890925539	0	0.0423378697456437
0	-0.0625	0	0.008231180173470708	0	0.059028191507179084
0	-0.0625	0	0.008229172197713106	0	0.05718741565689731
0	-0.0625	0	0.008229172197713106	0	0.05718741565689731
0	-0.0625	0	0.008229172197713106	0	0.05718741565689731
0	-0.0625	0	0.008229172197713106	0	0.05718741565689731
0	-0.0625	0	0.008229172197713106	0	0.05718741565689731
0	-0.0625	0	0.008229172197713106	0	0.05718741565689731
0	-0.0625	0	0.008229172197713106	0	0.05718741565689731
0	-0.0625	0	0.008229172197713106	0	0.05718741565689731
0	-0.0625	0	0.008227164221955505	0	0.055346639806615534
0	-0.0625	0	0.008227164221955505	0	0.055346639806615534
0	-0.0625	0	0.008227164221955505	0	0.055346639806615534
0	-0.0625	0	0.008227164221955505	0	0.055346639806615534
0	-0.0625	0	0.008227164221955505	0	0.055346639806615534
0	-0.0625	0	0.008227164221955505	0	0.055346639806615534
0	-0.0625	0	0.008227164221955505	0	0.055346639806615534
0	-0.0625	0	0.008227164221955505	0	0.055346639806615534
0	-0.0625	0	0.008227164221955505	0	0.055346639806615534
0	-0.0625	0	0.008227164221955505	0	0.055346639806615534
0	-0.0625	0	0.008237204100743512	0	0.06455051905802442
0	-0.0625	0	0.008285395518925948	0	0.10872913946478707
0	-0.0625	0	-8.602524355124947E-4	0	0.16212167900174662
0	-0.12500000000000883	0	0.0018668180307716015	0	0.20827150693186994
0	-0.12500000000000883	0	0.0018668180307716015	0	0.20827150693186994
0	-0.12500000000000883	0	0.0018427223360162643	0	0.1972268715434293
0	-0.12500000000000883	0	0.0018226425903868167	0	0.18802300871972877
0	-0.12500000000000883	0	0.0018226425903868167	0	0.18802300871972877
0	-0.12500000000000883	0	-0.003619356121315702	0	0.22485050786190852
0	-0.18750000000001768	0	-0.021058255999725328	0	0.3005160102624811
0	-0.18750000000001768	0	-0.021058255999725328	0	0.3005160102624811
0	-0.18750000000001768	0	-0.021058255999725328	0	0.3005160102624811
0	-0.18750000000001768	0	-0.021034160328863117	0	0.30787907861784775
0	-0.18750000000001768	0	-0.020998016822569802	0	0.3189236811508977
0	-0.18750000000001768	0	-0.02097392115170759	0	0.32628674950626435
0	-0.18750000000001768	0	-0.022808664322833693	0	0.3281335405128216
0	-0.18750000000001768	0	-0.024649431411675363	0	0.32813956443053716
0	-0.18750000000001768	0	-0.024649431411675363	0	0.32813956443053716
0	-0.18750000000001768	0	-0.024649431411675363	0	0.32813956443053716
0	-0.18750000000001768	0	-0.024649431411675363	0	0.32813956443053716
0	-0.18750000000001768	0	-0.024631359658528706	0	0.33366186569706213
0	-0.18750000000001768	0	-0.013514470112892104	0	0.3557149272568687
0	-0.06249999999999999	0	-0.028093668766163808	0	0.37018420958206893
0	1.2424041724466862E-17	0	-0.025170201991701217	0	0.4289525781304382
0	0.06250000000000001	0	-0.02594219559593194	0	0.5337394810266695
0	0.125	0	-0.024987720932733364	0	0.6440518262506147
0	0.1875	0	-0.03889176348067952	0	0.7653616107736896
0	0.125	0	-0.03443548946928813	0	1.212816484466113
0	0.06250000000000001	0	-0.03622773661468974	0	1.4688184217601805
0	1.2424041724466862E-17	0	-0.03586782341711589	0	1.7100959812644483
0	1.2424041724466862E-17	0	-0.04507170814442974	0	1.9236261069381295
0	-0.06249999999999999	0	-0.042617866252657774	0	2.174105001564239
0	-0.12500000000000883	0	-0.03068693296267319	0	2.431924098476951
0	-0.12500000000000883	0	-0.03745164680187606	0	2.7062152744197303
0	-0.12500000000000883	0	-0.04045048057995505	0	3.0191546423237994
0	-0.12500000000000883	0	-0.041696892674063506	0	3.291592997854461
0	-0.12500000000000883	0	-0.04117481928769787	0	3.530893431270674
0	-0.12500000000000883	0	-0.040672825646961674	0	3.7609900018631874
0	-0.06249999999999999	0	-0.05547857317493038	0	4.007533469259478
0	1.2424041724466862E-17	0	-0.061248965588793704	0	4.30007995352984
0	1.2424041724466862E-17	0	-0.052045080861479846	0	4.6185343650949
0	0.06250000000000001	0	-0.0636890436522475	0	4.881615943260818
0	0.06250000000000001	0	-0.05487872764932852	0	5.242418049794834
0	0.06250000000000001	0	-0.06328597844440842	0	6.199613460038328
0	1.2424041724466862E-17	0	-0.05581596225991451	0	6.556859691121222
0	1.2424041724466862E-17	0	-0.06133829309630282	0	6.982079165523121
0	1.2424041724466862E-17	0	-0.06133829309630282	0	7.396253978252244
0	0.06250000000000001	0	-0.06917018576226283	0	7.778990002637993
0	0.1875	0	-0.06692018371367295	0	8.091655436678298
0	0.25	0	-0.041042151736469204	0	8.48003870530114
0	0.375	0	-0.03840834013620281	0	8.991525313007838
0	0.375	0	-0.011510667265855076	0	9.381954431388339
0	0.375	0	-0.004981584814627957	0	9.790658399479561
0	0.375	0	0.0026171778168167844	0	10.317181616563072
0	0.4375	0	0.0011929306696847682	0	10.753310200025037
0	0.5	0	0.015871351440072685	0	11.18774080532658
0	0.625	0	0.04257280962253277	0	11.61852269643112
0	0.75	0	0.07744109928710116	0	12.06052653210466
0	0.8125000000000001	0	0.10072715164942465	0	12.5007092838964
0	0.9375000000000001	0	0.10574570551526484	0	13.008636283833921
0	1.0	0	0.16116388098777681	0	14.384733803011272
0	1.0	0	0.19457359327378804	0	15.002071183092195
0	1.0625	0	0.2318736744877427	0	15.593616189179643
0	1.1250000000000002	0	0.26168078546175116	0	16.155609021019412
0	1.1875	0	0.2762854866366335	0	16.8093900136563
0	1.2500000000000002	0	0.2889149359165934	0	17.433699638348404
0	1.3749999999999998	0	0.321155478665618	0	18.045508872076777
0	1.5625	0	0.3511091736471603	0	18.603867658061166
0	1.7500000000000002	0	0.39086449653913585	0	19.061388970597818
0	1.8750000000000002	0	0.42811220191003624	0	19.63327659305412
0	2.0625	0	0.4273768867459584	0	20.318039048104644
0	2.1875	0	0.43871944849884575	0	20.96477714271657
0	2.3125000000000004	0	0.4533895588785251	0	21.582253642962332
0	2.5000000000000004	0	0.42093231082366594	0	22.23635394024471
0	2.5625000000000004	0	0.3997330086603471	0	22.92993458963029
0	2.6875000000000004	0	0.3972553308015258	0	23.552407034579222
0	2.9375	0	0.43597273112677093	0	25.026507474625504
0	3.0	0	0.4127935491642311	0	25.69058701024419
0	3.0625000000000004	0	0.3711257383250572	0	26.233869110038878
0	3.0625000000000004	0	0.3374920943435481	0	26.862515740273928
0	3.0625000000000004	0	0.3263096028145144	0	27.48498990620149
0	3.125	0	0.2991312586434133	0	27.986648826343696
0	3.125	0	0.3064529489368726	0	28.595409596730118
0	3.1875	0	0.2628874899434702	0	29.28973705390539
0	3.3125	0	0.19507772470519866	0	29.938258539509903
0	3.3125	0	0.17252260242752565	0	30.550957662767708
0	3.3750000000000004	0	0.16919923005623264	0	31.210766603726256
0	3.4375	0	0.1553491189547199	0	31.78515428114421
0	3.4375	0	0.15189020935880934	0	32.39534190556465
0	3.5	0	0.11559198615894943	0	32.901987823160596
0	3.562500000000001	0	0.08583014245409906	0	33.44407758396069
0	3.562500000000001	0	0.07931718031764731	0	34.052304609322654
0	3.625	0	0.07014920618521521	0	34.63997083124248
0	3.562500000000001	0	0.08772663901411021	0	35.268276201388886
0	3.562500000000001	0	0.07384979539785262	0	36.7650170972201
0	3.625	0	0.06615718341717433	0	37.59993481596079
0	3.625	0	0.0808593654517458	0	38.270407865515665
0	3.562500000000001	0	0.08415559345121906	0	38.91995616053723
0	3.625	0	0.07322383599895883	0	39.476154772654745
0	3.6875000000000004	0	0.06801754500065757	0	40.10837747588844
0	3.8125000000000004	0	0.08664798557980537	0	40.90631746137789
0	3.8125000000000004	0	0.12547951982965927	0	41.48634622746266
0	3.8750000000000004	0	0.13337610834757757	0	41.9996517858802
0	3.8750000000000004	0	0.15308482001308807	0	42.580315137805634
0	3.8750000000000004	0	0.1775274140048383	0	43.20004403042602
0	4.000000000000001	0	0.18301031984767557	0	43.9899229316779
0	4.0625	0	0.18298006165037917	0	44.67443097541847
0	4.000000000000001	0	0.16835751248088204	0	45.47808180272522
0	3.937500000000001	0	0.1677936439330177	0	46.12212930388047
0	3.937500000000001	0	0.14926265853911994	0	46.766650103897746
0	4.000000000000001	0	0.12792331593660283	0	48.26706900581519
0	4.000000000000001	0	0.0847797189394919	0	49.14793736856006
0	4.000000000000001	0	0.07223623870299206	0	49.88147847316764
0	4.125000000000001	0	0.031210816205463877	0	50.54264083955188
0	4.250000000000002	0	0.007523459412620986	0	51.2254119401316
0	4.312500000000001	0	-0.028756282559096343	0	51.88525300954567
0	4.312500000000001	0	-0.06940950268170674	0	52.54674859718455
0	4.312500000000001	0	-0.08886645725138645	0	53.22091861119862
0	4.375	0	-0.13718837924648322	0	53.75985358866427
0	4.500000000000001	0	-0.17692096547953667	0	54.24576264321622
0	4.500000000000001	0	-0.16146583310536342	0	54.847081411284016
0	4.625000000000001	0	-0.19622120078766891	0	55.615947274516536
0	4.625000000000001	0	-0.24925148231172045	0	56.31713123435079
0	4.562500000000001	0	-0.29832351059258977	0	57.039075426107225
0	4.562500000000001	0	-0.3514172452276939	0	57.63499288175161
0	4.562500000000001	0	-0.4199042617945096	0	58.331246537296586
0	4.500000000000001	0	-0.45223945494080675	0	58.947404118183066
0	4.437500000000001	0	-0.5505663015429676	0	60.21386226620642
0	4.437500000000001	0	-0.6130291899344245	0	61.13770961032307
0	4.500000000000001	0	-0.6396149132825479	0	61.78728249676476
0	4.562500000000001	0	-0.6777665370822734	0	62.62431525846438
0	4.562500000000001	0	-0.7109411363451308	0	63.36401265308506
0	4.625000000000001	0	-0.7411426740676101	0	63.90069417002014
0	4.687500000000001	0	-0.7767360611067441	0	64.63641893584798
0	4.75	0	-0.7947571109737886	0	65.25911004944416
0	4.812500000000001	0	-0.8279182121554272	0	65.81036681843737
0	4.875	0	-0.8679451321847637	0	66.37029006062396
0	4.937500000000001	0	-0.9326170281257106	0	66.97428372055855
0	5.000000000000001	0	-0.9875708398666533	0	67.58650555228387
0	5.062500000000001	0	-1.0467920313873316	0	68.17617241711433
0	5.062500000000001	0	-1.1078674113836775	0	68.86560456417793
0	5.062500000000001	0	-1.173166088932964	0	69.60271021077254
0	5.125000000000001	0	-1.2250773985192278	0	70.08028758368422
0	5.25	0	-1.279246483675623	0	71.18599324793226
0	5.312500000000001	0	-1.319692486873016	0	71.96779865486364
0	5.375000000000001	0	-1.354915264169011	0	72.5023782450951
0	5.375000000000001	0	-1.3807708241562118	0	73.0915957053276
0	5.437500000000001	0	-1.4075424060753141	0	73.60850558339395
0	5.500000000000001	0	-1.4274841655576604	0	74.10575573044521
0	5.5625	0	-1.4627129901306375	0	74.58305302767793
0	5.5625	0	-1.5031079692375549	0	75.1117709456572
0	5.625000000000001	0	-1.566865411806608	0	75.59182002197844
0	5.5625	0	-1.6183294795299168	0	76.17323061975002
0	5.5625	0	-1.6807797268393116	0	76.81446870936419
0	5.5625	0	-1.695072691711207	0	77.37901945468631
0	5.5625	0	-1.6925454884013764	0	77.78985148777906
0	5.625000000000001	0	-1.7222963003426959	0	78.20481179166141
0	5.625000000000001	0	-1.753719940011616	0	78.74922320196268
0	5.625000000000001	0	-1.7793146211717201	0	79.27201251043228
0	5.6875	0	-1.8248268226734745	0	79.78715882217244
0	5.6875	0	-1.8290111808185863	0	80.31210901084461
0	5.812500000000001	0	-1.817033192471128	0	81.38621217488061
0	5.875000000000002	0	-1.838555451870781	0	82.10555241658041
0	5.9375	0	-1.91307958344253	0	82.73800724365184
0	5.875000000000002	0	-1.9859129533763638	0	83.40422897606553
0	5.812500000000001	0	-2.036060363273377	0	83.98395142707848
0	5.6875	0	-2.0628583535987057	0	84.57906328156854
0	5.5625	0	-2.0839801518590826	0	85.18575534880107
0	5.500000000000001	0	-2.1113666435103298	0	85.6418783191544
0	5.437500000000001	0	-2.1896668698942467	0	86.26510280862357
0	5.312500000000001	0	-2.278796458472804	0	86.97068715846139
0	5.25	0	-2.3717717187157046	0	87.55565811398354
0	5.062500000000001	0	-2.415812153760386	0	88.1435101316592
0	4.937500000000001	0	-2.4606597552462515	0	88.7385369398005
0	4.687500000000001	0	-2.5157375936446136	0	89.50656565165852
0	4.562500000000001	0	-2.6219671661816326	0	90.26285914204117
0	4.437500000000001	0	-2.7126166390137674	0	90.91707114156218
0	4.187500000000001	0	-2.7649965042079043	0	91.5542179115496
0	3.7500000000000004	0	-2.8747685857770193	0	92.94243020299297
0	3.562500000000001	0	-2.9458796029543244	0	93.74621687113151
0	3.375000000000001	0	-2.997587204667484	0	94.43505313610463
0	3.125000000000001	0	-3.0132496711567	0	95.1168200370102
0	2.937500000000001	0	-3.046036933510529	0	95.72931925370038
0	2.8125000000000004	0	-3.092366519084732	0	96.28389603142278
0	2.625000000000001	0	-3.10721503662395	0	96.82905539045247
0	2.437500000000001	0	-3.129402035019598	0	97.55995494649663
0	2.375000000000001	0	-3.1600400330709864	0	98.0709954239157
0	2.250000000000001	0	-3.1541286545277734	0	98.56704693106008
0	2.125000000000001	0	-3.14214174874513	0	99.1203724508696
0	2.0625000000000004	0	-3.145598349356014	0	99.57166604562971
0	1.9375000000000009	0	-3.141689091117966	0	100.19092011243981
0	1.8750000000000007	0	-3.162305925509503	0	100.75395976534308
0	1.8125000000000007	0	-3.2032587778459396	0	101.39186806441259
0	1.6875000000000009	0	-3.200673846094404	0	101.9667831666712
0	1.5625000000000007	0	-3.18436155498781	0	102.55492160539048
0	1.5625000000000007	0	-3.192744788889892	0	103.06477780735176
0	1.4375000000000009	0	-3.1678485516142336	0	103.78011485468966
0	1.2500000000000007	0	-3.1555748742579532	0	105.58330279741548
0	1.1250000000000009	0	-3.124907644685213	0	106.37401582322323
0	1.1250000000000009	0	-3.1047186134978904	0	107.03353748400572
0	1.1250000000000009	0	-3.0846463507119988	0	107.98027341897054
0	1.0625000000000007	0	-3.0605449952748995	0	108.9032424331456
0	1.0625000000000007	0	-3.072292478861474	0	109.7351988225541
0	1.0000000000000007	0	-3.0669156986696	0	110.35034073954729
0	1.0000000000000007	0	-3.07679187218528	0	111.12709455090611
0	1.0000000000000007	0	-3.0865809830424227	0	111.79338644110443
0	0.8750000000000007	0	-3.0676943957437413	0	112.6094991543533
0	0.8125000000000008	0	-3.081936552936779	0	113.30899745572118
0	0.7500000000000007	0	-3.0908348906935834	0	113.94966107333792
0	0.6875000000000007	0	-3.1049343958473297	0	114.746740150303
0	0.6250000000000007	0	-3.098085737859136	0	115.55693934090063
0	0.6250000000000007	0	-3.1057359752922435	0	116.25823363113577
0	0.5625000000000007	0	-3.0960819442680365	0	116.90828880355305
0	0.5000000000000007	0	-3.082298436950591	0	117.5822938620845
0	0.5000000000000007	0	-3.0652765981489107	0	118.37400663631054
0	0.4375000000000007	0	-3.157646237560267	0	120.37257494813046
0	0.3125000000000007	0	-3.1711907972715734	0	121.18271997540812
0	0.2500000000000007	0	-3.169903422498338	0	121.96519773478458
0	0.1875000000000007	0	-3.156737974962715	0	122.7513912669519
0	0.1250000000000007	0	-3.1312847657371132	0	123.44923761350648
0	0.06250000000000071	0	-3.112517777778884	0	124.17281848707542
0	7.081703782946112E-16	0	-3.1115017926279847	0	124.95712395317801
0	-0.06249999999999929	0	-3.1113726487440765	0	125.65123183569779
0	-0.12500000000000813	0	-3.101282488018832	0	126.36188607714347
0	-0.12500000000000813	0	-3.0998407622826374	0	127.02272342788517
0	-0.18750000000001696	0	-3.0724707476409603	0	127.67624797324905
0	-0.18750000000001696	0	-3.0700852762256012	0	128.40519174043035
0	-0.18750000000001696	0	-3.067693780892527	0	129.13597627470048
0	-0.2499999999999749	0	-3.0397875997465316	0	129.70847658234896
0	-0.2499999999999749	0	-3.018954378021142	0	130.26430560918067
0	-0.2499999999999749	0	-2.9717963247189783	0	130.94703458986336
0	-0.18750000000001696	0	-2.9698922906566523	0	131.4586295177974
0	-0.18750000000001696	0	-2.968036924000262	0	132.0255857811606
0	-0.18750000000001696	0	-2.956571567680604	0	133.2791240729909
0	-0.18750000000001696	0	-2.942252505642411	0	133.7171844727112
0	-0.18750000000001696	0	-2.9258035284650292	0	134.2435956687782
0	-0.18750000000001696	0	-2.9092220250979057	0	134.81050374079973
0	-0.18750000000001696	0	-2.9075533998906975	0	135.32039622440885
0	-0.18750000000001696	0	-2.905945013860645	0	135.81188103712955
0	-0.18750000000001696	0	-2.9023753823874396	0	136.34017516770942
0	-0.18750000000001696	0	-2.9003453221172983	0	136.96051367664907
0	-0.18750000000001696	0	-2.8821338887813774	0	137.46298887664338
0	-0.18750000000001696	0	-2.867700372306589	0	137.9360238510517
0	-0.18750000000001696	0	-2.8550052163194772	0	138.440357889888
0	-0.18750000000001696	0	-2.8534691173020112	0	138.90975349754262
0	-0.2499999999999749	0	-2.834915323386638	0	139.41418537969142
0	-0.2499999999999749	0	-2.8326985247447474	0	139.9222349803271
0	-0.31249999999998374	0	-2.8135764203993063	0	140.43216862458223
0	-0.2499999999999749	0	-2.8189592726120885	0	140.87016379791447
0	-0.2499999999999749	0	-2.7653377520829294	0	141.3466955957502
0	-0.18750000000001696	0	-2.73583225151898	0	141.85635941535247
0	-0.12500000000000813	0	-2.717887201375159	0	142.37528301003687
0	-0.06249999999999929	0	-2.716978819595523	0	142.92369621619713
0	0.1250000000000007	0	-2.6767840737561377	0	144.30761276250468
0	0.1875000000000007	0	-2.6562597110221597	0	144.929728032741
0	0.1875000000000007	0	-2.655647823147291	0	145.3052505427824
0	0.1875000000000007	0	-2.6623628601214953	0	145.66970435461988
0	0.1250000000000007	0	-2.655985494753991	0	146.0987556500355
0	0.1250000000000007	0	-2.6570095617810927	0	146.56815265404424
0	0.06250000000000071	0	-2.6226248271987074	0	147.0193160622707
0	0.06250000000000071	0	-2.5715911212574905	0	147.48508857571318
0	0.1250000000000007	0	-2.517254242216829	0	147.9986475345181
0	0.1250000000000007	0	-2.464662979817166	0	148.36139619229655
0	0.1250000000000007	0	-2.4399885180221728	0	148.86398332575837
0	0.1250000000000007	0	-2.4259530807539047	0	149.18062833448667
0	0.1875000000000007	0	-2.430868141263706	0	149.49893125457848
0	0.1875000000000007	0	-2.411722080228394	0	149.83585789493137
0	0.2500000000000007	0	-2.407893001831047	0	150.20573705535716
0	0.3125000000000007	0	-2.3842673473215017	0	150.5904567474487
0	0.3125000000000007	0	-2.3236396291227455	0	150.94974426707336
0	0.5625000000000007	0	-2.2727284550316615	0	151.65104179145612
0	0.6875000000000007	0	-2.26630828492953	0	152.02454717200928
0	0.8125000000000008	0	-2.265393478607107	0	152.3133157029884
0	0.8750000000000007	0	-2.2385784902873853	0	152.58789597285474
0	1.0000000000000007	0	-2.2365995182180303	0	152.8638137425817
0	1.1250000000000009	0	-2.2230704296572754	0	153.18784278150383
0	1.1875000000000007	0	-2.2061048377137653	0	153.515785977356
0	1.3125000000000007	0	-2.1996349551638437	0	153.86549750981888
0	1.3125000000000007	0	-2.193092382653743	0	154.22285185470372
0	1.3125000000000007	0	-2.2018624554378476	0	154.6056330049809
0	1.3125000000000007	0	-2.202611644984303	0	155.04015320608343
0	1.3750000000000004	0	-2.1985237853989026	0	155.40285157710792
0	1.4375000000000009	0	-2.1910668478419857	0	155.7619659607348
0	1.5000000000000009	0	-2.1833240334123456	0	156.0161460055518
0	1.6250000000000007	0	-2.1909199797340015	0	156.25873570057604
0	1.6875000000000009	0	-2.183223085735788	0	156.5516358726287
0	1.6875000000000009	0	-2.164895969149532	0	156.92969880923425
0	1.6875000000000009	0	-2.171247479830861	0	157.33281674872669
0	1.6250000000000007	0	-2.197524463000385	0	157.79995204094396
0	1.3750000000000004	0	-2.239751530248207	0	159.02943035658353
0	1.3750000000000004	0	-2.2348206242818622	0	159.36098399781557
0	1.4375000000000009	0	-2.234034846162472	0	159.60944984890642
0	1.4375000000000009	0	-2.215568299255324	0	159.90084757415678
0	1.5000000000000009	0	-2.229686382535252	0	160.1452481533821
0	1.5000000000000009	0	-2.2289663741881585	0	160.4693548066602
0	1.4375000000000009	0	-2.220674401720263	0	160.8729553874514
0	1.4375000000000009	0	-2.256042318644749	0	161.25506999296934
0	1.3125000000000007	0	-2.272664441972825	0	161.5919093098412
0	1.1250000000000009	0	-2.276657062772265	0	161.91627230014674
0	1.0625000000000007	0	-2.3132416767228445	0	162.2139866066509
0	0.8750000000000007	0	-2.3108594653099206	0	162.56421300647997
0	0.8125000000000008	0	-2.3454519905411555	0	162.81975190663437
0	0.6875000000000007	0	-2.3515818307285787	0	163.07767594750214
0	0.5625000000000007	0	-2.3562479669165888	0	163.40189212634417
0	0.5625000000000007	0	-2.364173540474683	0	163.6466494473142
0	0.5000000000000007	0	-2.3498146218374756	0	163.9304008838059
0	0.5000000000000007	0	-2.3518707633234492	0	164.16601136115852
0	0.4375000000000007	0	-2.3001038573675445	0	164.79610557946953
0	0.5000000000000007	0	-2.302326533775355	0	165.00028335883198
0	0.5000000000000007	0	-2.286039861139594	0	165.24341729965545
0	0.5000000000000007	0	-2.2640704318872893	0	165.4681923627518
0	0.5625000000000007	0	-2.268215961606852	0	165.65394229176053
0	0.6250000000000007	0	-2.287562531278848	0	165.87081896980237
0	0.5625000000000007	0	-2.2862433531264066	0	166.1415748891452
0	0.5625000000000007	0	-2.310644763337545	0	166.37696612547674
0	0.5625000000000007	0	-2.3294337513636547	0	166.6032081351111
0	0.5000000000000007	0	-2.3426653561778634	0	166.884877950094
0	0.4375000000000007	0	-2.339366547946395	0	167.2016616086969
0	0.3750000000000007	0	-2.3277166900892046	0	167.4448613972977
0	0.3125000000000007	0	-2.3138342985655536	0	167.67149186347862
0	0.3125000000000007	0	-2.3152800342298114	0	167.93655980098308
0	0.2500000000000007	0	-2.299128959539446	0	168.13557195808477
0	0.2500000000000007	0	-2.2999803387279982	0	168.33069245687963
0	0.2500000000000007	0	-2.3005265065093337	0	168.45586409761594
0	0.1875000000000007	0	-2.289279060910593	0	168.581210463835
0	0.1875000000000007	0	-2.2893513479231795	0	168.6032996689011
0	0.1875000000000007	0	-2.289248941322015	0	168.57200662839077
0	0.1875000000000007	0	-2.289164606473997	0	168.54623588914697
0	0.1875000000000007	0	-2.289098343379126	0	168.52598745116973
0	0.1875000000000007	0	-2.289062199872833	0	168.51494284863665
0	0.1875000000000007	0	-2.2890561759551176	0	168.51310208154783
0	0.1875000000000007	0	-2.289092319461411	0	168.52414668408088
0	0.1875000000000007	0	-2.2909933257274075	0	168.54254833105156
0	0.1875000000000007	0	-2.2910294692337008	0	168.5535929335846
0	0.1875000000000007	0	-2.291041517069132	0	168.5572744677623
0	0.1875000000000007	0	-2.291041517069132	0	168.5572744677623
0	0.1875000000000007	0	-2.291041517069132	0	168.5572744677623
0	0.1875000000000007	0	-2.291035493151416	0	168.55543370067346
0	0.1875000000000007	0	-2.291035493151416	0	168.55543370067346
0	0.1875000000000007	0	-2.291035493151416	0	168.55543370067346
0	0.1875000000000007	0	-2.291035493151416	0	168.55543370067346
0	0.1875000000000007	0	-2.291035493151416	0	168.55543370067346
0	0.1875000000000007	0	-2.291035493151416	0	168.55543370067346
0	0.1875000000000007	0	-2.291035493151416	0	168.55543370067346
0	0.1875000000000007	0	-2.291035493151416	0	168.55543370067346
0	0.1875000000000007	0	-2.291035493151416	0	168.55543370067346
0	0.1875000000000007	0	-2.291035493151416	0	168.55543370067346
0	0.1875000000000007	0	-2.291035493151416	0	168.55543370067346
0	0.1875000000000007	0	-2.291035493151416	0	168.55543370067346
0	0.1875000000000007	0	-2.291035493151416	0	168.55543370067346
0	0.1875000000000007	0	-2.291035493151416	0	168.55543370067346
0	0.1875000000000007	0	-2.291035493151416	0	168.55543370067346
0	0.1875000000000007	0	-2.291035493151416	0	168.55543370067346
0	0.1875000000000007	0	-2.291035493151416	0	168.55543370067346
0	0.1875000000000007	0	-2.291035493151416	0	168.55543370067346
0	0.1875000000000007	0	-2.291035493151416	0	168.55543370067346
0	0.1875000000000007	0	-2.291035493151416	0	168.55543370067346
0	0.1875000000000007	0	-2.291035493151416	0	168.55543370067346
0	0.1875000000000007	0	-2.291035493151416	0	168.55543370067346
0	0.1875000000000007	0	-2.291035493151416	0	168.55543370067346
0	0.1875000000000007	0	-2.291035493151416	0	168.55543370067346
0	0.1875000000000007	0	-2.291035493151416	0	168.55543370067346
0	0.1875000000000007	0	-2.291035493151416	0	168.55543370067346
0	0.1875000000000007	0	-2.291035493151416	0	168.55543370067346
0	0.1875000000000007	0	-2.291035493151416	0	168.55543370067346
0	0.1875000000000007	0	-2.291035493151416	0	168.55543370067346
0	0.1875000000000007	0	-2.291035493151416	0	168.55543370067346
0	0.1875000000000007	0	-2.291035493151416	0	168.55543370067346
0	0.1875000000000007	0	-2.291035493151416	0	168.55543370067346
0	0.1875000000000007	0	-2.291035493151416	0	168.55543370067346
0	0.1875000000000007	0	-2.291035493151416	0	168.55543370067346
0	0.1875000000000007	0	-2.291035493151416	0	168.55543370067346
0	0.1875000000000007	0	-2.291035493151416	0	168.55543370067346
0	0.1875000000000007	0	-2.291035493151416	0	168.55543370067346
0	0.1875000000000007	0	-2.291035493151416	0	168.55543370067346
0	0.1875000000000007	0	-2.291035493151416	0	168.55543370067346
0	0.1875000000000007	0	-2.291035493151416	0	168.55543370067346
0	0.1875000000000007	0	-2.291035493151416	0	168.55543370067346
0	0.1875000000000007	0	-2.291035493151416	0	168.55543370067346
0	0.1875000000000007	0	-2.291035493151416	0	168.55543370067346
0	0.1875000000000007	0	-2.291035493151416	0	168.55543370067346
0	0.1875000000000007	0	-2.291035493151416	0	168.55543370067346
0	0.1875000000000007	0	-2.291035493151416	0	168.55543370067346
0	0.1875000000000007	0	-2.291035493151416	0	168.55543370067346
0	0.1875000000000007	0	-2.291035493151416	0	168.55543370067346
0	0.1875000000000007	0	-2.291035493151416	0	168.55543370067346
0	0.1875000000000007	0	-2.291035493151416	0	168.55543370067346
0	0.1875000000000007	0	-2.291035493151416	0	168.55543370067346
0	0.1875000000000007	0	-2.291035493151416	0	168.55543370067346
0	0.1875000000000007	0	-2.291035493151416	0	168.55543370067346
0	0.1875000000000007	0	-2.291035493151416	0	168.55543370067346
0	0.1875000000000007	0	-2.291035493151416	0	168.55543370067346
0	0.1875000000000007	0	-2.291035493151416	0	168.55543370067346
0	0.1875000000000007	0	-2.291035493151416	0	168.55543370067346
0	0.1875000000000007	0	-2.291035493151416	0	168.55543370067346
0	0.1875000000000007	0	-2.291047540986847	0	168.55911523485113
0	0.1875000000000007	0	-2.291065612739994	0	168.56463753611766
0	0.1875000000000007	0	-2.2910716366577097	0	168.5664783032065
0	0.1875000000000007	0	-2.2929124037465516	0	168.5664722792888
0	0.1875000000000007	0	-2.2929124037465516	0	168.5664722792888
0	0.1875000000000007	0	-2.2929124037465516	0	168.5664722792888
0	0.1875000000000007	0	-2.2928883080756894	0	168.55910921093343
0	0.1875000000000007	0	-2.2928702363225426	0	168.5535869096669
0	0.1875000000000007	0	-2.2928702363225426	0	168.5535869096669
0	0.1875000000000007	0	-2.2928943319934048	0	168.56094997802228
0	0.1875000000000007	0	-2.292918427664267	0	168.56831304637765
0	0.1875000000000007	0	-2.292918427664267	0	168.56831304637765
0	0.1875000000000007	0	-2.292918427664267	0	168.56831304637765
0	0.1875000000000007	0	-2.292918427664267	0	168.56831304637765
0	0.1875000000000007	0	-2.292918427664267	0	168.56831304637765
0	0.1875000000000007	0	-2.292918427664267	0	168.56831304637765
0	0.1875000000000007	0	-2.292918427664267	0	168.56831304637765
0	0.1875000000000007	0	-2.292918427664267	0	168.56831304637765
0	0.1875000000000007	0	-2.292918427664267	0	168.56831304637765
0	0.1875000000000007	0	-2.292918427664267	0	168.56831304637765
0	0.1875000000000007	0	-2.292918427664267	0	168.56831304637765
0	0.1875000000000007	0	-2.292918427664267	0	168.56831304637765
0	0.1875000000000007	0	-2.2929364994174137	0	168.57383534764418
0	0.1875000000000007	0	-2.2929425233351295	0	168.57567611473303
0	0.1875000000000007	0	-2.2929425233351295	0	168.57567611473303
0	0.1875000000000007	0	-2.2929545711705606	0	168.5793576489107
0	0.1875000000000007	0	-2.2912101867651673	0	168.60881594624988
0	0.2500000000000007	0	-2.3050296882089567	0	168.63070877314843
0	0.2500000000000007	0	-2.295914241766502	0	168.65099728619265
0	0.2500000000000007	0	-2.295930305524777	0	168.65467880503783
0	0.2500000000000007	0	-2.2959784967996004	0	168.66572336157338
0	0.2500000000000007	0	-2.2960588155909734	0	168.6841309557993
0	0.2500000000000007	0	-2.2961471662614836	0	168.70437930944783
0	0.2500000000000007	0	-2.296251580690268	0	168.72830918194154
0	0.2500000000000007	0	-2.294555395092146	0	168.76145088342736
0	0.2500000000000007	0	-2.2947401283123035	0	168.803788350147
0	0.2500000000000007	0	-2.285857606364831	0	168.8774588864464
0	0.2500000000000007	0	-2.275214643786137	0	168.96954504885088
0	0.3125000000000007	0	-2.2855572367721546	0	169.0466658803168
0	0.3125000000000007	0	-2.286069268153246	0	169.14054410818295
0	0.3750000000000007	0	-2.2933205140936095	0	169.33364555091407
0	0.3125000000000007	0	-2.2749695044338405	0	169.45721559297343
0	0.2500000000000007	0	-2.26396722711274	0	169.59914079134612
0	0.2500000000000007	0	-2.270075832557541	0	169.733492133558
0	0.2500000000000007	0	-2.276080023573557	0	169.84391360327615
0	0.2500000000000007	0	-2.2784187595026615	0	169.95803265559778
0	0.2500000000000007	0	-2.2788685447343493	0	170.06111518326296
0	0.2500000000000007	0	-2.2794869994279203	0	170.20285365880264
0	0.2500000000000007	0	-2.274583175853713	0	170.3446162299797
0	0.2500000000000007	0	-2.253128581234443	0	170.4901326069142
0	0.2500000000000007	0	-2.2392940444379374	0	170.6945211578551
0	0.2500000000000007	0	-2.227436809009359	0	170.93019458710094
0	0.2500000000000007	0	-2.221093819969423	0	171.16400316128681
0	0.2500000000000007	0	-2.2002978394394104	0	171.46046181087394
0	0.2500000000000007	0	-2.19232291983445	0	171.7421381619263
0	0.2500000000000007	0	-2.188037550953813	0	172.02563920864304
0	0.2500000000000007	0	-2.1783262863550448	0	172.33125346406828
0	0.2500000000000007	0	-2.159523670951233	0	172.66267851080553
0	0.2500000000000007	0	-2.1190802686078394	0	173.51882440741056
0	0.3125000000000007	0	-2.126578687024313	0	173.8518319438875
0	0.3125000000000007	0	-2.1173714787016213	0	174.1887493534521
0	0.3125000000000007	0	-2.110125497916955	0	174.54774571797773
0	0.3125000000000007	0	-2.1011592455383075	0	174.92884111712638
0	0.3125000000000007	0	-2.0981971537457547	0	175.3982623759502
0	0.3125000000000007	0	-2.093595109007235	0	175.90450866592505
0	0.3125000000000007	0	-2.0837820503317612	0	176.467848311939
0	0.3125000000000007	0	-2.08054888310216	0	176.88756933248072
0	0.3750000000000007	0	-2.0886515082310755	0	177.27579127400668
0	0.3750000000000007	0	-2.081857374819613	0	177.64399901667804
0	0.4375000000000007	0	-2.0974853370094486	0	177.98429617713583
0	0.4375000000000007	0	-2.1025729261832597	0	178.40948919954658
0	0.5000000000000007	0	-2.14903540804569	0	178.90413404400104
0	0.4375000000000007	0	-2.1612781725671737	0	179.49140048349483
0	0.4375000000000007	0	-2.1761175503138097	0	179.9883114354152
0	0.3750000000000007	0	-2.1634688395134325	0	180.53893336422877
0	0.3750000000000007	0	-2.070858813418375	0	181.01447012824025
0	0.3750000000000007	0	-2.1099101157151434	0	182.19970027842464
0	0.3750000000000007	0	-2.1299465114117964	0	182.7297242539825
0	0.3750000000000007	0	-2.134389567449554	0	183.1273115103337
0	0.3125000000000007	0	-2.129725526128178	0	183.5968772903948
0	0.3750000000000007	0	-2.147130791782509	0	184.26852415880228
0	0.3750000000000007	0	-2.1326845617926367	0	184.5926023920993
0	0.4375000000000007	0	-2.146873393940694	0	185.00654359089373
0	0.4375000000000007	0	-2.1494174750075556	0	185.3397145049085
0	0.4375000000000007	0	-2.1521302244324407	0	185.69497409830547
0	0.4375000000000007	0	-2.1553630346278996	0	186.11834045313086
0	0.3750000000000007	0	-2.1423769881149797	0	186.63030753800376
0	0.3750000000000007	0	-2.1488535460065377	0	187.0573345468894
0	0.3750000000000007	0	-2.1518293454237245	0	187.5119967141031
0	0.4375000000000007	0	-2.1660784165577933	0	187.93698241029352
0	0.4375000000000007	0	-2.1638593353902134	0	188.3695945486177
0	0.5000000000000007	0	-2.1840338671426536	0	188.78531257022658
0	0.5000000000000007	0	-2.1877606235859806	0	189.21235656042813
0	0.5000000000000007	0	-2.1916158888721813	0	189.65412620546428
0	0.5625000000000007	0	-2.1862658478089485	0	191.00707541011667
0	0.5000000000000007	0	-2.1574489006337427	0	191.48424149904267
0	0.5625000000000007	0	-2.1707984795410913	0	191.9110538919933
0	0.5625000000000007	0	-2.16499247943775	0	192.25719363793198
0	0.5625000000000007	0	-2.1673650538239317	0	192.8738603401517
0	0.6250000000000007	0	-2.181083823160964	0	193.28961367591322
0	0.6250000000000007	0	-2.1866056480798735	0	193.79579721873384
0	0.6250000000000007	0	-2.1747984503358575	0	194.23221611354387
0	0.6875000000000007	0	-2.168687496235722	0	194.64451581990912
0	0.6875000000000007	0	-2.1603087755931463	0	195.0201618941114
0	0.8125000000000008	0	-2.189674727852752	0	195.39318443892745
0	0.8125000000000008	0	-2.1900521884871287	0	195.8092365084015
0	0.8750000000000007	0	-2.20606678813652	0	196.26173841208998
0	0.9375000000000008	0	-2.2306940849458403	0	196.76747926817734
0	0.9375000000000008	0	-2.239338036576849	0	197.2957115317834
0	0.9375000000000008	0	-2.259567300789721	0	197.85689263523312
0	0.9375000000000008	0	-2.2807669792200893	0	198.25236575391696
0	0.8125000000000008	0	-2.299852642619729	0	199.2777739170405
0	0.8125000000000008	0	-2.3161689624572	0	199.6494168564672
0	0.8125000000000008	0	-2.3361925688357355	0	200.02284818212658
0	0.7500000000000007	0	-2.3359427848885743	0	200.42615154887665
0	0.6875000000000007	0	-2.3373286352166	0	200.845997642766
0	0.6875000000000007	0	-2.3498596195362067	0	201.2766200905879
0	0.6875000000000007	0	-2.3694586416844086	0	201.8360213868965
0	0.6250000000000007	0	-2.3649367930275584	0	202.26145083853882
0	0.5625000000000007	0	-2.365384591490176	0	202.6794583122928
0	0.5000000000000007	0	-2.363776659862899	0	203.11957009856968
0	0.5000000000000007	0	-2.3955798636763985	0	203.59975363346607
0	0.4375000000000007	0	-2.4036351797713253	0	204.1355089137307
0	0.3750000000000007	0	-2.3996600575895153	0	204.6253272774972
0	0.3125000000000007	0	-2.4006025991451607	0	205.1059072777564
0	0.3125000000000007	0	-2.4071554899436802	0	205.63234157397127
0	0.2500000000000007	0	-2.393076631851518	0	206.1479605843554
0	0.2500000000000007	0	-2.3948195496243088	0	206.54740537905806
0	0.2500000000000007	0	-2.4056136588064563	0	206.91183558533578
0	0.2500000000000007	0	-2.416359576713779	0	207.26522123507795
0	0.2500000000000007	0	-2.432391930193591	0	208.40828464523335
0	0.1875000000000007	0	-2.4210707277623236	0	208.85760895898665
0	0.1875000000000007	0	-2.4261558347677306	0	209.28649564285132
0	0.1875000000000007	0	-2.431018056817662	0	209.64727394442886
0	0.1250000000000007	0	-2.42264731318181	0	210.04135482676435
0	0.1875000000000007	0	-2.453582101929337	0	210.58782961744305
0	0.1875000000000007	0	-2.4677023746829168	0	210.9651447032316
0	0.1875000000000007	0	-2.4854800859433177	0	211.33508467282934
0	0.1250000000000007	0	-2.4737089129477896	0	211.7936001668538
0	0.1250000000000007	0	-2.4766259598782683	0	212.28692319825504
0	0.1250000000000007	0	-2.4830960415661987	0	212.72133347568632
0	0.1250000000000007	0	-2.4838671037983695	0	213.07476180811645
0	0.1250000000000007	0	-2.4847305328604357	0	213.47052790953555
0	0.1875000000000007	0	-2.5044540570870315	0	213.86425444814716
0	0.1875000000000007	0	-2.5114763138647294	0	214.3225873815156
0	0.1250000000000007	0	-2.5123897518439495	0	214.73505577833137
0	0.1250000000000007	0	-2.520576111673718	0	215.1123980903066
0	0.06250000000000071	0	-2.5063435287609828	0	215.53408713737824
0	0.1250000000000007	0	-2.5237967797451852	0	216.23524872260447
0	0.1875000000000007	0	-2.5326865388932793	0	216.82229286900198
0	0.2500000000000007	0	-2.537997002422883	0	217.16267950899626
0	0.2500000000000007	0	-2.5360744651087628	0	217.56582188630242
0	0.2500000000000007	0	-2.5382350405966925	0	218.0609861709799
0	0.2500000000000007	0	-2.542846798321649	0	218.69604013989536
0	0.1875000000000007	0	-2.5322283840605073	0	219.27421692326885
0	0.1875000000000007	0	-2.5246028150577735	0	219.75652802013394
0	0.1875000000000007	0	-2.506071193629447	0	220.2812129035487
0	0.1875000000000007	0	-2.4747686570158254	0	220.84091452907546
0	0.1875000000000007	0	-2.475108548140013	0	221.50727823915383
0	0.1250000000000007	0	-2.495795131219973	0	222.23263557831916
0	0.06250000000000071	0	-2.508158686938214	0	222.90648160490153
0	7.081703782946112E-16	0	-2.501359334257744	0	223.57113685429601
0	7.081703782946112E-16	0	-2.501359334257744	0	224.34978550222678
0	7.081703782946112E-16	0	-2.501359334257744	0	224.9167448014293
0	7.081703782946112E-16	0	-2.5068816650941326	0	225.49106720841368
0	-0.06249999999999929	0	-2.5250618889009195	0	226.09499715402725
0	-0.2499999999999749	0	-2.5138773501789164	0	227.2495108198112
0	-0.31249999999998374	0	-2.4934902231132097	0	228.14600555272307
0	-0.31249999999998374	0	-2.4775428276956415	0	228.707363891537
0	-0.31249999999998374	0	-2.470759020784082	0	229.27613542776996
0	-0.37499999999999256	0	-2.4560727851437707	0	229.90757417486506
0	-0.37499999999999256	0	-2.45574235246565	0	230.52056386426185
0	-0.4375000000000014	0	-2.43764971008948	0	230.97524614575474
0	-0.4375000000000014	0	-2.434135785963981	0	231.43542696621714
0	-0.4375000000000014	0	-2.43095919855453	0	231.85143042791512
0	-0.37499999999999256	0	-2.4348885097136517	0	232.34649821493284
0	-0.37499999999999256	0	-2.4222632551770134	0	232.86920743149804
0	-0.4375000000000014	0	-2.401978495433932	0	233.38830189210455
0	-0.4375000000000014	0	-2.399855512302219	0	233.90739991328263
0	-0.5000000000000102	0	-2.3791611415452745	0	234.4025423500668
0	-0.5625000000000191	0	-2.3578563881134076	0	234.90686553462015
0	-0.5625000000000191	0	-2.3388298663870652	0	235.3448047629478
0	-0.5000000000000102	0	-2.3483055842356464	0	235.73869142646424
0	-0.5000000000000102	0	-2.331854515865691	0	236.14721590288514
0	-0.5000000000000102	0	-2.32622279814661	0	236.58160665689863
0	-0.5000000000000102	0	-2.3331547563005652	0	237.05292399323596
0	-0.5625000000000191	0	-2.3304530569795316	0	237.77281058821185
0	-0.6250000000000279	0	-2.308350583809863	0	238.51642220326352
0	-0.6250000000000279	0	-2.301690869179466	0	238.95816230672548
0	-0.5625000000000191	0	-2.314889575611093	0	239.46623324145338
0	-0.6250000000000279	0	-2.300252800975199	0	239.9871795652227
0	-0.6250000000000279	0	-2.3233851143766273	0	240.39794959221464
0	-0.6875000000000366	0	-2.310942374956015	0	240.8250266269486
0	-0.6875000000000366	0	-2.3062157125107317	0	241.21892453499848
0	-0.7499999999999947	0	-2.283682348971067	0	241.68452128358842
0	-0.8125000000000034	0	-2.243494163881522	0	242.04491541441774
0	-0.8125000000000034	0	-2.2308329249548207	0	242.4184511513377
0	-0.7499999999999947	0	-2.243142569526523	0	242.75536616975788
0	-0.7499999999999947	0	-2.2427276536317575	0	243.06831963088752
0	-0.8125000000000034	0	-2.222233798842549	0	243.47501700343693
0	-0.8125000000000034	0	-2.2286832545544035	0	243.7991177882085
0	-0.8750000000000123	0	-2.214207166919767	0	244.13409274476436
0	-0.9375000000000211	0	-2.205174409548511	0	244.44889555546857
0	-1.062499999999988	0	-2.1850334329080865	0	244.8354207220688
0	-1.1875000000000056	0	-2.1639319299741238	0	245.34157366165238
0	-1.3124999999999725	0	-2.147181760891198	0	245.75205974474915
0	-1.3124999999999725	0	-2.146112751892035	0	245.87908219398906
0	-1.2499999999999636	0	-2.161135745002118	0	245.98054020065214
0	-1.1875000000000056	0	-2.177618644635804	0	246.02309235167718
0	-1.1249999999999967	0	-2.1893494993692553	0	246.0323919735623
0	-1.062499999999988	0	-2.2012049378820753	0	246.036157648742
0	-1.062499999999988	0	-2.2011708042438434	0	246.03799810918918
0	-0.9999999999999791	0	-2.2189855281566735	0	246.01976216239774
0	-0.9999999999999791	0	-2.2189855281566735	0	246.01976216239774
0	-0.9999999999999791	0	-2.2189855281566735	0	246.01976216239774
0	-0.9999999999999791	0	-2.2189855281566735	0	246.01976216239774
0	-0.9999999999999791	0	-2.2189855281566735	0	246.01976216239774
0	-0.9999999999999791	0	-2.2189855281566735	0	246.01976216239774
0	-0.9999999999999791	0	-2.2189855281566735	0	246.01976216239774
0	-0.9999999999999791	0	-2.2189855281566735	0	246.01976216239774
0	-0.9999999999999791	0	-2.2189855281566735	0	246.01976216239774
0	-0.9999999999999791	0	-2.2189855281566735	0	246.01976216239774
0	-0.9999999999999791	0	-2.2189855281566735	0	246.01976216239774
0	-0.9999999999999791	0	-2.2189855281566735	0	246.01976216239774
0	-0.9999999999999791	0	-2.2189855281566735	0	246.01976216239774
0	-0.9999999999999791	0	-2.2189855281566735	0	246.01976216239774
0	-0.9999999999999791	0	-2.2189855281566735	0	246.01976216239774
0	-0.9999999999999791	0	-2.2189855281566735	0	246.01976216239774
0	-0.9999999999999791	0	-2.2189855281566735	0	246.01976216239774
0	-0.9999999999999791	0	-2.2189855281566735	0	246.01976216239774
0	-0.9999999999999791	0	-2.2189855281566735	0	246.01976216239774
0	-0.9999999999999791	0	-2.2190176541440856	0	246.01792166581154
0	-0.9999999999999791	0	-2.2190176541440856	0	246.01792166581154
0	-0.9999999999999791	0	-2.219049780131498	0	246.01608116922532
0	-0.9999999999999791	0	-2.2191140321063236	0	246.01240017605286
0	-0.9999999999999791	0	-2.2192746620433863	0	246.0031976931218
0	-0.9999999999999791	0	-2.2194995439552745	0	245.99031421701827
0	-0.9999999999999791	0	-2.2197244258671627	0	245.97743074091474
0	-0.9999999999999791	0	-2.219981433766464	0	245.962706768225
0	-0.9999999999999791	0	-2.2203026936405896	0	245.94430180236282
0	-0.9999999999999791	0	-2.220880961414016	0	245.91117286381092
0	-0.9999999999999791	0	-2.221812615048982	0	245.8577984628106
0	-0.9999999999999791	0	-2.2224458194935344	0	245.7160480996844
0	-0.9999999999999791	0	-2.224052118864164	0	245.6240232703735
0	-1.062499999999988	0	-2.2127534618388887	0	245.58528722818514
0	-1.062499999999988	0	-2.2136068027946942	0	245.53927571700527
0	-1.062499999999988	0	-2.214528411026964	0	245.489583284931
0	-1.062499999999988	0	-2.2228118610480134	0	245.44002738740969
0	-1.1249999999999967	0	-2.214947175553431	0	245.41791579511994
0	-1.1875000000000056	0	-2.2166839927554673	0	245.37574131610532
0	-1.1875000000000056	0	-2.2327804029122134	0	245.30979276905785
0	-1.1875000000000056	0	-2.234077462643788	0	245.24721979468376
0	-1.1875000000000056	0	-2.2356034152691695	0	245.17360453071424
0	-1.1249999999999967	0	-2.255505854628189	0	245.06155020957846
0	-0.9999999999999791	0	-2.2932240159339017	0	244.93306304836145
0	-0.9999999999999791	0	-2.294059291606629	0	244.8852101371198
0	-1.062499999999988	0	-2.271657635301454	0	244.84995035417245
0	-1.1249999999999967	0	-2.2497120926096343	0	244.7907397001709
0	-1.1249999999999967	0	-2.248055158285668	0	244.6876037790556
0	-1.1249999999999967	0	-2.2496092319684085	0	244.6084656279736
0	-1.2499999999999636	0	-2.2601593672110125	0	244.53532069964476
0	-1.499999999999999	0	-2.269743894207862	0	244.52138655821923
0	-1.6250000000000164	0	-2.2616654262109996	0	244.4772341931534
0	-1.6250000000000164	0	-2.2822060083682385	0	244.40231469420652
0	-1.6250000000000164	0	-2.297278680948721	0	244.32539855746327
0	-1.6250000000000164	0	-2.2999409003916638	0	244.23155668817742
0	-1.6250000000000164	0	-2.302707520597075	0	244.13403474558626
0	-1.6250000000000164	0	-2.3038429056747605	0	244.02910045600316
0	-1.6250000000000164	0	-2.310498400710436	0	243.9243227675638
0	-1.6250000000000164	0	-2.317101695364877	0	243.8213851157771
0	-1.6875000000000253	0	-2.301910947363946	0	243.73820328885708
0	-1.6875000000000253	0	-2.305054983431195	0	243.63148452912026
0	-1.6875000000000253	0	-2.3087953022008536	0	243.50452600460576
0	-1.6250000000000164	0	-2.326332043988169	0	243.38150571839492
0	-1.6250000000000164	0	-2.321307891223584	0	243.23404178427566
0	-1.499999999999999	0	-2.3531375023763927	0	243.03389091749602
0	-1.499999999999999	0	-2.355585903361561	0	242.87006972358424
0	-1.43749999999999	0	-2.376668280287118	0	242.66975500096615
0	-1.3749999999999811	0	-2.4034681856011115	0	242.3130491481005
0	-1.3124999999999725	0	-2.42599996636811	0	242.1108908738074
0	-1.2499999999999636	0	-2.460251524346308	0	241.7948136151201
0	-1.1875000000000056	0	-2.5154690796907246	0	241.59329334392817
0	-1.1875000000000056	0	-2.5434759637537128	0	241.39686844741297
0	-1.2499999999999636	0	-2.5760442983515768	0	241.1933410867248
0	-1.2499999999999636	0	-2.635551193169542	0	240.99762951557543
0	-1.3749999999999811	0	-2.6704038946567334	0	240.82013377221202
0	-1.5625000000000078	0	-2.6792179478410025	0	240.62190980464806
0	-1.6250000000000164	0	-2.7105940476751025	0	240.37433205237218
0	-1.7499999999999833	0	-2.692027713278495	0	240.10147811310233
0	-1.8124999999999922	0	-2.648295076971379	0	239.80555959189815
0	-1.8124999999999922	0	-2.658018083643569	0	239.49830364407924
0	-1.8124999999999922	0	-2.695909394559566	0	239.0574950908469
0	-1.7499999999999833	0	-2.75216029113052	0	238.71653383157428
0	-1.7499999999999833	0	-2.806999104798405	0	238.36829848761656
0	-1.6875000000000253	0	-2.8817435958752866	0	238.01309929838777
0	-1.7499999999999833	0	-2.9389751957971177	0	237.6521828899074
0	-1.8124999999999922	0	-3.004718789476325	0	237.26580231189615
0	-1.9375000000000098	0	-3.050859529105525	0	236.63957802920018
0	-1.9999999999999678	0	-3.0637944413594895	0	236.2736291380909
0	-2.0624999999999765	0	-3.123850408777682	0	235.6699216064987
0	-2.0624999999999765	0	-3.1803889798178044	0	235.3275092932582
0	-2.0624999999999765	0	-3.2456617306451703	0	234.99830531548827
0	-2.0624999999999765	0	-3.3048348729465595	0	234.63388423808672
0	-2.0624999999999765	0	-3.3617046885030315	0	234.28227400273613
0	-2.1249999999999853	0	-3.382217810515799	0	233.93318412459888
0	-2.1874999999999942	0	-3.401634594798332	0	233.47169139447243
0	-2.250000000000003	0	-3.4171252514320387	0	233.03031020388156
0	-2.250000000000003	0	-3.455457971549618	0	232.61732192768784
0	-2.250000000000003	0	-3.5013649284509896	0	232.1991046524296
0	-2.250000000000003	0	-3.5661853054380868	0	231.58083099128058
0	-2.250000000000003	0	-3.6154492599509886	0	231.12405947134994
0	-2.250000000000003	0	-3.651765441488115	0	230.66862142924634
0	-2.250000000000003	0	-3.6699771195486823	0	230.20510327041282
0	-2.250000000000003	0	-3.6894896317564325	0	229.70847667166262
0	-2.1874999999999942	0	-3.7289210920751947	0	229.1645803751614
0	-2.1874999999999942	0	-3.7582006071545564	0	228.5909575439236
0	-1.9999999999999678	0	-3.872871187056791	0	227.48943690860744
0	-1.9375000000000098	0	-3.9117178046442813	0	226.8957049585553
0	-1.8124999999999922	0	-3.9705872517169993	0	225.82175340627612
0	-1.8124999999999922	0	-3.975384390207552	0	225.32096325150502
0	-1.7499999999999833	0	-4.011691430905655	0	224.8578449721
0	-1.6875000000000253	0	-4.069770787094785	0	224.3308886869788
0	-1.6250000000000164	0	-4.128077337833842	0	223.71734099591438
0	-1.5625000000000078	0	-4.166877029037776	0	223.18055743055677
0	-1.5625000000000078	0	-4.182653770888001	0	222.73719552449424
0	-1.499999999999999	0	-4.215190859472089	0	222.20574550679922
0	-1.43749999999999	0	-4.250745165767785	0	221.60990325395997
0	-1.3749999999999811	0	-4.281448130840542	0	221.1041455623629
0	-1.3124999999999725	0	-4.334883553369653	0	220.55101550742282
0	-1.2499999999999636	0	-4.393369103313188	0	219.992427220881
0	-1.3124999999999725	0	-4.404773279473079	0	219.48832084996985
0	-1.3124999999999725	0	-4.44342460795189	0	219.0067962813119
0	-1.3124999999999725	0	-4.484675179028736	0	218.49218858461447
0	-1.2499999999999636	0	-4.527304418723704	0	217.90379494058377
0	-1.1875000000000056	0	-4.569487788236515	0	217.3871647598362
0	-1.1249999999999967	0	-4.604140682157155	0	216.93663264786093
0	-1.1249999999999967	0	-4.6549774920180615	0	216.0354763524216
0	-1.1249999999999967	0	-4.680721168184438	0	215.5683344056382
0	-1.1249999999999967	0	-4.71604505673835	0	214.5195829282596
0	-1.062499999999988	0	-4.756948619285157	0	214.01022347363428
0	-1.062499999999988	0	-4.788284360612426	0	213.51186829610327
0	-1.062499999999988	0	-4.828552091087156	0	212.92898847255427
0	-1.062499999999988	0	-4.866535623817673	0	212.37000050118053
0	-1.1249999999999967	0	-4.869795770803517	0	211.81602153672225
0	-1.062499999999988	0	-4.897606731548314	0	211.13888015382216
0	-0.9999999999999791	0	-4.92897442362458	0	210.43048591271094
0	-0.8750000000000123	0	-4.977615966903995	0	209.73138591243534
0	-0.8125000000000034	0	-5.0090781199554435	0	208.98794883678775
0	-0.8125000000000034	0	-5.0164391138269355	0	208.4689019314335
0	-0.8125000000000034	0	-5.023747902068132	0	207.95353620980515
0	-0.8125000000000034	0	-5.031735363503155	0	207.3903150997399
0	-0.7499999999999947	0	-5.07423077742253	0	206.7151136165897
0	-0.7499999999999947	0	-5.102886753068381	0	206.07300254654197
0	-0.8125000000000034	0	-5.168120388943848	0	205.01183146800045
0	-0.8750000000000123	0	-5.168601897949969	0	204.48545284061757
0	-0.8750000000000123	0	-5.1772037334351735	0	203.92224077861107
0	-0.8750000000000123	0	-5.19117468845526	0	203.00748131842403
0	-0.8750000000000123	0	-5.201714792972917	0	202.5584403398011
0	-0.8750000000000123	0	-5.219856766810588	0	201.97328208313232
0	-0.8750000000000123	0	-5.233727294016879	0	201.42671941349352
0	-0.8750000000000123	0	-5.247316715488361	0	200.89856236679609
0	-0.8750000000000123	0	-5.2563120990023	0	200.30958243267165
0	-0.8750000000000123	0	-5.264675674881786	0	199.64143020932576
0	-0.8125000000000034	0	-5.295264397280623	0	198.95136851919935
0	-0.8125000000000034	0	-5.336003678034178	0	198.2855180126659
0	-0.8125000000000034	0	-5.348442699637043	0	197.79783947742737
0	-0.8125000000000034	0	-5.357357154404874	0	197.2990651853808
0	-0.7499999999999947	0	-5.379056977161997	0	196.78007054697488
0	-0.6875000000000366	0	-5.393858739308907	0	196.05847700555407
0	-0.6250000000000279	0	-5.4180499400016275	0	195.4032505161139
0	-0.5625000000000191	0	-5.440753332950121	0	194.8124205830583
0	-0.5000000000000102	0	-5.482517553983944	0	193.76520922255548
0	-0.5000000000000102	0	-5.484185320859913	0	193.15222171285717
0	-0.4375000000000014	0	-5.487644224403542	0	192.51518589191383
0	-0.37499999999999256	0	-5.501722824738741	0	191.42538098182263
0	-0.37499999999999256	0	-5.523744531205516	0	190.87328020380667
0	-0.37499999999999256	0	-5.553008710039427	0	190.3396349920652
0	-0.37499999999999256	0	-5.556490515835245	0	189.80766184904996
0	-0.31249999999998374	0	-5.57939820016283	0	189.09342005829131
0	-0.2499999999999749	0	-5.5786545359034605	0	188.49870526026356
0	-0.2499999999999749	0	-5.572020940114427	0	187.90962208563812
0	-0.18750000000001696	0	-5.593249859326846	0	187.2174210126655
0	-0.18750000000001696	0	-5.595322087020996	0	186.584197134104
0	-0.12500000000000813	0	-5.611447728416955	0	186.04474831598344
0	-0.06249999999999929	0	-5.610442025977509	0	185.4979010883314
0	-0.06249999999999929	0	-5.576105821113073	0	184.9124962164024
0	7.081703782946112E-16	0	-5.543664195779386	0	184.15764311133563
0	0.06250000000000071	0	-5.54167027462852	0	183.42304024245487
0	0.2500000000000007	0	-5.5844518110885835	0	182.75056892468973
0	0.3750000000000007	0	-5.593363267933284	0	181.8040672789549
0	0.5000000000000007	0	-5.586866993855618	0	180.75273760210837
0	0.6250000000000007	0	-5.724550022196907	0	179.8618232318757
0	0.8750000000000007	0	-5.698125249416362	0	178.65771867868497
0	1.2500000000000007	0	-5.558497013951824	0	177.23496873060685
0	1.4375000000000009	0	-5.456607546611856	0	176.46192194041927
0	1.8125000000000007	0	-5.396154460657813	0	175.59565087476003
0	2.250000000000001	0	-5.32310515467852	0	174.51816420388033
0	2.625000000000001	0	-5.241488558089236	0	173.43766619774948
0	3.062500000000001	0	-5.183620452291121	0	172.43526542273855
0	3.5000000000000004	0	-5.109788471069768	0	171.33242399367182
0	3.7500000000000004	0	-5.004445318621734	0	170.38878393508747
0	4.125000000000001	0	-4.921468715303529	0	169.32915232202092
0	4.437500000000001	0	-4.815703501252549	0	168.42280650900275
0	4.625000000000001	0	-4.6448638103312225	0	167.55346963975964
0	5.000000000000001	0	-4.559537974815756	0	166.60672604945825
0	5.312500000000001	0	-4.49333103150332	0	165.63243549688005
0	5.437500000000001	0	-4.402355021461025	0	164.75326300773787
0	5.6875	0	-4.255031697064937	0	163.35597989150818
0	5.875000000000002	0	-4.124427159554205	0	162.12550071056324
0	5.9375	0	-4.057250998351977	0	161.45684418732316
0	6.0625	0	-3.968216479269945	0	160.4738299345096
0	6.187500000000001	0	-3.8700868220074724	0	159.26402571415449
0	6.187500000000001	0	-3.7744326402220345	0	158.46711440409658
0	6.250000000000002	0	-3.7147760735144413	0	157.74761335831215
0	6.3125	0	-3.623185343290938	0	156.74085941579298
0	6.3125	0	-3.5116089982825516	0	155.84942343068226
0	6.375	0	-3.4191601552415536	0	155.0816803171069
0	6.437500000000001	0	-3.3263700053432688	0	154.11762253852964
0	6.437500000000001	0	-3.251310094334584	0	153.37028908736298
0	6.500000000000002	0	-3.1340378907535738	0	152.05884440035285
0	6.500000000000002	0	-3.0588120371072676	0	151.39859555657483
0	6.500000000000002	0	-2.983355390244511	0	150.8013643418911
0	6.5625	0	-2.9377649023935524	0	150.1431289046365
0	6.5625	0	-2.8648295501759105	0	149.31585357148197
0	6.625	0	-2.797615352442386	0	148.52296350360493
0	6.625	0	-2.6422471193750847	0	147.4884189716059
0	6.687500000000001	0	-2.5282909479995883	0	146.345132365118
0	6.75	0	-2.4941546397974035	0	145.64465937110845
0	6.687500000000001	0	-2.383895160349839	0	144.72917998456543
0	6.687500000000001	0	-2.2772910959037347	0	143.70934281081338
0	6.75	0	-2.2277349939138613	0	142.8920631244758
0	6.75	0	-2.1731635545948684	0	142.05512250934336
0	6.625	0	-2.056746447030596	0	141.1812674105337
0	6.5625	0	-1.9622780719004451	0	140.4622245497098
0	6.500000000000002	0	-1.8937176751410671	0	139.5605064571581
0	6.437500000000001	0	-1.8775614530025673	0	138.8640919107723
0	6.3125	0	-1.8220124074343416	0	138.30009890113223
0	6.187500000000001	0	-1.7511686003063023	0	137.70444980192397
0	6.0625	0	-1.6753323592781824	0	137.08525137217055
0	6.0	0	-1.619223840084117	0	136.2084006697059
0	5.9375	0	-1.55776706690746	0	135.4987080782014
0	5.875000000000002	0	-1.4647208502463493	0	134.69235247939832
0	5.812500000000001	0	-1.3980138169674596	0	134.0239258680047
0	5.750000000000001	0	-1.3324897835608247	0	133.00016559774858
0	5.6875	0	-1.244302741767577	0	131.99720155189894
0	5.625000000000001	0	-1.1791069547331046	0	131.13810988855792
0	5.500000000000001	0	-1.142423612714696	0	130.36891989940642
0	5.375000000000001	0	-1.1387929039897429	0	129.69284199823187
0	5.312500000000001	0	-1.1304574965070329	0	129.10956050588115
0	5.25	0	-1.1186386531750314	0	128.54143703364758
0	5.062500000000001	0	-1.084388072288171	0	128.0348486993645
0	4.937500000000001	0	-1.099234578763294	0	127.50542177615617
0	4.75	0	-1.1105616413058164	0	126.8990483609532
0	4.625000000000001	0	-1.1170879415891466	0	126.34660889922648
0	4.500000000000001	0	-1.1056944293383588	0	125.83077273994098
0	4.437500000000001	0	-1.1280658564955013	0	125.26604969303993
0	4.187500000000001	0	-1.1221831477540523	0	124.67457877435616
0	3.937500000000001	0	-1.0930740288334604	0	124.15497650615663
0	3.8125000000000004	0	-1.0760900547464967	0	123.57710119767482
0	3.6875000000000004	0	-1.0478447102078217	0	122.87087675707873
0	3.562500000000001	0	-1.036324963503573	0	122.22635400151096
0	3.437500000000001	0	-1.028105594811095	0	121.61119910259691
0	3.125000000000001	0	-0.9796780163491713	0	120.71494237887788
0	2.875000000000001	0	-0.9638554684780504	0	119.94405492846893
0	2.750000000000001	0	-1.006801355288368	0	119.14429732864825
0	2.437500000000001	0	-0.9837357901458658	0	118.34823075513081
0	2.250000000000001	0	-0.9722759395287273	0	117.79460089773633
0	2.0000000000000004	0	-0.9145917830164833	0	117.22987771515561
0	1.8125000000000007	0	-1.017597433594677	0	116.7168878711746
0	1.6250000000000007	0	-1.1173806100662484	0	116.16938880312844
0	1.1875000000000007	0	-1.1621557450960365	0	115.48826089976468
0	1.0000000000000007	0	-1.2771076378258555	0	114.94172221925696
0	0.5625000000000007	0	-1.3265779342179422	0	114.59246725234686
0	0.1875000000000007	0	-1.4124827941802685	0	114.0923530712125
0	-0.24999999999995937	0	-1.4305809190678498	0	113.62035740191057
0	-0.4999999999999948	0	-1.5209119035852545	0	113.09891047134968
0	-0.812499999999988	0	-1.6343394633842143	0	112.51949147410791
0	-1.1874999999999902	0	-1.6427856531714509	0	112.16332794186965
0	-1.4999999999999833	0	-1.6697575318286235	0	111.79461521025974
0	-1.6875000000000098	0	-1.7194296814140182	0	111.43922981077982
0	-2.12499999999997	0	-1.7540532833061504	0	110.83366601337963
0	-2.3124999999999964	0	-1.7957687765457726	0	110.22966374361752
0	-2.3750000000000053	0	-1.8264844233323712	0	109.56598395196215
0	-2.437500000000014	0	-1.8408310984766028	0	108.77816699564463
0	-2.437500000000014	0	-1.8801660366469193	0	108.15709534573162
0	-2.437500000000014	0	-1.915548102234081	0	107.58560141687649
0	-2.3750000000000053	0	-1.959489225834132	0	106.97931022389767
0	-2.3124999999999964	0	-2.002848204246065	0	106.28454556095888
0	-2.2499999999999876	0	-2.0331840318764196	0	105.57451456828623
0	-2.12499999999997	0	-2.09575048238332	0	104.81949046583436
0	-2.062499999999961	0	-2.1302075112131607	0	104.13354165876939
0	-1.9999999999999523	0	-2.139519710172188	0	103.50932814284783
0	-1.9374999999999942	0	-2.1386211250079574	0	102.8939915853938
0	-1.7499999999999678	0	-2.1380030922214623	0	102.08878580761663
0	-1.5624999999999922	0	-2.1524663733186595	0	101.30432526606029
0	-1.4999999999999833	0	-2.1193061388099528	0	100.62200121442746
0	-1.312499999999957	0	-2.122226357038183	0	99.86307607798165
0	-1.249999999999948	0	-2.1043601225193513	0	99.18682551402526
0	-1.0624999999999725	0	-2.1275321286326	0	98.36941813984166
0	-0.8749999999999969	0	-2.1045113208625725	0	97.35245183739538
0	-0.6875000000000213	0	-2.0661578753372356	0	96.58578058766567
0	-0.4999999999999948	0	-2.052583580787944	0	95.720073480877
0	-0.31249999999996825	0	-2.05693259510084	0	94.81219104754572
0	-0.12499999999999262	0	-2.0604821193396248	0	94.07733371967359
0	-0.06249999999998379	0	-2.0285446625083217	0	93.42000633110317
0	0.1250000000000162	0	-2.012144088732852	0	92.72567336171026
0	0.2500000000000162	0	-1.9807830022738604	0	92.09231022419779
0	0.43750000000001626	0	-1.995531283148189	0	91.36283523363791
0	0.5625000000000162	0	-2.00858415422237	0	90.73102345471814
0	0.7500000000000161	0	-1.9895934404239854	0	89.51584753760949
0	1.0000000000000162	0	-1.9351212771477146	0	88.36928174358528
0	1.0625000000000162	0	-1.892693676641323	0	87.85995055414783
0	1.1875000000000162	0	-1.789767897961348	0	86.74785510491284
0	1.2500000000000162	0	-1.74296315156024	0	86.10063382762553
0	1.375000000000016	0	-1.7567235279031852	0	85.39849941290996
0	1.437500000000016	0	-1.7071957057862843	0	84.64465153900743
0	1.5625000000000162	0	-1.6866479923581614	0	84.07225010317103
0	1.6250000000000162	0	-1.5793167926794267	0	83.2446361635621
0	1.6250000000000162	0	-1.4461552273014966	0	82.44551220587473
0	1.6875000000000164	0	-1.3638646091355833	0	81.55647967354695
0	1.6875000000000164	0	-1.3078152137612928	0	80.77914445424592
0	1.6875000000000164	0	-1.267085007028103	0	80.08422882004292
0	1.6250000000000162	0	-1.2092776708437085	0	79.42674346773407
0	1.5625000000000162	0	-1.1439116026115055	0	78.86333551710617
0	1.437500000000016	0	-1.0692158039289437	0	78.2633649255351
0	1.375000000000016	0	-1.0271411946313114	0	77.74526385249519
0	1.375000000000016	0	-0.990688299039997	0	77.30054249920327
0	1.3125000000000162	0	-0.9361121028932946	0	76.77533019432076
0	1.3125000000000162	0	-0.8873018731785066	0	76.0914997780083
0	1.3125000000000162	0	-0.7941137686051969	0	75.39947982321235
0	1.3125000000000162	0	-0.7198767334980656	0	74.7309620521941
0	1.3125000000000162	0	-0.6566963760538496	0	74.14320639775408
0	1.3125000000000162	0	-0.5712489217505666	0	73.46758043363774
0	1.5000000000000162	0	-0.4834842949328967	0	72.51932328706701
0	1.5625000000000162	0	-0.39197550364676154	0	71.845868201111
0	1.7500000000000164	0	-0.30245941978004437	0	70.9973763582514
0	1.8750000000000162	0	-0.17726060166327837	0	70.02691871392281
0	2.062500000000016	0	-0.108922985309505	0	69.11721469560891
0	2.1875000000000164	0	-0.07086808006641361	0	68.21208130274883
0	2.1875000000000164	0	-0.01583646782506405	0	67.63944214081381
0	2.1875000000000164	0	0.02843957971908137	0	67.05902366427418
0	2.1875000000000164	0	0.10544891382192849	0	66.3932759121796
0	2.1875000000000164	0	0.16789590911046803	0	65.77118277771133
0	2.2500000000000164	0	0.18946787885282185	0	65.21555164973095
0	2.2500000000000164	0	0.18604785622205192	0	64.6461783379357
0	2.1875000000000164	0	0.20675941973652548	0	64.15526122573935
0	2.062500000000016	0	0.22933414255123766	0	63.59455151463663
0	1.8750000000000162	0	0.29824473268687524	0	63.03364926379529
0	1.8125000000000162	0	0.33522659803606447	0	62.45666404959417
0	1.7500000000000164	0	0.3741086466748718	0	61.80236760016647
0	1.6875000000000164	0	0.4042183719875277	0	61.16989056791509
0	1.6250000000000162	0	0.4366697772056733	0	60.67926358492338
0	1.5625000000000162	0	0.4680438970230251	0	60.20700128100985
0	1.437500000000016	0	0.5144234595888908	0	59.81807408701701
0	1.3125000000000162	0	0.5923942140258857	0	59.18490462507419
0	1.1875000000000162	0	0.6475385811595255	0	58.598992065578514
0	1.1250000000000162	0	0.6875398576806587	0	57.73458406356546
0	0.8750000000000161	0	0.8041988921454908	0	56.93426945022032
0	0.6875000000000162	0	0.8653538937915444	0	56.460467904406585
0	0.3125000000000162	0	0.9576594123856628	0	56.03844070066207
0	-0.12499999999999475	0	1.0574848977268667	0	55.63609318111211
0	-0.5625000000000058	0	1.1618289203827339	0	55.19058562350033
0	-0.7499999999999813	0	1.246785344147137	0	54.827226209912084
0	-0.9375000000000079	0	1.341360478000996	0	54.439481066352364
0	-1.1249999999999836	0	1.4250154987734225	0	53.87671424020103
0	-1.1874999999999922	0	1.459693834343773	0	53.216993642169676
0	-1.2499999999999503	0	1.4930019634167242	0	52.52410801032716
0	-1.2499999999999503	0	1.521750063209489	0	51.81645412431585
0	-1.3124999999999591	0	1.584357436557147	0	51.15230405578881
0	-1.3749999999999678	0	1.6486357884693466	0	50.42910690140187
0	-1.3749999999999678	0	1.6633116013467713	0	49.73642315477986
0	-1.4374999999999767	0	1.682581978989259	0	49.17262224093167
0	-1.4999999999999856	0	1.7076251854058533	0	48.33794704556492
0	-1.5624999999999944	0	1.7397647581981652	0	47.528807022920894
0	-1.74999999999997	0	1.8153020085459441	0	46.72949712916325
0	-1.74999999999997	0	1.8030794034325348	0	45.78695298204701
0	-1.74999999999997	0	1.8120818748896004	0	44.99661613000009
0	-1.74999999999997	0	1.8288937366361002	0	44.22077376671073
0	-1.8749999999999873	0	1.9088029441430538	0	43.599604167857976
0	-1.8749999999999873	0	1.953922511441003	0	43.00876293065271
0	-1.8749999999999873	0	1.9669497191378547	0	42.45028226034483
0	-1.8124999999999787	0	1.9564362361871772	0	41.83903612802113
0	-1.8124999999999787	0	1.9401576917702097	0	41.09182171579861
0	-1.7499999999999698	0	1.9360173180568874	0	40.37357550627037
0	-1.7499999999999698	0	1.989616822361665	0	39.777089497175226
0	-1.7499999999999698	0	2.023186919623269	0	39.127808000674136
0	-1.7499999999999698	0	2.0536955406061352	0	38.49887803564768
0	-1.6875000000000118	0	2.0556488162193616	0	37.832035289260205
0	-1.6875000000000118	0	2.094082666470672	0	36.94878826897944
0	-1.7499999999999698	0	2.198580893458017	0	36.44664983500607
0	-1.8124999999999787	0	2.2709827211549403	0	35.93618758398832
0	-1.8749999999999873	0	2.3570351316457367	0	35.16733534151445
0	-1.8749999999999873	0	2.3858544173654197	0	34.247352134601684
0	-1.9374999999999962	0	2.4385467512719745	0	33.381889880658846
0	-2.062499999999963	0	2.5189139919971235	0	32.664590848708535
0	-2.124999999999972	0	2.5532586958114494	0	32.14583987874842
0	-2.187499999999981	0	2.5752059098692697	0	31.60539831266352
0	-2.3124999999999982	0	2.5982893690886186	0	31.020742734068605
0	-2.3124999999999982	0	2.6017567744083134	0	30.467919530974577
0	-2.3124999999999982	0	2.6116157167828056	0	29.890888616088183
0	-2.3124999999999982	0	2.632457538640518	0	29.17524338821199
0	-2.3124999999999982	0	2.6302761563895847	0	28.665020675370876
0	-2.3124999999999982	0	2.6062853480509363	0	28.070933931095443
0	-2.375000000000007	0	2.5881696077012566	0	27.587282357474503
0	-2.437500000000016	0	2.5727943939401055	0	27.18457905803457
0	-2.437500000000016	0	2.5419530004678252	0	26.71975359190062
0	-2.499999999999974	0	2.5278415273511534	0	26.22486663659753
0	-2.499999999999974	0	2.5037534585599577	0	25.67315915648949
0	-2.6249999999999916	0	2.498743047054982	0	25.109797803876514
0	-2.6875000000000004	0	2.487209417169375	0	24.70874542699665
0	-2.812499999999967	0	2.484414481241095	0	24.318444140519734
0	-2.999999999999994	0	2.4882950746117785	0	23.380429184626475
0	-2.999999999999994	0	2.4809942345364804	0	22.71353607298375
0	-2.999999999999994	0	2.4709880908415105	0	22.030195012140982
0	-3.0624999999999516	0	2.4709690281489527	0	21.617409810800044
0	-3.1249999999999605	0	2.4690394003085414	0	21.247105421084463
0	-3.2500000000000293	0	2.4846363521438604	0	20.87774795850657
0	-3.312499999999987	0	2.499062441128396	0	20.55806297381205
0	-3.374999999999996	0	2.531933077689258	0	20.244630028194774
0	-3.374999999999996	0	2.534694582311663	0	19.91623960289692
0	-3.374999999999996	0	2.5507292893143036	0	19.437704431406814
0	-3.312499999999987	0	2.554438828987584	0	18.961639018442526
0	-3.2500000000000293	0	2.5369434207141097	0	18.523686285701103
0	-3.1249999999999605	0	2.509686701169532	0	18.06033908554544
0	-3.1249999999999605	0	2.493889989112071	0	17.60216546218336
0	-3.1249999999999605	0	2.467999937357444	0	17.127951226967923
0	-3.1249999999999605	0	2.4538456449610853	0	16.767394404264476
0	-3.1249999999999605	0	2.459508392798646	0	16.39838158345962
0	-3.0624999999999516	0	2.4571363640311503	0	16.007570035326857
0	-2.999999999999994	0	2.44406077147162	0	15.615496125486885
0	-2.937499999999985	0	2.449623201079447	0	14.909130681312945
0	-2.874999999999976	0	2.4458406459409985	0	14.431823186682088
0	-2.874999999999976	0	2.4694587350797153	0	13.984607656121577
0	-2.937499999999985	0	2.4785330779505537	0	13.66356271091777
0	-3.0624999999999516	0	2.4987709240422378	0	13.364123533577704
0	-3.1249999999999605	0	2.4920674795225266	0	13.148934941996075
0	-3.2500000000000293	0	2.5042556788095705	0	12.890394526777854
0	-3.312499999999987	0	2.5071531292925577	0	12.628536252302208
0	-3.312499999999987	0	2.4971666909847516	0	12.328565463977949
0	-3.312499999999987	0	2.498555074299696	0	12.002122311290591
0	-3.2500000000000293	0	2.4998801816724887	0	11.633162912524305
0	-3.1874999999999694	0	2.5071215477888	0	11.263898116836284
0	-3.1249999999999605	0	2.5049258417366356	0	10.9486405579341
0	-3.0624999999999516	0	2.5240955962471405	0	10.514278168331456
0	-3.0624999999999516	0	2.5529374433322096	0	10.19198180938281
0	-3.0624999999999516	0	2.548064993220571	0	9.928634919489475
0	-3.1249999999999605	0	2.562454636540684	0	9.6938595972078
0	-3.1249999999999605	0	2.5570256323683345	0	9.39181899687501
0	-3.1249999999999605	0	2.549082824185427	0	8.942434175718581
0	-3.0624999999999516	0	2.534355528966373	0	8.561500681073706
0	-2.999999999999994	0	2.5305076134796654	0	8.237145222609696
0	-2.937499999999985	0	2.5077672052711786	0	8.035424200012526
0	-2.937499999999985	0	2.5018219005851563	0	7.847722994462468
0	-2.937499999999985	0	2.5006853148251875	0	7.681893420474924
0	-2.937499999999985	0	2.5077511638104717	0	7.532231736308125
0	-2.937499999999985	0	2.5151460343687333	0	7.353061987076298
0	-2.999999999999994	0	2.536527431054863	0	7.320741897598296
0	-3.0624999999999516	0	2.5662638203900032	0	7.308227068338397
0	-3.0624999999999516	0	2.5669218405726264	0	7.286070947850671
0	-3.1249999999999605	0	2.5858090002727314	0	7.277802291350263
0	-3.0624999999999516	0	2.5740879805595753	0	7.248798353378892
0	-3.0624999999999516	0	2.5750410327069475	0	7.232156677016036
0	-3.0624999999999516	0	2.578785285043316	0	7.198774980302072
0	-2.999999999999994	0	2.5754843895064443	0	7.154572262460833
0	-2.999999999999994	0	2.5817776793666045	0	7.133966110703172
0	-2.999999999999994	0	2.589234851699703	0	7.100395840551398
0	-2.937499999999985	0	2.582600491326611	0	7.061892659496846
0	-2.937499999999985	0	2.599474736882159	0	7.031535592567707
0	-2.999999999999994	0	2.620033488960592	0	7.019534902224359
0	-2.999999999999994	0	2.618299390170518	0	6.98644632618094
0	-3.0624999999999516	0	2.6394568513132275	0	6.950426216010325
0	-3.0624999999999516	0	2.648980192004087	0	6.8872407746773945
0	-2.999999999999994	0	2.647047777046887	0	6.800570466751128
0	-2.999999999999994	0	2.6584782909071567	0	6.737299112540191
0	-2.937499999999985	0	2.650043561189099	0	6.630690120405132
0	-2.937499999999985	0	2.658572725870086	0	6.54546530748879
0	-2.999999999999994	0	2.692998249707395	0	6.479282226925266
0	-3.0624999999999516	0	2.7224974491941083	0	6.42622517283083
0	-3.0624999999999516	0	2.7263096577835997	0	6.359658467379403
0	-3.1874999999999694	0	2.7593838775721076	0	6.323061076056395
0	-3.312499999999987	0	2.791099703743897	0	6.262495690590725
0	-3.374999999999996	0	2.8049822573358774	0	6.199118579209686
0	-3.374999999999996	0	2.7995638564297787	0	6.107239363175869
0	-3.374999999999996	0	2.79251993525185	0	5.987796382331906
0	-3.374999999999996	0	2.810877090509025	0	5.861323496272207
0	-3.312499999999987	0	2.8123571051615475	0	5.593742537827993
0	-3.1874999999999694	0	2.8182008223449673	0	5.290791665652636
0	-3.1874999999999694	0	2.855653670854913	0	5.135684699989334
0	-3.0624999999999516	0	2.8558094138933146	0	4.914196225011708
0	-2.999999999999994	0	2.8731582481171642	0	4.7417236875203495
0	-2.937499999999985	0	2.888856852114643	0	4.569364510821635
0	-2.812499999999967	0	2.8782892267057094	0	4.370568858814862
0	-2.7499999999999583	0	2.8844431287023085	0	4.217176480981799
0	-2.7499999999999583	0	2.8921030233360447	0	4.108077493922322
0	-2.7499999999999583	0	2.9052788892153423	0	3.99871355576424
0	-2.6875000000000004	0	2.8976706983697462	0	3.8994230137315324
0	-2.6875000000000004	0	2.918699990488248	0	3.876322250005553
0	-2.6875000000000004	0	2.9314849454592435	0	3.8738793184598523
0	-2.6875000000000004	0	2.9288431766092757	0	3.8961169690160493
0	-2.6875000000000004	0	2.9139343206901818	0	3.9318300650790676
0	-2.6875000000000004	0	2.9146248112260076	0	3.9465400836938946
0	-2.6875000000000004	0	2.915228990444855	0	3.959411349981868
0	-2.6875000000000004	0	2.9159194809806808	0	3.974121368596695
0	-2.6875000000000004	0	2.916005792297659	0	3.975960120923549
0	-2.6875000000000004	0	2.9143396626047617	0	3.979723936894234
0	-2.6875000000000004	0	2.9128461555458216	0	3.987165257518626
0	-2.6875000000000004	0	2.911180025852924	0	3.990929073489311
0	-2.6875000000000004	0	2.9079340777841085	0	4.0002954577575345
0	-2.6875000000000004	0	2.9012695590125204	0	4.015350721640274
0	-2.6875000000000004	0	2.8964437925677866	0	4.030319674206036
0	-2.6875000000000004	0	2.8967027265187215	0	4.035835931186597
0	-2.6875000000000004	0	2.8967890378356995	0	4.03767468351345
0	-2.6875000000000004	0	2.8968753491526775	0	4.039513435840304
0	-2.6875000000000004	0	2.8968753491526775	0	4.039513435840304
0	-2.6875000000000004	0	2.8968753491526775	0	4.039513435840304
0	-2.6875000000000004	0	2.8968753491526775	0	4.039513435840304
0	-2.6875000000000004	0	2.8968753491526775	0	4.039513435840304
0	-2.6875000000000004	0	2.8968753491526775	0	4.039513435840304
0	-2.6875000000000004	0	2.8968753491526775	0	4.039513435840304
0	-2.6875000000000004	0	2.8968753491526775	0	4.039513435840304
0	-2.6875000000000004	0	2.8968753491526775	0	4.039513435840304
0	-2.6875000000000004	0	2.8968753491526775	0	4.039513435840304
0	-2.6875000000000004	0	2.8968753491526775	0	4.039513435840304
0	-2.6875000000000004	0	2.8968753491526775	0	4.039513435840304
0	-2.6875000000000004	0	2.8968753491526775	0	4.039513435840304
0	-2.6875000000000004	0	2.8968753491526775	0	4.039513435840304
0	-2.6875000000000004	0	2.8968753491526775	0	4.039513435840304
0	-2.6875000000000004	0	2.8968753491526775	0	4.039513435840304
0	-2.6875000000000004	0	2.897047971786634	0	4.043190940494011
0	-2.6875000000000004	0	2.8971342831036124	0	4.045029692820864
0	-2.6875000000000004	0	2.8971342831036124	0	4.045029692820864
0	-2.6875000000000004	0	2.8971342831036124	0	4.045029692820864
0	-2.6875000000000004	0	2.8971342831036124	0	4.045029692820864
0	-2.6875000000000004	0	2.8971342831036124	0	4.045029692820864
0	-2.6875000000000004	0	2.8971342831036124	0	4.045029692820864
0	-2.6875000000000004	0	2.8971342831036124	0	4.045029692820864
0	-2.6875000000000004	0	2.8971342831036124	0	4.045029692820864
0	-2.6875000000000004	0	2.8971342831036124	0	4.045029692820864
0	-2.6875000000000004	0	2.8971342831036124	0	4.045029692820864
0	-2.6875000000000004	0	2.8971342831036124	0	4.045029692820864
0	-2.6875000000000004	0	2.8971342831036124	0	4.045029692820864
0	-2.6875000000000004	0	2.8971342831036124	0	4.045029692820864
0	-2.6875000000000004	0	2.8971342831036124	0	4.045029692820864
0	-2.6875000000000004	0	2.8971342831036124	0	4.045029692820864
0	-2.6875000000000004	0	2.8971342831036124	0	4.045029692820864
0	-2.6875000000000004	0	2.8971342831036124	0	4.045029692820864
0	-2.6875000000000004	0	2.8971342831036124	0	4.045029692820864
0	-2.6875000000000004	0	2.8971342831036124	0	4.045029692820864
0	-2.6875000000000004	0	2.896530103884765	0	4.03215842653289
0	-2.6875000000000004	0	2.8950628114961354	0	4.000899636976382
0	-2.6249999999999916	0	2.8934747198447095	0	3.8699956770056096
0	-2.6249999999999916	0	2.9036488615836853	0	3.810562486232123
0	-2.5624999999999827	0	2.9368726905290345	0	3.6707428232580783
0	-2.437500000000016	0	2.9193934278048634	0	3.5717229024724797
0	-2.437500000000016	0	2.927023235930868	0	3.534549236696652
0	-2.375000000000007	0	2.9186068233174844	0	3.48870296102603
0	-2.375000000000007	0	2.9185305420727636	0	3.486863765295649
0	-2.375000000000007	0	2.9191407920305292	0	3.501577331138696
0	-2.375000000000007	0	2.919522198254133	0	3.5107733097906
0	-2.375000000000007	0	2.919522198254133	0	3.5107733097906
0	-2.375000000000007	0	2.9191407920305292	0	3.501577331138696
0	-2.375000000000007	0	2.9191407920305292	0	3.501577331138696
0	-2.375000000000007	0	2.9191407920305292	0	3.501577331138696
0	-2.375000000000007	0	2.9191407920305292	0	3.501577331138696
0	-2.375000000000007	0	2.9191407920305292	0	3.501577331138696
0	-2.375000000000007	0	2.919522198254133	0	3.5107733097906
0	-2.375000000000007	0	2.9201324482118984	0	3.5254868756336473
0	-2.375000000000007	0	2.916988025464182	0	3.5385138082357543
0	-2.375000000000007	0	2.9137673214717443	0	3.5497015451074807
0	-2.375000000000007	0	2.914072446450627	0	3.557058328029004
0	-2.375000000000007	0	2.914148727695348	0	3.5588975237593847
0	-2.375000000000007	0	2.914301290184789	0	3.562575915220146
0	-2.375000000000007	0	2.91437757142951	0	3.564415110950527
0	-2.375000000000007	0	2.914606415163672	0	3.5699326981416695
0	-2.375000000000007	0	2.914606415163672	0	3.5699326981416695
0	-2.375000000000007	0	2.914758977653113	0	3.573611089602431
0	-2.375000000000007	0	2.914758977653113	0	3.573611089602431
0	-2.375000000000007	0	2.914758977653113	0	3.573611089602431
0	-2.375000000000007	0	2.914835258897834	0	3.5754502853328116
0	-2.375000000000007	0	2.914835258897834	0	3.5754502853328116
0	-2.375000000000007	0	2.914835258897834	0	3.5754502853328116
0	-2.375000000000007	0	2.9129960631674527	0	3.5755265665775324
0	-2.375000000000007	0	2.9111568674370725	0	3.5756028478222532
0	-2.375000000000007	0	2.9092413904619705	0	3.5738399333365933
0	-2.375000000000007	0	2.9073259134868694	0	3.5720770188509334
0	-2.375000000000007	0	2.9072496322421486	0	3.5702378231205527
0	-2.375000000000007	0	2.9051815927776055	0	3.5647965171741305
0	-2.375000000000007	0	2.9027321470894587	0	3.5501592325758047
0	-2.375000000000007	0	2.902121897131693	0	3.535445666732758
0	-2.375000000000007	0	2.89997757642243	0	3.528165165055955
0	-2.375000000000007	0	2.897909536957887	0	3.522723859109533
0	-2.375000000000007	0	2.895994059982786	0	3.520960944623873
0	-2.375000000000007	0	2.8958414974933446	0	3.5172825531631116
0	-2.375000000000007	0	2.895765216248624	0	3.515443357432731
0	-2.375000000000007	0	2.895536372514462	0	3.5099257702415882
0	-2.375000000000007	0	2.893315770560477	0	3.5008060728344046
0	-2.375000000000007	0	2.891561301931901	0	3.4585045710356455
0	-2.375000000000007	0	2.889883114548046	0	3.418042264967267
0	-2.3124999999999982	0	2.8375692905462735	0	3.3352738195558342
0	-2.375000000000007	0	2.840516183879795	0	3.3408151323477826
0	-2.375000000000007	0	2.8310150802490086	0	3.3338397556498625
0	-2.375000000000007	0	2.830938799004288	0	3.3320005599194817
0	-2.375000000000007	0	2.830938799004288	0	3.3320005599194817
0	-2.375000000000007	0	2.830938799004288	0	3.3320005599194817
0	-2.375000000000007	0	2.830938799004288	0	3.3320005599194817
0	-2.375000000000007	0	2.832777994734668	0	3.331924278674761
0	-2.375000000000007	0	2.8346171904650492	0	3.33184799743004
0	-2.375000000000007	0	2.8346171904650492	0	3.33184799743004
0	-2.375000000000007	0	2.8343120654861664	0	3.3244912145085173
0	-2.375000000000007	0	2.8340832217520044	0	3.3189736273173747
0	-2.375000000000007	0	2.8340069405072836	0	3.317134431586994
0	-2.375000000000007	0	2.8340069405072836	0	3.317134431586994
0	-2.375000000000007	0	2.8340069405072836	0	3.317134431586994
0	-2.375000000000007	0	2.8340069405072836	0	3.317134431586994
0	-2.375000000000007	0	2.8340832217520044	0	3.3189736273173747
0	-2.375000000000007	0	2.826879001319922	0	3.322957143757019
0	-2.375000000000007	0	2.826879001319922	0	3.322957143757019
0	-2.375000000000007	0	2.815691264448196	0	3.3197364397645814
0	-2.375000000000007	0	2.806419004551571	0	3.3182786502578043
0	-2.375000000000007	0	2.7986808154064446	0	3.3093877965847827
0	-2.375000000000007	0	2.7875693597794386	0	3.308006288322726
0	-2.375000000000007	0	2.778373381127534	0	3.3083876945463295
0	-2.375000000000007	0	2.776534185397154	0	3.3084639757910503
0	-2.375000000000007	0	2.776534185397154	0	3.3084639757910503
0	-2.375000000000007	0	2.77607649792883	0	3.297428801408765
0	-2.375000000000007	0	2.7754662479710643	0	3.2827152355657185
0	-2.3124999999999982	0	2.7561424712578546	0	3.239144567408198
0	-2.3124999999999982	0	2.7545826973411005	0	3.2005197326410646
0	-2.2499999999999893	0	2.7416722352525253	0	3.132729392689994
0	-2.2499999999999893	0	2.7510065800416794	0	3.042094981859571
0	-2.187499999999981	0	2.7370385109840645	0	2.9006492231788767
0	-2.062499999999963	0	2.706719122045756	0	2.7412183470447795
0	-1.9374999999999962	0	2.6871536178238324	0	2.56479337174174
0	-1.8124999999999787	0	2.6640283518837102	0	2.381084236529711
0	-1.6875000000000118	0	2.62670857368624	0	2.2014381963496303
0	-1.4999999999999853	0	2.5427553922771384	0	1.9122911701781162
0	-1.4374999999999765	0	2.5254375039981065	0	1.849983385037128
0	-1.4374999999999765	0	2.5301338285935104	0	1.8903753755750161
0	-1.4999999999999853	0	2.549572117838472	0	1.9728659268705604
0	-1.5624999999999942	0	2.56859241406063	0	2.0350930513322583
0	-1.5624999999999942	0	2.5835139267860026	0	2.0420518758754076
0	-1.5624999999999942	0	2.58540421246765	0	2.0438417751931484
0	-1.5624999999999942	0	2.58540421246765	0	2.0438417751931484
0	-1.5624999999999942	0	2.595993028828236	0	2.0269797836041743
0	-1.4999999999999853	0	2.586855174725734	0	1.9957788058189367
0	-1.4999999999999853	0	2.586806988802786	0	1.9939386596617588
0	-1.4999999999999853	0	2.586806988802786	0	1.9939386596617588
0	-1.4999999999999853	0	2.5923274272743204	0	1.9937941018929157
0	-1.4999999999999853	0	2.6032237464485446	0	1.9879845478836955
0	-1.4999999999999853	0	2.613927321930979	0	1.9748144092457633
0	-1.4999999999999853	0	2.624534525567517	0	1.9579639782934752
0	-1.4999999999999853	0	2.631557808735595	0	1.9448902115014384
0	-1.4999999999999853	0	2.6350453573581607	0	1.937433255026831
0	-1.4999999999999853	0	2.638677463749569	0	1.9354967370237577
0	-1.4999999999999853	0	2.6426950575245587	0	1.948281388278108
0	-1.4999999999999853	0	2.642839615293402	0	1.953801826749642
0	-1.4999999999999853	0	2.6428878012163497	0	1.95564197290682
0	-1.4999999999999853	0	2.6428878012163497	0	1.95564197290682
0	-1.4999999999999853	0	2.642984173062245	0	1.959322265221176
0	-1.4999999999999853	0	2.6432251026769835	0	1.968522996007066
0	-1.4999999999999853	0	2.643658775983513	0	1.9850843114216676
0	-1.4999999999999853	0	2.642396860901707	0	2.007214251230751
0	-1.5624999999999942	0	2.6592076357713332	0	2.0547699878740033
0	-1.5624999999999942	0	2.6578694750911747	0	2.0732211060529036
0	-1.6250000000000029	0	2.672506591174013	0	2.106089507819334
0	-1.6250000000000029	0	2.672558791555247	0	2.1079295444719977
0	-1.6250000000000029	0	2.672610991936481	0	2.1097695811246613
0	-1.6250000000000029	0	2.672610991936481	0	2.1097695811246613
0	-1.6250000000000029	0	2.672610991936481	0	2.1097695811246613
0	-1.6250000000000029	0	2.672610991936481	0	2.1097695811246613
0	-1.6250000000000029	0	2.672610991936481	0	2.1097695811246613
0	-1.6250000000000029	0	2.672610991936481	0	2.1097695811246613
0	-1.6250000000000029	0	2.672610991936481	0	2.1097695811246613
0	-1.6250000000000029	0	2.672558791555247	0	2.1079295444719977
0	-1.6250000000000029	0	2.672558791555247	0	2.1079295444719977
0	-1.6250000000000029	0	2.672558791555247	0	2.1079295444719977
0	-1.6250000000000029	0	2.672558791555247	0	2.1079295444719977
0	-1.6250000000000029	0	2.6728719938426524	0	2.1189697643879803
0	-1.6250000000000029	0	2.6731329957488232	0	2.1281699476512994
0	-1.6250000000000029	0	2.669818325112135	0	2.1411546049824146
0	-1.6250000000000029	0	2.6665036544754463	0	2.1541392623135294
0	-1.6250000000000029	0	2.6666602556191488	0	2.1596593722715207
0	-1.6250000000000029	0	2.6666602556191488	0	2.1596593722715207
0	-1.6250000000000029	0	2.6666602556191488	0	2.1596593722715207
0	-1.6250000000000029	0	2.6666602556191488	0	2.1596593722715207
0	-1.6250000000000029	0	2.6666602556191488	0	2.1596593722715207
0	-1.6250000000000029	0	2.6666602556191488	0	2.1596593722715207
0	-1.6250000000000029	0	2.6666602556191488	0	2.1596593722715207
0	-1.6250000000000029	0	2.6666602556191488	0	2.1596593722715207
0	-1.6250000000000029	0	2.6666602556191488	0	2.1596593722715207
0	-1.6250000000000029	0	2.6666602556191488	0	2.1596593722715207
0	-1.6250000000000029	0	2.6666602556191488	0	2.1596593722715207
0	-1.6250000000000029	0	2.6666602556191488	0	2.1596593722715207
0	-1.6250000000000029	0	2.6666602556191488	0	2.1596593722715207
0	-1.6250000000000029	0	2.6666602556191488	0	2.1596593722715207
0	-1.6250000000000029	0	2.6666602556191488	0	2.1596593722715207
0	-1.6250000000000029	0	2.6666602556191488	0	2.1596593722715207
0	-1.6250000000000029	0	2.6666602556191488	0	2.1596593722715207
0	-1.6250000000000029	0	2.6666602556191488	0	2.1596593722715207
0	-1.6250000000000029	0	2.6666602556191488	0	2.1596593722715207
0	-1.6250000000000029	0	2.6666602556191488	0	2.1596593722715207
0	-1.6250000000000029	0	2.6666602556191488	0	2.1596593722715207
0	-1.6250000000000029	0	2.6666602556191488	0	2.1596593722715207
0	-1.6250000000000029	0	2.6666602556191488	0	2.1596593722715207
0	-1.6250000000000029	0	2.6666602556191488	0	2.1596593722715207
0	-1.6250000000000029	0	2.6666602556191488	0	2.1596593722715207
0	-1.6250000000000029	0	2.6666602556191488	0	2.1596593722715207
0	-1.6250000000000029	0	2.6666602556191488	0	2.1596593722715207
0	-1.6250000000000029	0	2.6666602556191488	0	2.1596593722715207
0	-1.6250000000000029	0	2.6666602556191488	0	2.1596593722715207
0	-1.6250000000000029	0	2.6666602556191488	0	2.1596593722715207
0	-1.6250000000000029	0	2.6666602556191488	0	2.1596593722715207
0	-1.6250000000000029	0	2.6666602556191488	0	2.1596593722715207
0	-1.6250000000000029	0	2.6666602556191488	0	2.1596593722715207
0	-1.6250000000000029	0	2.6666602556191488	0	2.1596593722715207
0	-1.6250000000000029	0	2.6666602556191488	0	2.1596593722715207
0	-1.6250000000000029	0	2.6666602556191488	0	2.1596593722715207
0	-1.6250000000000029	0	2.6666602556191488	0	2.1596593722715207
0	-1.6250000000000029	0	2.6666602556191488	0	2.1596593722715207
0	-1.6250000000000029	0	2.6666602556191488	0	2.1596593722715207
0	-1.6250000000000029	0	2.6666602556191488	0	2.1596593722715207
0	-1.6250000000000029	0	2.6666602556191488	0	2.1596593722715207
0	-1.6250000000000029	0	2.6666602556191488	0	2.1596593722715207
0	-1.6250000000000029	0	2.6666602556191488	0	2.1596593722715207
0	-1.6250000000000029	0	2.6666602556191488	0	2.1596593722715207
0	-1.6250000000000029	0	2.6667124560003828	0	2.1614994089241844
0	-1.6250000000000029	0	2.6667124560003828	0	2.1614994089241844
0	-1.6250000000000029	0	2.6667124560003828	0	2.1614994089241844
0	-1.6250000000000029	0	2.6667124560003828	0	2.1614994089241844
0	-1.6250000000000029	0	2.6667124560003828	0	2.1614994089241844
0	-1.6250000000000029	0	2.6667124560003828	0	2.1614994089241844
0	-1.6250000000000029	0	2.6667124560003828	0	2.1614994089241844
0	-1.6250000000000029	0	2.6667124560003828	0	2.1614994089241844
0	-1.6250000000000029	0	2.6667124560003828	0	2.1614994089241844
0	-1.6250000000000029	0	2.6667124560003828	0	2.1614994089241844
0	-1.6250000000000029	0	2.6667124560003828	0	2.1614994089241844
0	-1.6250000000000029	0	2.6667124560003828	0	2.1614994089241844
0	-1.6250000000000029	0	2.6667124560003828	0	2.1614994089241844
0	-1.6250000000000029	0	2.6667124560003828	0	2.1614994089241844
0	-1.6250000000000029	0	2.6667124560003828	0	2.1614994089241844
0	-1.6250000000000029	0	2.6667124560003828	0	2.1614994089241844
0	-1.6250000000000029	0	2.6667124560003828	0	2.1614994089241844
0	-1.6250000000000029	0	2.6667124560003828	0	2.1614994089241844
0	-1.6250000000000029	0	2.6667124560003828	0	2.1614994089241844
0	-1.6250000000000029	0	2.6667124560003828	0	2.1614994089241844
0	-1.6250000000000029	0	2.6667124560003828	0	2.1614994089241844
0	-1.6250000000000029	0	2.6667124560003828	0	2.1614994089241844
0	-1.6250000000000029	0	2.6667124560003828	0	2.1614994089241844
0	-1.6250000000000029	0	2.6667124560003828	0	2.1614994089241844
0	-1.6250000000000029	0	2.6667124560003828	0	2.1614994089241844
0	-1.6250000000000029	0	2.6667124560003828	0	2.1614994089241844
0	-1.6250000000000029	0	2.6667124560003828	0	2.1614994089241844
0	-1.6250000000000029	0	2.6667124560003828	0	2.1614994089241844
0	-1.6250000000000029	0	2.6667124560003828	0	2.1614994089241844
0	-1.6250000000000029	0	2.6667124560003828	0	2.1614994089241844
0	-1.6250000000000029	0	2.6667124560003828	0	2.1614994089241844
0	-1.6250000000000029	0	2.6667124560003828	0	2.1614994089241844
0	-1.6250000000000029	0	2.6667124560003828	0	2.1614994089241844
0	-1.6250000000000029	0	2.6667124560003828	0	2.1614994089241844
0	-1.6250000000000029	0	2.6667124560003828	0	2.1614994089241844
0	-1.6250000000000029	0	2.6667124560003828	0	2.1614994089241844
0	-1.6250000000000029	0	2.6667124560003828	0	2.1614994089241844
0	-1.6250000000000029	0	2.6667124560003828	0	2.1614994089241844
0	-1.6250000000000029	0	2.6667124560003828	0	2.1614994089241844
0	-1.6250000000000029	0	2.6667124560003828	0	2.1614994089241844
0	-1.6250000000000029	0	2.6667124560003828	0	2.1614994089241844
0	-1.6250000000000029	0	2.6667124560003828	0	2.1614994089241844
0	-1.6250000000000029	0	2.6667124560003828	0	2.1614994089241844
0	-1.6250000000000029	0	2.6667124560003828	0	2.1614994089241844
0	-1.6250000000000029	0	2.6667124560003828	0	2.1614994089241844
0	-1.6250000000000029	0	2.6667124560003828	0	2.1614994089241844
0	-1.6250000000000029	0	2.6667124560003828	0	2.1614994089241844
0	-1.6250000000000029	0	2.6667124560003828	0	2.1614994089241844
0	-1.6250000000000029	0	2.6667124560003828	0	2.1614994089241844
0	-1.6250000000000029	0	2.6667124560003828	0	2.1614994089241844
0	-1.6250000000000029	0	2.6648724193477187	0	2.1615516093054183
0	-1.6250000000000029	0	2.6648724193477187	0	2.1615516093054183
0	-1.6250000000000029	0	2.6648724193477187	0	2.1615516093054183
0	-1.6250000000000029	0	2.6648724193477187	0	2.1615516093054183
0	-1.6250000000000029	0	2.6648724193477187	0	2.1615516093054183
0	-1.6250000000000029	0	2.6648724193477187	0	2.1615516093054183
0	-1.6250000000000029	0	2.6648724193477187	0	2.1615516093054183
0	-1.6250000000000029	0	2.6648724193477187	0	2.1615516093054183
0	-1.6250000000000029	0	2.6648724193477187	0	2.1615516093054183
0	-1.6250000000000029	0	2.6648724193477187	0	2.1615516093054183
0	-1.6250000000000029	0	2.6648724193477187	0	2.1615516093054183
0	-1.6250000000000029	0	2.6648724193477187	0	2.1615516093054183
0	-1.6250000000000029	0	2.6648724193477187	0	2.1615516093054183
0	-1.6250000000000029	0	2.6648724193477187	0	2.1615516093054183
0	-1.6250000000000029	0	2.6648724193477187	0	2.1615516093054183
0	-1.6250000000000029	0	2.6648724193477187	0	2.1615516093054183
0	-1.6250000000000029	0	2.6648724193477187	0	2.1615516093054183
0	-1.6250000000000029	0	2.6648724193477187	0	2.1615516093054183
0	-1.6250000000000029	0	2.6648724193477187	0	2.1615516093054183
0	-1.6250000000000029	0	2.6648724193477187	0	2.1615516093054183
0	-1.6250000000000029	0	2.6648724193477187	0	2.1615516093054183
0	-1.6250000000000029	0	2.6648724193477187	0	2.1615516093054183
0	-1.6250000000000029	0	2.6648724193477187	0	2.1615516093054183
0	-1.6250000000000029	0	2.6648724193477187	0	2.1615516093054183
0	-1.6250000000000029	0	2.6648724193477187	0	2.1615516093054183
0	-1.6250000000000029	0	2.6648724193477187	0	2.1615516093054183
0	-1.6250000000000029	0	2.6648724193477187	0	2.1615516093054183
0	-1.6250000000000029	0	2.6648724193477187	0	2.1615516093054183
0	-1.6250000000000029	0	2.6648724193477187	0	2.1615516093054183
0	-1.6250000000000029	0	2.6648724193477187	0	2.1615516093054183
0	-1.6250000000000029	0	2.6648724193477187	0	2.1615516093054183
0	-1.6250000000000029	0	2.6648724193477187	0	2.1615516093054183
0	-1.6250000000000029	0	2.6648724193477187	0	2.1615516093054183
0	-1.6250000000000029	0	2.6648724193477187	0	2.1615516093054183
0	-1.6250000000000029	0	2.6648724193477187	0	2.1615516093054183
0	-1.6250000000000029	0	2.6648724193477187	0	2.1615516093054183
0	-1.6250000000000029	0	2.6648724193477187	0	2.1615516093054183
0	-1.6250000000000029	0	2.6648724193477187	0	2.1615516093054183
0	-1.6250000000000029	0	2.6648724193477187	0	2.1615516093054183
0	-1.6250000000000029	0	2.6648724193477187	0	2.1615516093054183
0	-1.6250000000000029	0	2.6648724193477187	0	2.1615516093054183
0	-1.6250000000000029	0	2.6648724193477187	0	2.1615516093054183
0	-1.6250000000000029	0	2.6648724193477187	0	2.1615516093054183
0	-1.6250000000000029	0	2.6648724193477187	0	2.1615516093054183
0	-1.6250000000000029	0	2.6648724193477187	0	2.1615516093054183
0	-1.6250000000000029	0	2.6648724193477187	0	2.1615516093054183
0	-1.6250000000000029	0	2.6648724193477187	0	2.1615516093054183
0	-1.6250000000000029	0	2.6648724193477187	0	2.1615516093054183
0	-1.6250000000000029	0	2.6648724193477187	0	2.1615516093054183
0	-1.6250000000000029	0	2.6648724193477187	0	2.1615516093054183
0	-1.6250000000000029	0	2.6648724193477187	0	2.1615516093054183
0	-1.6250000000000029	0	2.6648724193477187	0	2.1615516093054183
0	-1.6250000000000029	0	2.6648724193477187	0	2.1615516093054183
0	-1.6250000000000029	0	2.6648724193477187	0	2.1615516093054183
0	-1.6250000000000029	0	2.6648724193477187	0	2.1615516093054183
0	-1.6250000000000029	0	2.6648724193477187	0	2.1615516093054183
0	-1.6250000000000029	0	2.6648724193477187	0	2.1615516093054183
0	-1.6250000000000029	0	2.6648724193477187	0	2.1615516093054183
0	-1.6250000000000029	0	2.6648724193477187	0	2.1615516093054183
0	-1.6250000000000029	0	2.6648724193477187	0	2.1615516093054183
0	-1.6250000000000029	0	2.6648724193477187	0	2.1615516093054183
0	-1.6250000000000029	0	2.6648724193477187	0	2.1615516093054183
0	-1.6250000000000029	0	2.6648724193477187	0	2.1615516093054183
0	-1.6250000000000029	0	2.6648724193477187	0	2.1615516093054183
0	-1.6250000000000029	0	2.6648724193477187	0	2.1615516093054183
0	-1.6250000000000029	0	2.6648724193477187	0	2.1615516093054183
0	-1.6250000000000029	0	2.6648724193477187	0	2.1615516093054183
0	-1.6250000000000029	0	2.6648724193477187	0	2.1615516093054183
0	-1.6250000000000029	0	2.6648724193477187	0	2.1615516093054183
0	-1.6250000000000029	0	2.6648724193477187	0	2.1615516093054183
0	-1.6250000000000029	0	2.6648724193477187	0	2.1615516093054183
0	-1.6250000000000029	0	2.6648724193477187	0	2.1615516093054183
0	-1.6250000000000029	0	2.6648724193477187	0	2.1615516093054183
0	-1.6250000000000029	0	2.6648724193477187	0	2.1615516093054183
0	-1.6250000000000029	0	2.6648724193477187	0	2.1615516093054183
0	-1.6250000000000029	0	2.6648724193477187	0	2.1615516093054183
0	-1.6250000000000029	0	2.6648724193477187	0	2.1615516093054183
0	-1.6250000000000029	0	2.6648724193477187	0	2.1615516093054183
0	-1.6250000000000029	0	2.6648724193477187	0	2.1615516093054183
0	-1.6250000000000029	0	2.6648724193477187	0	2.1615516093054183
0	-1.6250000000000029	0	2.6648724193477187	0	2.1615516093054183
0	-1.6250000000000029	0	2.6648724193477187	0	2.1615516093054183
0	-1.6250000000000029	0	2.6648724193477187	0	2.1615516093054183
0	-1.6250000000000029	0	2.6648724193477187	0	2.1615516093054183