0	0.0	0	0.0	0	0.0
0	0.0	0	0.0	0	0.0
0	0.0	0	0.0	0	0.0
0	0.0	0	0.0	0	0.0
0	0.0	0	0.0	0	0.0
0	0.0	0	0.0	0	0.0
0	0.0	0	0.0	0	0.0
0	0.0	0	0.0	0	0.0
0	0.0	0	0.0	0	0.0
0	0.0	0	0.0	0	0.0
0	0.0	0	0.0	0	0.0
0	0.0	0	0.0	0	0.0
0	0.0	0	0.0	0	0.0
0	0.0	0	0.0	0	0.0
0	0.0	0	0.0	0	0.0
0	0.0	0	0.0	0	0.0
0	0.0	0	0.0	0	0.0
0	0.0	0	0.0	0	0.0
0	0.0	0	0.0	0	0.0
0	0.0	0	0.0	0	0.0
0	0.0	0	0.0	0	0.0
0	0.0	0	0.0	0	0.0
0	0.0	0	0.0	0	0.0
0	0.0	0	0.0	0	0.0
0	0.0	0	0.0	0	0.0
0	0.0	0	0.0	0	0.0
0	0.0	0	0.0	0	0.0
0	0.0	0	0.0	0	0.0
0	0.0	0	0.0	0	0.0
0	0.0	0	0.0	0	0.0
0	0.0	0	0.0	0	0.0
0	0.0	0	0.0	0	0.0
0	0.0	0	0.0	0	0.0
0	0.0	0	0.0	0	0.0
0	0.0	0	0.0	0	0.0
0	0.0	0	0.0	0	0.0
0	0.0	0	0.0	0	0.0
0	0.0	0	0.0	0	0.0
0	0.0	0	0.0	0	0.0
0	0.0	0	0.0	0	0.0
0	0.0	0	0.0	0	0.0
0	0.0	0	0.0	0	0.0
0	0.0	0	0.0	0	0.0
0	0.0	0	0.0	0	0.0
0	0.0	0	0.0	0	0.0
0	0.0	0	0.0	0	0.0
0	0.0	0	0.0	0	0.0
0	0.0	0	0.0	0	0.0
0	0.0	0	0.0	0	0.0
0	0.0	0	0.0	0	0.0
0	0.0	0	0.0	0	0.0
0	0.0	0	0.0	0	0.0
0	0.0	0	0.0	0	0.0
0	0.0	0	0.0	0	0.0
0	0.0	0	0.0	0	0.0
0	0.0	0	0.0	0	0.0
0	0.0	0	0.0	0	0.0
0	0.0	0	0.0	0	0.0
0	0.0	0	0.0	0	0.0
0	0.0	0	0.0	0	0.0
0	0.0	0	0.0	0	0.0
0	0.0	0	0.0	0	0.0
0	0.0	0	0.0	0	0.0
0	0.0	0	0.0	0	0.0
0	0.0	0	0.0	0	0.0
0	0.0	0	0.0	0	0.0
0	0.0	0	0.0	0	0.0
0	0.0	0	0.0	0	0.0
0	0.0	0	0.0	0	0.0
0	0.0	0	0.0	0	0.0
0	0.0	0	0.0	0	0.0
0	0.0	0	0.0	0	0.0
0	0.0	0	0.0	0	0.0
0	0.0	0	0.0	0	0.0
0	0.0	0	0.0	0	0.0
0	0.0	0	0.0	0	0.0
0	0.0	0	0.0	0	0.0
0	0.0	0	0.0	0	0.0
0	0.0	0	0.0	0	0.0
0	0.0	0	0.0	0	0.0
0	0.0	0	0.0	0	0.0
0	0.0	0	0.0	0	0.0
0	0.0	0	0.0	0	0.0
0	0.0	0	0.0	0	0.0
0	0.0	0	0.0	0	0.0
0	0.0	0	0.0	0	0.0
0	0.0	0	0.0	0	0.0
0	0.0	0	0.0	0	0.0
0	0.0	0	0.0	0	0.0
0	0.0	0	0.0	0	0.0
0	0.0	0	0.0	0	0.0
0	0.0	0	0.0	0	0.0
0	0.0	0	0.0	0	0.0
0	0.0	0	0.0	0	0.0
0	0.0	0	0.0	0	0.0
0	0.0	0	0.0	0	0.0
0	0.0	0	0.0	0	0.0
0	0.0	0	0.0	0	0.0
0	0.0	0	0.0	0	0.0
0	0.0	0	0.0	0	0.0
0	0.0	0	0.0	0	0.0
0	0.0	0	0.0	0	0.0
0	0.0	0	0.0	0	0.0
0	0.0	0	0.0	0	0.0
0	0.0	0	0.0	0	0.0
0	0.0	0	0.0	0	0.0
0	0.0	0	0.0	0	0.0
0	0.0	0	0.0	0	0.0
0	0.0	0	0.0	0	0.0
0	0.0	0	0.0	0	0.0
0	0.0625	0	-0.0045840637290383785	0	-0.014867543323599512
0	0.0	0	0.025686098796291155	0	0.016561943800296346
0	0.0	0	0.027526875741753925	0	0.020243497691221884
0	0.0	0	0.027526875741753925	0	0.020243497691221884
0	0.0	0	0.029367652687216694	0	0.027606605473072962
0	0.0	0	0.03120842963267946	0	0.02944738241853573
0	0.0	0	0.03304920657814223	0	0.02944738241853573
0	0.0	0	0.03673076046906777	0	0.02944738241853573
0	0.0	0	0.06434241465100932	0	0.04785515187316343
0	0.0625	0	0.09294251562098296	0	0.07904314837024518
0	0.125	0	0.20986566186280814	0	0.11965897446153627
0	0.37499999999999994	0	0.405219398630335	0	0.16641083063175532
0	0.8124999999999999	0	0.4946614028284532	0	0.10782089728882145
0	1.125	0	0.7164961817712224	0	0.12438246883807455
0	1.8125	0	1.1591428908720238	0	0.16634834674244425
0	2.625	0	1.6106675419063072	0	0.20737927135273543
0	3.4375	0	2.1448726688090827	0	0.4146546160664025
0	4.312500000000001	0	2.836117833471513	0	0.6180146044431059
0	5.187500000000001	0	3.360663445118438	0	0.7616374274198603
0	6.0	0	4.732860234669919	0	1.2722637201247216
0	6.4375	0	5.499908289320116	0	1.7820131296056572
0	6.499999999999999	0	6.167213472860528	0	2.1839777252510695
0	6.375	0	6.614899183503944	0	2.7325155404385755
0	5.875	0	7.307245705849811	0	3.676304836187301
0	5.4375	0	7.742278895584371	0	4.269640377742005
0	5.125	0	8.047783365746911	0	5.046187283463294
0	4.75	0	8.419211020908836	0	5.718767446541887
0	4.187500000000001	0	8.668404769776489	0	6.4247122714188505
0	3.7499999999999996	0	8.805101914018842	0	7.231457272084421
0	2.625	0	9.164615258007476	0	8.355168848312069
0	1.75	0	9.395407182746473	0	9.42625743076123
0	1.25	0	9.546508894070842	0	10.0271082420227
0	0.6874999999999999	0	9.719740847699812	0	10.681970347019567
0	0.25	0	9.942725985705108	0	11.173491914948599
0	0.125	0	10.044522462851047	0	11.359903850642945
0	0.125	0	10.016694013127147	0	11.459245329902021
0	0.0625	0	9.971494207042573	0	11.479580888406176
0	0.125	0	9.93379245784623	0	11.39836809637035
0	0.0625	0	9.929210198822169	0	11.381932488564335
0	0.0625	0	9.912663295927208	0	11.363506658279698
0	0.0625	0	9.894269593254693	0	11.35060114757015
0	0.0625	0	9.87033950720103	0	11.3505750438853
0	0.0625	0	9.866657955500466	0	11.350571027933785
0	0.0625	0	9.866657955500466	0	11.350571027933785
0	0.0625	0	9.857454076249056	0	11.350560988054998
0	0.0625	0	9.833523990195392	0	11.350534884370148
0	0.0	0	9.841740972917302	0	11.365397418411384
0	0.0	0	9.834377865135451	0	11.354352756738606
0	-0.06250000000000884	0	9.84445584727684	0	11.365522758925056
0	-0.06250000000000884	0	9.838927495798723	0	11.360006455301484
0	-0.06250000000000884	0	9.824201288996468	0	11.360022519107545
0	-0.12500000000001768	0	9.76802363739107	0	11.351077549045815
0	-0.1874999999999756	0	9.719155154650819	0	11.301672700228377
0	-0.24999999999998446	0	9.66840811303988	0	11.259692310177448
0	-0.24999999999998446	0	9.607502414511565	0	11.223142173737118
0	-0.3750000000000021	0	9.496974519061789	0	11.216775102993717
0	-0.7500000000000042	0	9.31478505782667	0	11.273137032742282
0	-1.2499999999999731	0	9.17488434348491	0	11.330667707128477
0	-1.5000000000000084	0	9.049466986548085	0	11.325290768607308
0	-1.749999999999993	0	8.911308558866482	0	11.328215973687746
0	-2.4374999999999885	0	8.809475430384198	0	11.464827488260093
0	-3.0624999999999747	0	8.505293181388934	0	11.580144369098335
0	-3.7499999999999702	0	8.363599798135038	0	11.74769073660413
0	-4.812499999999968	0	8.119353262803102	0	11.990255238281906
0	-6.000000000000034	0	7.848694837171919	0	12.309800280392851
0	-7.0624999999999805	0	7.720273074545829	0	12.55047381889174
0	-8.00000000000001	0	7.2415759440943255	0	12.775875867954541
0	-9.312499999999993	0	7.012101517822211	0	12.948705484026918
0	-10.437499999999998	0	6.466328651847697	0	13.137770627888838
0	-11.375000000000028	0	6.116952857994775	0	13.198883764982906
0	-12.000000000000018	0	5.64736508078136	0	13.332076100965434
0	-13.000000000000005	0	5.240028362081768	0	13.447235337578192
0	-13.937499999999986	0	4.802097011463071	0	13.535275645060329
0	-15.125	0	4.110348306418685	0	13.568703108058617
0	-15.68750000000003	0	3.6477943844749	0	13.483872631848861
0	-16.437500000000032	0	3.2894740352827396	0	13.313101166186893
0	-16.874999999999993	0	2.486902010875639	0	12.855521425530242
0	-17.12499999999998	0	1.8905287993517688	0	12.492832598053594
0	-17.375000000000014	0	1.1984303128241773	0	11.980909617989255
0	-17.56249999999999	0	0.5427007485694121	0	11.596141322390185
0	-17.874999999999982	0	-0.24255499650472012	0	11.057159376689471
0	-18.062500000000007	0	-0.9790138751382297	0	10.453605245470987
0	-18.375	0	-1.678881651412695	0	10.070019921626653
0	-18.56249999999998	0	-2.495339262462328	0	9.581515908945653
0	-18.93749999999998	0	-3.5308800502130766	0	8.842114718826663
0	-19.4375	0	-4.405448149561945	0	8.320459499721107
0	-19.687499999999986	0	-5.496470875377936	0	7.610754980390475
0	-20.06250000000004	0	-6.113245067976908	0	7.270572760833497
0	-20.250000000000014	0	-6.814600697125385	0	6.968618649232341
0	-20.68749999999997	0	-7.387460236821031	0	6.560322232680718
0	-21.25	0	-8.436721812045944	0	6.096863354891539
0	-21.812500000000032	0	-9.204689405712847	0	5.567010862804532
0	-22.062500000000014	0	-9.823918423986273	0	5.252519493436991
0	-22.437499999999968	0	-10.348438705092516	0	4.940292631318412
0	-23.0625	0	-11.207484590322911	0	4.409434862897702
0	-23.312499999999986	0	-11.775157761742983	0	3.981195643827881
0	-23.56250000000002	0	-12.248876812924141	0	3.6301224584896077
0	-24.062499999999993	0	-12.747637968340644	0	3.2674764720694895
0	-24.500000000000004	0	-13.439969953201835	0	2.7668756003833854
0	-24.999999999999968	0	-14.090628530065512	0	2.283549935158376
0	-25.250000000000004	0	-14.653436320017574	0	1.9247975951268874
0	-25.812499999999982	0	-15.574066410287402	0	1.4187655458911463
0	-26.312500000000004	0	-16.09058845238293	0	1.1107646522343773
0	-26.874999999999982	0	-16.728879655014147	0	0.7815585296836086
0	-27.437500000000007	0	-17.29441418440938	0	0.44200919125177773
0	-27.687499999999993	0	-17.701213996804448	0	0.24657637863667986
0	-27.87500000000002	0	-18.05759281396115	0	-0.03716131740512635
0	-27.93750000000003	0	-18.795549355181674	0	-0.5936969550960103
0	-27.750000000000007	0	-19.65201636512735	0	-1.2376082231037644
0	-27.375000000000004	0	-20.29391072512142	0	-1.8844876829277464
0	-26.312500000000004	0	-21.47746957628105	0	-2.9722356502837233
0	-24.937499999999964	0	-22.762513428356097	0	-4.409778789734897
0	-24.187499999999957	0	-23.498745924010773	0	-5.19844026586687
0	-22.562500000000036	0	-24.85642848655995	0	-6.715871307978874
0	-20.749999999999982	0	-26.37970774548033	0	-8.453250747649156
0	-19.312499999999982	0	-27.386390130262377	0	-9.747968187760097
0	-18.312499999999993	0	-28.15566860238901	0	-10.778481904960271
0	-16.812499999999986	0	-29.071869029249694	0	-11.995241450222533
0	-15.812499999999996	0	-29.842765276776227	0	-13.205542744707378
0	-14.249999999999979	0	-30.72797630158363	0	-14.446356201000631
0	-12.187499999999993	0	-31.990293017389583	0	-16.276422028836212
0	-11.124999999999995	0	-32.629484114932694	0	-17.44853426436894
0	-9.562500000000028	0	-33.49207554154152	0	-18.861195487649066
0	-8.00000000000001	0	-34.25926516182781	0	-20.171161838404863
0	-5.437500000000005	0	-35.67588769720664	0	-22.809992364633256
0	-4.375000000000008	0	-36.26736907867662	0	-23.98468844471524
0	-2.937500000000008	0	-36.94066495419435	0	-25.133278609482034
0	-1.2499999999999731	0	-37.922975012478275	0	-26.929648008912743
0	-0.06250000000000884	0	-38.58890730410942	0	-28.12330963077137
0	0.6874999999999954	0	-39.06536307285463	0	-29.047121528249672
0	1.6874999999999953	0	-39.76024328286228	0	-30.063619680920002
0	2.4999999999999956	0	-40.413983312524195	0	-30.788290852092295
0	3.062499999999995	0	-41.14896890489696	0	-31.507086483862324
0	3.374999999999996	0	-41.63400107471205	0	-31.975213208364863
0	3.812499999999995	0	-42.05925460423045	0	-32.42877642482435
0	4.062499999999996	0	-42.50938193774897	0	-32.928164527397804
0	4.437499999999996	0	-42.96918669145139	0	-33.37451388262265
0	4.687499999999996	0	-43.377928200350134	0	-33.663446027171545
0	5.062499999999996	0	-44.03872093502243	0	-34.003675345484176
0	5.374999999999996	0	-44.53887156213008	0	-34.39529425478574
0	5.562499999999995	0	-44.87260798319525	0	-34.6575392304517
0	5.874999999999996	0	-45.384286158763906	0	-35.07170107568562
0	6.062499999999996	0	-45.84094875376081	0	-35.416787727788744
0	6.187499999999996	0	-46.12163316764303	0	-35.61783435392775
0	6.312499999999996	0	-46.60431334428706	0	-35.917818110240766
0	6.374999999999994	0	-47.049230140475935	0	-36.17511346032072
0	6.374999999999994	0	-47.312407913889295	0	-36.2897198983457
0	6.312499999999996	0	-47.520737693552235	0	-36.307072536658296
0	6.062499999999996	0	-47.83085325982552	0	-36.18952478997672
0	5.937499999999996	0	-47.9778540560945	0	-36.06388664479342
0	5.749999999999994	0	-48.05670288330464	0	-35.92526154952554
0	5.499999999999995	0	-48.177390270567784	0	-35.72922183270204
0	5.249999999999996	0	-48.33539116506896	0	-35.46592319065521
0	4.937499999999996	0	-48.47660657390985	0	-35.18552978876826
0	3.937499999999995	0	-48.87686107113029	0	-34.29442198941112
0	3.1874999999999947	0	-49.17572119090077	0	-33.55932728853474
0	1.9374999999999951	0	-49.532851148338715	0	-32.34135117910324
0	-0.18749999999999986	0	-49.97730706901846	0	-30.090181738444947
0	-3.2500000000000258	0	-50.33082596369229	0	-27.225633268368284
0	-5.562499999999996	0	-50.34641538820483	0	-24.9055155381321
0	-6.875000000000028	0	-50.15508139420199	0	-22.929071878551476
0	-7.500000000000015	0	-49.81438051686064	0	-21.404045881565068
0	-7.625000000000033	0	-49.58754414921957	0	-20.210255573379847
0	-7.750000000000051	0	-49.203802580057506	0	-18.493648137088382
0	-7.625000000000033	0	-49.01328457538261	0	-17.304831976130345
0	-7.562500000000024	0	-48.76522975918388	0	-15.997202534834056
0	-7.374999999999997	0	-48.54935439628915	0	-14.718867432112734
0	-7.187500000000022	0	-48.36332604865454	0	-13.115626717796411
0	-7.062500000000004	0	-48.209075325869826	0	-11.82735485511491
0	-6.8125000000000195	0	-48.00596659227469	0	-10.346886542862782
0	-6.375000000000009	0	-47.67314680356203	0	-7.827399786265789
0	-6.187500000000033	0	-47.54678328880187	0	-6.093672567651202
0	-6.125000000000025	0	-47.17014231074831	0	-3.525687802922659
0	-6.125000000000025	0	-46.795629582365834	0	-1.4331270735696142
0	-6.250000000000042	0	-46.55363439456136	0	0.18316064709153124
0	-6.437500000000018	0	-46.44943869332112	0	1.6444877079019873
0	-6.500000000000027	0	-46.336902737782665	0	3.6716058312301234
0	-6.5625000000000355	0	-46.24939719245768	0	4.7511893796035745
0	-6.625000000000044	0	-46.100972814501986	0	5.899717140621385
0	-6.625000000000044	0	-45.93683539400909	0	7.185271745642745
0	-6.5625000000000355	0	-45.82293219677337	0	8.148516274033701
0	-6.437500000000018	0	-45.685746932126854	0	8.938574311481087
0	-6.5625000000000355	0	-45.522620115447964	0	9.861355802722406
0	-6.8125000000000195	0	-45.356880936012864	0	10.674459287493859
0	-7.125000000000013	0	-45.20729539572133	0	11.557974205812211
0	-7.687500000000042	0	-44.961400056757256	0	12.723858497806258
0	-9.250000000000009	0	-44.38921490249675	0	15.023394993325866
0	-10.625	0	-43.84601447147663	0	16.86261814166663
0	-11.750000000000005	0	-43.376135238383554	0	18.403758068255527
0	-12.625000000000027	0	-42.86212833936156	0	19.30687210248208
0	-13.750000000000036	0	-42.18391325409256	0	20.50306161854404
0	-14.49999999999999	0	-41.553969995885296	0	21.39291692461285
0	-15.750000000000012	0	-40.45811541960788	0	22.687905064777606
0	-16.43750000000006	0	-39.600887742999724	0	23.39973249977459
0	-17.00000000000004	0	-38.808252693386486	0	24.213316457519173
0	-18.000000000000025	0	-37.89214152592242	0	25.10755837557485
0	-19.125000000000032	0	-36.48889157928851	0	26.282231497024902
0	-19.937500000000046	0	-35.24219979029005	0	26.9847763602299
0	-20.437500000000014	0	-34.368586757091656	0	27.658174297813115
0	-21.437500000000004	0	-32.81791391360057	0	28.35013077525362
0	-22.06250000000004	0	-31.241389888725312	0	28.929905482791533
0	-22.56250000000006	0	-30.01940635986711	0	29.43383372519252
0	-23.00000000000002	0	-28.862925736304188	0	29.62780738045255
0	-24.062500000000014	0	-25.513679332695304	0	30.453559876013706
0	-24.687500000000004	0	-23.81652690820167	0	30.811193443450726
0	-25.125000000000014	0	-22.265820630947964	0	31.034386771010567
0	-25.750000000000004	0	-21.026058962065306	0	31.3103719256189
0	-26.500000000000004	0	-19.691898749001655	0	31.782023270051113
0	-27.68750000000002	0	-17.943326813517896	0	32.2091707469698
0	-28.68750000000001	0	-16.240733494274764	0	32.689226568586726
0	-29.812500000000014	0	-15.033029248827308	0	33.16387692292595
0	-31.43750000000004	0	-13.412770421295406	0	33.60566322808909
0	-32.312500000000064	0	-12.536456343583966	0	34.00503875772598
0	-33.187500000000036	0	-11.758127604301155	0	34.146805032483
0	-34.875000000000014	0	-10.436933644502947	0	34.59005882588338
0	-36.81250000000004	0	-9.102250304959044	0	34.97508863549894
0	-37.750000000000014	0	-8.364267359835434	0	35.19738493614874
0	-39.18750000000002	0	-7.464417896868604	0	35.40951947943261
0	-41.50000000000004	0	-6.094467033823658	0	35.56383610127995
0	-43.68750000000004	0	-4.792538454801073	0	35.63905606626056
0	-45.437500000000036	0	-3.801649370357872	0	35.70144600427457
0	-46.3125	0	-3.2392155492598045	0	35.71207809039096
0	-47.62500000000004	0	-2.540918092965626	0	35.733951378944745
0	-49.000000000000036	0	-1.7933915224408112	0	35.67171737526839
0	-50.312500000000014	0	-1.101585026943825	0	35.52786146245758
0	-51.68750000000005	0	-0.3730351305176509	0	35.458826946978185
0	-52.56250000000003	0	0.10756622675904659	0	35.27914225284974
0	-54.25000000000001	0	0.9218755471643175	0	35.003490708722865
0	-55.18750000000004	0	1.4050846913853368	0	34.88578110072211
0	-56.062500000000014	0	1.8792465540671845	0	34.75800994267402
0	-58.31250000000003	0	2.9042714387298814	0	34.270204600306556
0	-60.12500000000003	0	3.747090047770946	0	33.7882950300305
0	-60.812500000000014	0	4.134335316144211	0	33.31321352856646
0	-61.812500000000014	0	4.7551350738791145	0	32.43205917562565
0	-62.75000000000004	0	5.358442815403074	0	31.550415756895042
0	-63.18750000000005	0	5.754645587196769	0	30.79309085942753
0	-63.75000000000003	0	6.303593517473757	0	29.99479364755751
0	-64.5625	0	7.0490069376992315	0	28.63735585914175
0	-65.18750000000003	0	7.660265642897811	0	27.814028490887292
0	-65.6875	0	8.244275125709658	0	27.10513574463961
0	-66.31250000000003	0	9.116361027832008	0	25.775742149166653
0	-66.93750000000001	0	9.998148123419956	0	24.849740113885048
0	-67.37499999999999	0	10.616615508184355	0	23.913699175714225
0	-68.31250000000001	0	12.074840322715264	0	22.238984588879052
0	-68.87500000000004	0	12.97814907934087	0	21.03299611505316
0	-69.18749999999999	0	13.7715548632098	0	20.232380761095715
0	-69.50000000000003	0	14.59283292976175	0	19.293888033378643
0	-69.93749999999999	0	15.450183188844912	0	18.285067018213965
0	-70.25000000000003	0	16.284549500534744	0	17.24325118791041
0	-70.68750000000004	0	17.186982567605757	0	16.09571414947633
0	-71.00000000000004	0	17.930065616363084	0	14.974366890128225
0	-71.43750000000004	0	18.735781947021913	0	13.948313008668201
0	-71.875	0	19.96930387139553	0	12.454910203578322
0	-72.25000000000001	0	20.903193423133953	0	11.333261916998264
0	-72.68750000000001	0	22.13593731722583	0	9.86800720295493
0	-73.25000000000006	0	23.338168379218594	0	8.489563123198614
0	-73.56249999999999	0	24.237082114724462	0	7.526635559398436
0	-73.93750000000004	0	24.95557700945225	0	6.557574798900846
0	-74.81250000000001	0	26.69160862890326	0	4.636417205732055
0	-75.31249999999999	0	27.697422895619958	0	3.4529066557626793
0	-75.93750000000003	0	28.756978746431532	0	2.409625092907207
0	-76.50000000000004	0	29.886632462435163	0	1.0680070015982106
0	-77.12499999999999	0	31.035716096006666	0	0.044302501016658
0	-77.56250000000006	0	31.919008876108382	0	-0.8027865635268878
0	-78.37500000000001	0	32.92776197553554	0	-1.798261175217362
0	-79.06250000000006	0	34.06905264992456	0	-2.8079420969355886
0	-79.6875	0	34.693215551281604	0	-3.6811163757254945
0	-80.12500000000006	0	35.73495697053474	0	-4.658676603082073
0	-80.25000000000001	0	36.67344986839759	0	-5.749198657722106
0	-80.37500000000004	0	38.316497427789216	0	-8.03782323160436
0	-80.37500000000004	0	38.79524480674899	0	-9.209431017484341
0	-80.06250000000004	0	39.87829284910804	0	-10.734046366448755
0	-79.37500000000006	0	40.561476227473904	0	-11.908729977417295
0	-79.00000000000004	0	41.191446894502334	0	-12.530115518319285
0	-78.43750000000001	0	42.842147030207	0	-13.681354328117722
0	-78.25000000000004	0	43.82704497019248	0	-14.133910531462252
0	-78.18750000000004	0	45.09003774391008	0	-14.499574505627802
0	-78.18750000000004	0	46.822967926531376	0	-14.791601767376243
0	-78.31250000000004	0	48.90634752511163	0	-14.95689706669456
0	-78.43750000000001	0	51.98191716298682	0	-14.78939515604998
0	-78.56250000000004	0	53.7697620714093	0	-14.620618719258319
0	-78.62499999999999	0	55.35895551736016	0	-14.362066558657464
0	-78.75000000000001	0	56.948662352566856	0	-14.124977106984145
0	-78.81250000000001	0	58.9246670913563	0	-13.764378316031284
0	-79.00000000000004	0	61.971966348121754	0	-13.116478313795215
0	-79.31250000000004	0	63.959313613703216	0	-12.725312410348218
0	-79.93750000000003	0	67.03340753616929	0	-12.008655516185488
0	-80.31250000000003	0	68.76143422329748	0	-11.66953861753612
0	-80.75000000000004	0	70.40018409805188	0	-11.237361522933666
0	-81.87500000000006	0	73.14073769998065	0	-10.36100230186501
0	-83.18750000000003	0	75.83997291983923	0	-9.213510338829693
0	-83.93750000000003	0	77.28033142573162	0	-8.333187906687364
0	-84.8125	0	79.01478872455034	0	-7.1078047383470615
0	-85.125	0	79.90423418382359	0	-6.135307520592668
0	-85.62500000000001	0	80.695142504109	0	-5.263861545205273
0	-85.93750000000001	0	81.38982090394451	0	-4.252834878984836
0	-86.5625	0	82.36097838979822	0	-2.3503522085158948
0	-87.06250000000001	0	82.9912219681481	0	-0.9636470491523652
0	-87.43750000000003	0	83.35385731341488	0	0.00889561754504442
0	-87.68750000000001	0	83.60441220374699	0	1.5730854184144891
0	-87.87500000000003	0	83.76331227472514	0	2.911325370801446
0	-87.93750000000004	0	83.78394587443117	0	4.541498333062955
0	-87.93750000000004	0	83.63150746495828	0	5.910118373311647
0	-87.93750000000004	0	83.5821815451671	0	7.842410754375499
0	-87.93750000000004	0	83.32333232912443	0	9.352714274284436
0	-87.87500000000003	0	83.21521523922792	0	10.723878949932548
0	-87.81250000000003	0	82.85216767724313	0	13.424907109923936
0	-87.75000000000001	0	82.64362368663834	0	15.494034248827282
0	-87.75000000000001	0	82.45742909675876	0	16.763361311903274
0	-87.75000000000001	0	82.26967969868008	0	19.05688893668844
0	-87.75000000000001	0	82.16411381415602	0	20.524656814777373
0	-87.68750000000001	0	81.93436307393178	0	21.922301548192095
0	-87.43750000000003	0	81.63435254152674	0	23.261473617324945
0	-86.81249999999997	0	80.63916747839785	0	25.55130306455235
0	-86.18750000000006	0	79.89994324991768	0	26.82582724932076
0	-85.125	0	78.68823639422831	0	28.429117820581467
0	-84.0625	0	77.27527076108028	0	29.598160330396343
0	-82.81250000000003	0	75.83850244994521	0	30.62184537583938
0	-81.12500000000004	0	74.14204676193125	0	31.719370181317935
0	-79.4375	0	72.37354951095342	0	32.742838128743635
0	-78.56250000000004	0	71.19114928343214	0	33.25165808393566
0	-77.25000000000006	0	69.84612669590052	0	33.850378136110415
0	-76.06250000000004	0	68.19976786671728	0	34.54821816327476
0	-74.62500000000004	0	66.27380511844783	0	35.230526090819914
0	-73.43750000000003	0	65.02538899915244	0	35.58675768068876
0	-71.875	0	63.035174525473224	0	36.102037955114994
0	-71.06250000000004	0	61.7841861613002	0	36.43150165470279
0	-69.87500000000003	0	60.453263528686186	0	36.76855059130018
0	-68.68750000000001	0	58.68800627827614	0	36.979830680720355
0	-67.43749999999999	0	57.06378899375162	0	37.17689404599819
0	-66.06250000000006	0	55.57497813767335	0	37.405522645512235
0	-64.75000000000001	0	53.84077547114918	0	37.60136146727366
0	-63.00000000000002	0	51.708541249831384	0	37.77513397825397
0	-61.62500000000003	0	50.04761986439472	0	37.791283514087326
0	-59.81250000000003	0	47.80684103388268	0	37.755395497512254
0	-57.875000000000064	0	45.671311231233815	0	37.70860645086294
0	-56.937500000000036	0	44.590076322346164	0	37.622346603239166
0	-56.062500000000014	0	43.38299262076377	0	37.49465786902127
0	-54.1875	0	41.26262639495687	0	37.170973736771735
0	-52.81250000000001	0	39.7537976854513	0	36.84889557201491
0	-50.812500000000036	0	37.563266933041604	0	36.36334930090165
0	-49.375000000000036	0	35.69052683855477	0	35.87609712805451
0	-47.93750000000003	0	34.23417237709698	0	35.52869995553491
0	-46.500000000000036	0	32.67688059880169	0	35.159419155580714
0	-45.50000000000004	0	31.43664365010141	0	34.733344514650845
0	-44.125	0	29.93545750593779	0	34.22313108264576
0	-43.18750000000003	0	28.720366130347436	0	33.71819992434693
0	-41.687500000000014	0	27.27621829422412	0	33.19808332958978
0	-39.75000000000004	0	24.870438513485443	0	32.1884201673591
0	-37.81250000000003	0	22.8439074931845	0	31.296187880269578
0	-36.437499999999986	0	21.37877893508393	0	30.568624159317125
0	-34.56250000000003	0	19.437035837162174	0	29.679731745694035
0	-33.68750000000001	0	18.317271028464813	0	29.108187819603213
0	-32.312500000000064	0	17.010013422424787	0	28.55650704138652
0	-31.062500000000043	0	15.279014744137596	0	27.799051562863337
0	-29.937500000000032	0	14.007127717164174	0	27.337934229401085
0	-29.250000000000036	0	12.799560364827501	0	26.928369822317215
0	-28.68750000000001	0	11.708092571277243	0	26.59063841005981
0	-27.937500000000057	0	10.442759639555394	0	26.287098448442777
0	-27.437500000000036	0	9.287146143454478	0	26.08122127224784
0	-26.812499999999996	0	8.142295001728613	0	25.771638937363754
0	-26.312500000000032	0	6.933351327694092	0	25.588019235349446
0	-25.687500000000043	0	5.691196736439746	0	25.340568304185414
0	-25.250000000000032	0	4.433047520569344	0	25.092441607555507
0	-24.625000000000046	0	3.0597521115430597	0	24.908604601783583
0	-24.187499999999982	0	1.867658613521327	0	24.72469379506399
0	-23.625000000000057	0	0.5717964958240249	0	24.60116400818164
0	-23.187499999999996	0	-0.6022231605417985	0	24.366159462675405
0	-22.56250000000006	0	-1.7940472959588183	0	24.303866051721705
0	-22.187500000000007	0	-2.862625494310554	0	24.18220234996599
0	-21.625000000000032	0	-4.436762637746656	0	23.92788560679208
0	-20.937500000000036	0	-5.997656880245163	0	23.83387697005636
0	-20.562500000000032	0	-7.17983685956639	0	23.72013278761482
0	-19.937500000000046	0	-8.48961286104859	0	23.58886422383182
0	-19.187500000000043	0	-10.915306546119755	0	23.46680556056836
0	-18.62500000000001	0	-12.193780649742488	0	23.33899373103049
0	-18.25000000000006	0	-13.354735454970502	0	23.437994099770094
0	-17.8125	0	-14.526535693024092	0	23.3591870267249
0	-17.125000000000004	0	-16.644896839274146	0	23.17347287801155
0	-16.687500000000043	0	-17.782268304896355	0	23.07725672164134
0	-15.87500000000003	0	-19.864684631402568	0	22.834337892388977
0	-15.43750000000002	0	-20.91476392529821	0	22.78726371157062
0	-14.875000000000043	0	-22.29577208257126	0	22.653896939247204
0	-14.43750000000003	0	-23.629600755137318	0	22.454645179628102
0	-13.812500000000044	0	-24.950119558393318	0	22.26999927781832
0	-13.187500000000007	0	-26.542867785124358	0	22.193834309357953
0	-12.812500000000004	0	-27.878407197481117	0	22.11165461053249
0	-12.437500000000004	0	-29.119439631462793	0	22.171538726494976
0	-11.375000000000057	0	-31.89268281944901	0	22.01034018793476
0	-10.687500000000009	0	-33.384249236665106	0	21.85771039685769
0	-10.125000000000032	0	-34.84497577157839	0	21.734061568785155
0	-9.75000000000003	0	-36.11186403120534	0	21.573668620911764
0	-8.875000000000009	0	-38.901659853896994	0	21.44869651035215
0	-8.250000000000021	0	-41.44928301336408	0	21.342513155843204
0	-7.875000000000019	0	-42.75855470247464	0	21.288655545637337
0	-7.312499999999991	0	-44.92637054434318	0	21.240887994428935
0	-6.875000000000031	0	-46.54092394160113	0	21.175049449893475
0	-6.687500000000054	0	-48.05035372754598	0	21.184819720530516
0	-6.250000000000044	0	-50.36352721421478	0	21.08539554381526
0	-5.812500000000032	0	-52.78634074302572	0	20.879652607652762
0	-5.687500000000014	0	-54.25346781464292	0	20.8479069160096
0	-5.437500000000031	0	-56.07603401036526	0	20.725001536430504
0	-5.250000000000004	0	-57.83185942707428	0	20.653018449700895
0	-5.0000000000000195	0	-59.63304859196078	0	20.555066752897588
0	-4.875000000000053	0	-61.10545988386596	0	20.539970437905158
0	-4.437500000000042	0	-63.889572023721655	0	20.365545718149395
0	-4.125000000000049	0	-66.73608703145095	0	20.23797074503664
0	-3.8750000000000133	0	-68.64100948449492	0	20.21516984993718
0	-3.4375000000000533	0	-71.50464061224352	0	19.91972414157118
0	-3.0625000000000004	0	-72.81837737928748	0	19.718234031450535
0	-2.6874999999999982	0	-73.83847844121283	0	19.523912163444436
0	-1.875000000000036	0	-75.07091441500405	0	19.153778139713353
0	-1.3125000000000073	0	-75.92457344989351	0	18.976973498314006
0	-0.3750000000000276	0	-76.80311148453143	0	18.605353863576386
0	0.249999999999959	0	-77.4585353621713	0	18.36556517190631
0	1.1874999999999591	0	-78.12889766701758	0	18.040473398390645
0	1.749999999999959	0	-78.56142927957828	0	17.81612481824123
0	2.562499999999959	0	-79.06689522680857	0	17.52465720745495
0	3.0624999999999587	0	-79.3935247909201	0	17.345737546243186
0	3.874999999999959	0	-79.81785195757394	0	17.025672176814474
0	4.437499999999959	0	-80.04774991713144	0	16.814621097517794
0	4.749999999999959	0	-80.1415309540224	0	16.697170768136242
0	5.12499999999996	0	-80.12465538754128	0	16.59991857455167
0	5.56249999999996	0	-80.09413704101574	0	16.57974063379942
0	5.937499999999959	0	-79.9954899974974	0	16.635441277614294
0	6.124999999999959	0	-79.83576605091972	0	16.676236908481684
0	6.937499999999959	0	-79.40612950211366	0	16.64146306420879
0	7.874999999999958	0	-79.11662754375783	0	16.452850908590165
0	8.37499999999996	0	-78.92333179558437	0	16.36672529611245
0	9.62499999999996	0	-78.51231457100558	0	16.0494166298518
0	10.624999999999957	0	-78.13395764165939	0	15.828055983821278
0	11.312499999999957	0	-77.83181551534899	0	15.710558788225164
0	12.49999999999996	0	-77.46488191520938	0	15.474651628681922
0	13.249999999999957	0	-77.07793587892216	0	15.369366298232656
0	13.81249999999996	0	-76.66695881274487	0	15.31752530551068
0	14.749999999999957	0	-76.05418551775628	0	15.301712464169961
0	15.43749999999996	0	-75.59441833951493	0	15.23620911704546
0	15.93749999999996	0	-75.17828281520478	0	15.269689611214723
0	17.062499999999957	0	-74.62719074406589	0	15.080319377567072
0	17.93749999999996	0	-74.03059849147635	0	15.020029521965245
0	19.249999999999957	0	-73.31770671068278	0	14.849135057979447
0	20.187499999999957	0	-72.83973648649983	0	14.791392641193742
0	21.56249999999996	0	-72.1678102928297	0	14.731443375102192
0	22.312499999999964	0	-71.58664783128665	0	14.731475694576494
0	22.999999999999957	0	-71.23444813932976	0	14.735406304615864
0	23.62499999999996	0	-70.86187500872386	0	14.764311581498225
0	24.062499999999957	0	-70.43981924047606	0	14.871100589861173
0	24.374999999999957	0	-70.2154598415508	0	14.921488238920515
0	24.68749999999996	0	-69.91465556973294	0	14.963798945139256
0	24.87499999999996	0	-69.75133067199219	0	14.998494958096504
0	24.99999999999996	0	-69.56851208960059	0	15.00220163429297
0	25.18749999999996	0	-69.3935753623193	0	14.964007464269734
0	25.24999999999996	0	-69.26985360130159	0	14.906199673269198
0	25.24999999999996	0	-69.22889234743344	0	14.897024992986973
0	25.12499999999996	0	-69.14242998943536	0	14.860615332419206
0	24.937499999999957	0	-69.08322601673285	0	14.862205153694843
0	24.812499999999964	0	-69.04920561121345	0	14.815367180782717
0	24.437499999999954	0	-68.96749348070179	0	14.827113873151434
0	24.249999999999957	0	-68.91724376652397	0	14.807801893351975
0	24.124999999999957	0	-68.87402902166706	0	14.756861811589141
0	23.812499999999957	0	-68.78786778706349	0	14.729237020040125
0	23.62499999999996	0	-68.74795829310766	0	14.68686646784458
0	23.37499999999996	0	-68.68574597651026	0	14.664217953610295
0	22.812499999999957	0	-68.5692742449677	0	14.684590146641186
0	22.187499999999957	0	-68.43669131952237	0	14.734172201397945
0	21.749999999999957	0	-68.31337555903704	0	14.76061808606655
0	21.624999999999957	0	-68.16389761779195	0	14.699381514574904
0	21.437499999999957	0	-68.04303759838129	0	14.701793100446984
0	21.37499999999996	0	-67.99507131324935	0	14.637689963729308
0	21.437499999999957	0	-67.97990441590582	0	14.540664172487242
0	21.499999999999957	0	-67.9869133582723	0	14.480382052064918
0	21.56249999999996	0	-67.99807955624334	0	14.456029992447645
0	21.56249999999996	0	-68.01670438208691	0	14.498152334190497
0	21.499999999999957	0	-68.02154562191349	0	14.557723417758018
0	21.499999999999957	0	-68.03343016562626	0	14.572826388820056
0	21.499999999999957	0	-68.0341048126349	0	14.574539080028849
0	21.499999999999957	0	-68.03275551861762	0	14.57111369761126
0	21.499999999999957	0	-68.02668369553987	0	14.555699476732105
0	21.499999999999957	0	-68.02196116647941	0	14.543710638270543
0	21.499999999999957	0	-68.0199372254535	0	14.538572564644157
0	21.499999999999957	0	-68.0199372254535	0	14.538572564644157
0	21.499999999999957	0	-68.0199372254535	0	14.538572564644157
0	21.499999999999957	0	-68.02164991666231	0	14.537897917635517
0	21.499999999999957	0	-68.02232456367095	0	14.53961060884431
0	21.499999999999957	0	-68.02637244572277	0	14.549886756097079
0	21.437499999999957	0	-68.0065284981464	0	14.607264699825357
0	21.499999999999957	0	-68.00723259234165	0	14.616732983977819
0	21.37499999999996	0	-68.03520355028695	0	14.782007078004087
0	20.99999999999996	0	-68.11828050644775	0	15.228113036545913
0	20.56249999999996	0	-68.20497727419024	0	15.752932573754029
0	20.12499999999996	0	-68.24833424023296	0	16.18107690062674
0	19.437499999999957	0	-68.31701552616988	0	16.90194035432819
0	18.812499999999957	0	-68.33454595095978	0	17.51760823640853
0	17.99999999999996	0	-68.2828953481525	0	18.13021541965099
0	16.56249999999996	0	-68.13974752781093	0	19.33263400766822
0	15.31249999999996	0	-67.9889285201352	0	20.255748515933085
0	14.312499999999957	0	-67.84527397761	0	21.19078088931781
0	12.249999999999956	0	-67.51153679275987	0	22.678803421479387
0	9.24999999999996	0	-67.00958726186785	0	24.72211812030468
0	7.312499999999958	0	-66.62706857671328	0	26.138255202943018
0	4.812499999999958	0	-66.0688268908022	0	27.561700982014276
0	2.8749999999999587	0	-65.53807824685033	0	28.670163556584612
0	1.6874999999999587	0	-65.15978741000399	0	29.552375020731965
0	-0.18750000000000105	0	-64.51523571798003	0	30.682170760975378
0	-1.937499999999994	0	-63.838467053030705	0	31.778995038350903
0	-3.6875000000000377	0	-63.185627246292256	0	32.80860958017275
0	-5.4999999999999885	0	-62.41982022944098	0	33.744682295328744
0	-7.187500000000023	0	-61.72507883087332	0	34.74612740030817
0	-8.375000000000039	0	-61.15472222292604	0	35.384216018291866
0	-9.562500000000053	0	-60.65453302657381	0	36.02624028308129
0	-11.375000000000057	0	-59.86080466340586	0	37.13171871223128
0	-13.250000000000016	0	-59.0130750571481	0	38.21950660913751
0	-14.43750000000003	0	-58.39758187085778	0	39.00380800345749
0	-16.187500000000025	0	-57.59507886727973	0	39.62810133748949
0	-17.875000000000007	0	-56.665634345365476	0	40.55053453617754
0	-19.625	0	-55.731027189428154	0	41.30588638213803
0	-20.6875	0	-55.01281579052367	0	41.9180524570346
0	-22.374999999999982	0	-54.10035807660151	0	42.64333673738865
0	-24.687500000000004	0	-52.734525686487004	0	43.62438601117372
0	-27.000000000000025	0	-51.44126563703937	0	44.37135396611983
0	-29.06250000000001	0	-49.933638467086894	0	45.03628742809521
0	-31.000000000000032	0	-48.35519136796133	0	45.55189297792977
0	-32.25000000000006	0	-47.09310916528192	0	45.84169486033717
0	-34.00000000000005	0	-45.00978889562631	0	45.93038532217546
0	-34.812500000000014	0	-43.72781671692572	0	45.65072661162072
0	-35.50000000000001	0	-42.55009317217781	0	45.55392573144688
0	-36.437499999999986	0	-40.7488119239742	0	45.43408941257563
0	-37.25	0	-38.917178399990505	0	45.301018222011116
0	-37.68750000000006	0	-37.895315951438405	0	45.07099458930996
0	-38.68750000000005	0	-35.92189709105169	0	44.88165506929424
0	-39.12500000000001	0	-34.91461670112346	0	44.80854398983164
0	-39.56250000000002	0	-34.00960145542836	0	44.84517102727707
0	-40.250000000000064	0	-32.565792657899976	0	44.931689615665995
0	-41.06250000000003	0	-31.52440653117324	0	44.890677544597764
0	-41.62500000000001	0	-30.548759242084742	0	44.867367064708844
0	-42.12500000000002	0	-29.54879768886994	0	44.949670790856686
0	-43.00000000000004	0	-28.268496719229564	0	44.95085519561283
0	-43.75000000000005	0	-26.96744795694222	0	45.001712837906695
0	-44.25000000000002	0	-25.950102645736383	0	45.00912519748618
0	-45.062500000000036	0	-24.745644476867856	0	45.06278318927635
0	-46.18749999999999	0	-22.68258279054527	0	45.11847541143819
0	-47.0	0	-21.54686417106945	0	45.22788603706882
0	-47.62500000000004	0	-20.57098174419571	0	45.19239340098401
0	-48.50000000000001	0	-19.253269079298274	0	45.34136498265398
0	-49.50000000000001	0	-17.6682001443952	0	45.41221069068786
0	-50.37500000000002	0	-16.508610504470102	0	45.595707216255086
0	-51.062500000000014	0	-15.243246142257965	0	45.54877831728007
0	-51.62500000000005	0	-14.151983796300959	0	45.63422245157934
0	-52.68750000000004	0	-12.850052567373634	0	45.75666904189695
0	-53.68750000000003	0	-11.620580470832063	0	45.851904169033794
0	-54.37500000000003	0	-10.57926778749518	0	45.804076626552636
0	-55.000000000000014	0	-9.32010146038623	0	45.79212175277729
0	-56.31250000000005	0	-7.454964595500713	0	45.850415570465806
0	-57.37500000000004	0	-6.087740269780174	0	45.78653629575119
0	-58.00000000000003	0	-4.969274458730361	0	45.648800946856845
0	-58.93750000000001	0	-3.4318395770050887	0	45.50005171219445
0	-60.24999999999999	0	-1.5669452617117061	0	45.3779771493681
0	-61.125000000000014	0	-0.17738577240997522	0	45.14061206022128
0	-62.31250000000003	0	1.8397871842294187	0	44.626925907487816
0	-63.25000000000006	0	3.3025218823889473	0	44.34956257362642
0	-64.06250000000003	0	4.583115747372165	0	43.96718028556066
0	-64.87500000000004	0	6.160659052987437	0	43.38533930058985
0	-65.6875	0	7.473891001338137	0	42.96773376359072
0	-66.375	0	8.656315506078723	0	42.35300574299707
0	-66.87500000000001	0	9.813100487407377	0	41.8448965647289
0	-67.56250000000006	0	11.209655275884161	0	41.18131665762999
0	-68.43750000000003	0	12.846891317138143	0	40.1623662947028
0	-68.87500000000004	0	13.853328266431696	0	39.58761346293632
0	-69.6875	0	15.225243028945757	0	38.600320452310726
0	-70.18750000000003	0	16.556273461070866	0	37.58059922233879
0	-70.75	0	17.611145592523805	0	36.846779181393124
0	-71.06250000000004	0	18.5633889837418	0	36.041606007265415
0	-71.62500000000003	0	19.92564456935873	0	34.78766324135885
0	-72.06250000000003	0	20.834863717457154	0	33.511972425743494
0	-72.5	0	21.861383569213455	0	32.55474394049982
0	-73.12500000000003	0	23.604964727933464	0	30.716923308802233
0	-73.6875	0	24.493062444168483	0	29.868652577499155
0	-74.00000000000006	0	25.489049163498226	0	28.855159541389146
0	-74.75000000000006	0	26.856708217835788	0	27.41278360858371
0	-75.31249999999999	0	27.84456498038276	0	26.276438076435177
0	-75.56250000000003	0	28.639885297518056	0	25.330463821948896
0	-75.93750000000003	0	29.42724492238168	0	24.440343994294047
0	-76.56250000000006	0	30.83480424612725	0	22.625556425704502
0	-76.93750000000001	0	31.983594942301064	0	21.122706940837567
0	-77.18750000000004	0	32.65685420659555	0	20.090486891910597
0	-77.43750000000003	0	33.45893574880548	0	18.846295062240284
0	-77.75000000000003	0	34.13828365104077	0	17.53372207506812
0	-77.875	0	34.61727735927068	0	16.628770176968096
0	-78.06250000000001	0	35.20755015379937	0	15.582990558581065
0	-78.31250000000004	0	36.02221256077344	0	13.864632050057644
0	-78.50000000000003	0	36.9578889680351	0	11.382013750373622
0	-78.43750000000001	0	37.42551550844946	0	10.326270921937565
0	-78.37500000000001	0	37.851534839097106	0	8.16342654145614
0	-78.25000000000004	0	38.13681918424971	0	7.33288228768955
0	-78.06250000000001	0	38.38820847388732	0	6.150733734532656
0	-77.81250000000003	0	38.52442970523429	0	4.532175492859607
0	-77.56250000000006	0	39.00125361165683	0	2.9659293811452248
0	-77.31250000000006	0	38.9898034710996	0	1.5057593208955586
0	-77.25000000000006	0	39.61666328234056	0	-0.5562201869558348
0	-77.12499999999999	0	40.261611307933975	0	-2.660383462173633
0	-77.00000000000001	0	40.52457030575001	0	-3.8824256342597296
0	-76.62500000000001	0	41.003164695232115	0	-5.763518950620127
0	-76.31250000000003	0	41.28385630768998	0	-7.362327484691943
0	-75.8125	0	41.26940250091642	0	-8.173172706536654
0	-75.18750000000001	0	41.36075969739898	0	-9.243820592240647
0	-74.375	0	41.31452313057284	0	-9.986854617597341
0	-73.75000000000001	0	41.371100143090594	0	-10.692235586994984
0	-73.25000000000006	0	41.341242889674035	0	-11.056626037805826
0	-72.12500000000004	0	41.122861003008055	0	-11.418199203493053
0	-71.5	0	41.040032896677644	0	-11.627341406594367
0	-70.43750000000006	0	40.80127277390007	0	-11.742469381917127
0	-69.31250000000006	0	40.63194861359143	0	-11.894570663390013
0	-68.25	0	40.52859186835135	0	-11.954498986540472
0	-67.56250000000006	0	40.52596541040501	0	-12.000282139932562
0	-65.62499999999999	0	40.34157582021117	0	-12.07525003634765
0	-64.50000000000003	0	40.426564781662606	0	-12.139499821140621
0	-63.68750000000002	0	40.4890776726192	0	-12.199344548266867
0	-62.8125	0	40.515287164402146	0	-12.24649230111789
0	-61.125000000000014	0	40.59998918993602	0	-12.263097046757261
0	-59.687500000000064	0	40.46595955710198	0	-12.338743711847775
0	-58.25000000000002	0	40.42413005437903	0	-12.35745655972293
0	-56.75000000000001	0	40.336922836601	0	-12.387979948029534
0	-55.25000000000005	0	40.23609777649582	0	-12.293524963754374
0	-53.187500000000014	0	40.13183326802508	0	-12.299590007136823
0	-52.25000000000003	0	40.22903203896786	0	-12.308257865354356
0	-50.312500000000014	0	40.30870559154227	0	-12.393616142857399
0	-48.87500000000001	0	40.27512686395357	0	-12.253700074773167
0	-48.125000000000014	0	40.728593175157435	0	-11.984589761310302
0	-47.187500000000036	0	41.39845089560117	0	-11.232551001023372
0	-47.0	0	42.21392988884802	0	-10.59348624567655
0	-46.68750000000001	0	42.81115460516969	0	-10.11171884331081
0	-46.43750000000003	0	43.53855860202835	0	-9.472415899800424
0	-45.81250000000004	0	44.586484348334565	0	-8.646123447543244
0	-45.50000000000004	0	45.17053353981359	0	-8.091191052382328
0	-45.12500000000004	0	45.825764019186046	0	-7.573910661893303
0	-44.56250000000002	0	46.704350045831454	0	-6.694726234693382
0	-43.500000000000014	0	47.728786834055896	0	-5.699642935091906
0	-42.43750000000002	0	48.4880454891711	0	-4.891512464387347
0	-41.5625	0	49.23130639217159	0	-4.026039808262641
0	-40.625000000000014	0	49.736270766469254	0	-3.417174780713228
0	-40.062499999999986	0	49.8636461880907	0	-3.0834302357403662
0	-38.56250000000003	0	49.53332824986243	0	-2.6314983804322436
0	-37.37500000000002	0	48.88183699822259	0	-2.2782808588988526
0	-36.68750000000002	0	48.324505227233026	0	-2.156362370940229
0	-35.43749999999999	0	47.12876351392407	0	-2.1867972105791145
0	-34.875000000000014	0	46.3887092243854	0	-2.2086568767142727
0	-34.250000000000036	0	45.43836693801781	0	-2.22003599786293
0	-33.81250000000002	0	44.335908165764145	0	-2.2625694301856103
0	-33.62499999999999	0	43.49978977190231	0	-2.4144169880267246
0	-33.50000000000003	0	42.66534830368532	0	-2.4739022981952896
0	-33.50000000000003	0	41.915246960639756	0	-2.593304848508706
0	-33.43750000000002	0	40.43424298994935	0	-3.0625868777226106
0	-33.50000000000003	0	38.727982710578345	0	-3.696837703140395
0	-33.31250000000005	0	37.6245332786945	0	-4.17921068606656
0	-33.12500000000003	0	36.07463503202169	0	-4.865184390661659
0	-32.75000000000002	0	34.313405338170746	0	-5.8123771102409005
0	-32.37500000000002	0	32.907380852362046	0	-6.5629875772876325
0	-31.812500000000043	0	30.69885055623932	0	-7.983927796699608
0	-31.375000000000036	0	29.312572174148613	0	-8.896652841982421
0	-30.750000000000046	0	28.056785215014372	0	-9.89637102930082
0	-29.562500000000032	0	26.102727292543026	0	-11.486915511741543
0	-28.437500000000025	0	24.272834876320186	0	-13.180366967860163
0	-27.312500000000018	0	22.800607109081625	0	-14.435026176438383
0	-26.00000000000004	0	20.824374049669515	0	-16.078769872075114
0	-25.187500000000025	0	19.183450940299362	0	-17.492844291008808
0	-24.81250000000002	0	18.184862729458693	0	-18.386649078973104
0	-24.31250000000005	0	17.09795177380426	0	-19.187331203703945
0	-24.062500000000014	0	15.994496259868322	0	-19.95915520623038
0	-23.875000000000043	0	15.19715429899979	0	-20.570906404366976
0	-23.687500000000018	0	14.427903041730415	0	-21.122333908300426
0	-23.56250000000005	0	13.470157028084989	0	-21.696996305684394
0	-23.312500000000014	0	12.219960015484236	0	-22.437616562336444
0	-23.187499999999996	0	11.531573048435037	0	-22.877972979476585
0	-23.00000000000002	0	10.818156794220046	0	-23.21349579841598
0	-22.56250000000006	0	9.70439408510501	0	-23.71244961836174
0	-22.187500000000007	0	8.808802580566471	0	-24.10543273863852
0	-22.00000000000003	0	8.342297470404471	0	-24.254894509585906
0	-21.437500000000004	0	7.834724009894285	0	-24.48201403250512
0	-20.6875	0	7.3168688173586975	0	-24.70520896778944
0	-19.875000000000036	0	6.817977464520034	0	-24.916101947022455
0	-19.000000000000014	0	6.411203973136985	0	-25.056325420012055
0	-18.125000000000043	0	6.035492054350625	0	-25.19864354892892
0	-17.437500000000046	0	5.793324815159322	0	-25.25724394929937
0	-16.43750000000006	0	5.436638986588533	0	-25.36910651897358
0	-15.43750000000002	0	5.128746017733464	0	-25.41803109405942
0	-14.687500000000066	0	4.900035451239896	0	-25.454889652950484
0	-13.562500000000009	0	4.574445976412321	0	-25.560513162267448
0	-12.500000000000012	0	4.275016054665397	0	-25.628395954447758
0	-11.875000000000025	0	4.141379357054003	0	-25.554673566561345
0	-10.874999999999986	0	3.886616616104725	0	-25.49108979284763
0	-9.375000000000027	0	3.4962566893995257	0	-25.515657776029038
0	-8.000000000000036	0	3.1379975667950535	0	-25.494327689256
0	-6.562500000000036	0	2.7314968996570546	0	-25.528440992004406
0	-5.875000000000041	0	2.562562720236039	0	-25.49591554257915
0	-4.749999999999984	0	2.256759824405826	0	-25.561559657614556
0	-3.625000000000029	0	1.9599827998664159	0	-25.57654718363598
0	-2.5000000000000226	0	1.6637392168259812	0	-25.661805448243687
0	-1.7500000000000184	0	1.4583633600388546	0	-25.68294116449348
0	-0.625000000000063	0	1.1879810286965473	0	-25.798330691123894
0	0.18749999999995018	0	0.9619159889193982	0	-25.83948336312514
0	0.93749999999995	0	0.7670681234604232	0	-25.85903088301012
0	2.12499999999995	0	0.4369736833152881	0	-25.997180316142202
0	2.93749999999995	0	0.245770057318563	0	-26.027190536065696
0	4.06249999999995	0	-0.0486949212363772	0	-26.065314923248255
0	5.62499999999995	0	-0.48044896978697493	0	-26.16482029360793
0	6.812499999999949	0	-0.7728929832607747	0	-26.2746024080932
0	7.937499999999951	0	-1.0741350458902148	0	-26.343223334057168
0	8.624999999999952	0	-1.256131787912071	0	-26.331397080922052
0	9.374999999999952	0	-1.4639107746626199	0	-26.317002817158507
0	11.31249999999995	0	-1.9592102637991269	0	-26.5795879803352
0	12.43749999999995	0	-2.30854853447008	0	-26.670447497741204
0	13.37499999999995	0	-2.7985574758942633	0	-26.626426206881586
0	13.81249999999995	0	-3.230588826589589	0	-26.532716557315915
0	14.749999999999948	0	-4.101522413033117	0	-26.67090629367821
0	15.49999999999995	0	-4.810634515530759	0	-26.943732200597722
0	15.749999999999948	0	-5.292120760173206	0	-27.024629197932153
0	15.99999999999995	0	-5.85699450489073	0	-27.17759707997468
0	16.18749999999995	0	-6.497085741208525	0	-27.35233492822598
0	16.24999999999995	0	-7.108775509601102	0	-27.632388972303364
0	16.37499999999995	0	-7.939914255668978	0	-27.892245288574497
0	16.499999999999947	0	-8.790929017172337	0	-28.156130671061415
0	16.624999999999947	0	-9.57692909266183	0	-28.45834279990581
0	16.68749999999995	0	-10.328907992904297	0	-28.774230947049222
0	16.68749999999995	0	-11.037207087612199	0	-28.988484144054674
0	16.74999999999995	0	-12.010250130637285	0	-29.387207658505645
0	16.74999999999995	0	-12.649451581648949	0	-29.71607154143405
0	16.74999999999995	0	-13.45035675222884	0	-30.01863149195484
0	16.81249999999995	0	-14.443229075998955	0	-30.45338382835123
0	16.81249999999995	0	-15.173649532668607	0	-30.74715757856865
0	16.87499999999995	0	-16.4843505007242	0	-31.28147261788378
0	16.87499999999995	0	-18.111852871331408	0	-31.87712122543879
0	16.87499999999995	0	-18.892737793405185	0	-32.11207647002002
0	16.499999999999947	0	-20.336815180962006	0	-32.055221189616354
0	15.749999999999948	0	-21.506601578235482	0	-31.633959381473662
0	14.81249999999995	0	-23.06106558947568	0	-30.752657999640792
0	13.624999999999947	0	-23.8198869650786	0	-29.953632853359178
0	11.87499999999995	0	-25.39463959678952	0	-28.208086343192658
0	10.87499999999995	0	-26.151859668664887	0	-27.201136199479482
0	9.49999999999995	0	-27.20139925725241	0	-25.53374201778014
0	8.12499999999995	0	-27.957208666941305	0	-24.10820377959318
0	7.312499999999949	0	-28.51665807571917	0	-23.011334954363903
0	5.687499999999949	0	-29.366621990400766	0	-21.149480811434124
0	4.562499999999949	0	-29.989007221313756	0	-19.526776027131277
0	3.562499999999949	0	-30.74417358756178	0	-17.604893349300035
0	2.3124999999999494	0	-31.21081727159148	0	-15.774965566309776
0	1.374999999999949	0	-31.623408111004483	0	-14.05108180963824
0	-0.18750000000001735	0	-32.510133117092266	0	-10.864950544915178
0	-1.0625000000000393	0	-32.77431384580588	0	-9.130162118859634
0	-1.9375000000000104	0	-33.1928816276007	0	-7.011704647675686
0	-3.1250000000000258	0	-33.424518446186745	0	-4.775092644262895
0	-3.6875000000000537	0	-33.54834490455225	0	-3.35688319242239
0	-4.75	0	-33.69113968711588	0	-0.9763129480494048
0	-5.437500000000047	0	-33.71559788496338	0	0.4379766358285351
0	-5.750000000000041	0	-33.79107729705221	0	1.8133941180699955
0	-5.562500000000014	0	-33.54951337751551	0	3.3966261684800045
0	-5.125000000000054	0	-33.5462428140863	0	4.332285324108812
0	-4.250000000000031	0	-33.418074217505556	0	5.0367042364396815
0	-3.562500000000036	0	-33.236210787876516	0	5.672900562416235
0	-2.750000000000023	0	-33.07200644764066	0	6.354048622390172
0	-1.4375000000000409	0	-32.96132039201457	0	7.006923590249743
0	0.37499999999996075	0	-32.94304512181264	0	7.651604835428595
0	1.374999999999961	0	-32.738596519941886	0	8.129099081386
0	2.4374999999999614	0	-32.56247837225208	0	8.491465901254559
0	3.999999999999961	0	-32.3849369198207	0	8.898454763180393
0	5.687499999999962	0	-32.37258692225523	0	9.093585621824074
0	6.749999999999961	0	-32.12569058030854	0	9.39091834345977
0	8.374999999999963	0	-32.01483752903279	0	9.502114812311566
0	9.437499999999961	0	-31.886947140550554	0	9.774630780675293
0	10.937499999999963	0	-31.77748314440573	0	10.047084021626214
0	11.937499999999961	0	-31.45312409115294	0	10.320265589603139
0	13.562499999999961	0	-31.29302221356943	0	10.430867759123931
0	14.624999999999961	0	-31.075130496322256	0	10.610805021762491
0	17.68749999999996	0	-30.742521863097984	0	10.84245591319254
0	19.31249999999996	0	-30.47118644831655	0	10.746841854961566
0	20.56249999999996	0	-30.18872007360403	0	10.57687458855497
0	22.312499999999964	0	-29.98519063766496	0	10.272974113079194
0	23.99999999999996	0	-29.683184378684434	0	9.820081915749975
0	25.124999999999964	0	-29.317430818453857	0	9.659783586096346
0	26.68749999999996	0	-28.970592972536057	0	9.149389294129534
0	28.124999999999964	0	-28.404583206572514	0	8.733355755689729
0	30.43749999999996	0	-27.86949024095967	0	7.948104173711531
0	31.749999999999964	0	-27.340605580824004	0	7.387581484421302
0	32.68749999999996	0	-26.696209223922242	0	6.812767932490038
0	34.24999999999996	0	-26.26877149183422	0	5.994532002687942
0	35.374999999999964	0	-25.557687542642565	0	5.091017883114795
0	37.18749999999996	0	-24.807153799970777	0	3.7738046842804276
0	39.124999999999964	0	-24.024954603422632	0	2.333127275394329
0	40.499999999999964	0	-23.061635077914406	0	1.1232424538709698
0	42.49999999999996	0	-22.171710622193967	0	-0.3212255538298625
0	44.49999999999996	0	-20.95931225760699	0	-1.937008804875178
0	46.49999999999996	0	-19.646750899367962	0	-3.58797011513139
0	47.749999999999964	0	-18.587753866794177	0	-4.745565665778886
0	48.99999999999995	0	-17.630340853702748	0	-5.817970702158799
0	50.812499999999964	0	-16.389189192209056	0	-7.255692294165702
0	52.062499999999964	0	-15.022942859586358	0	-8.423939373107586
0	53.37499999999996	0	-13.859374067213722	0	-9.486483330063027
0	55.374999999999964	0	-12.357369146971024	0	-10.957852040234048
0	57.31249999999996	0	-10.813804780485533	0	-12.379139742614942
0	59.31249999999996	0	-8.842640341105017	0	-13.898403494943672
0	62.74999999999997	0	-5.944898836147193	0	-16.099449805869817
0	64.74999999999997	0	-3.602152206386229	0	-17.41441304889132
0	66.74999999999997	0	-1.8041896678977056	0	-18.543688204496032
0	68.12499999999996	0	-0.1586233643600552	0	-19.29915455358845
0	70.18749999999996	0	1.6636542572056772	0	-20.288671774363625
0	71.56249999999996	0	3.2036798759375333	0	-20.9400332287063
0	73.62499999999996	0	5.23092702739228	0	-21.936909137136315
0	75.68749999999996	0	7.180913020877719	0	-22.875153278291858
0	77.06249999999996	0	8.84057322467918	0	-23.42452499419657
0	79.81249999999996	0	12.048486702075666	0	-24.430501863789427
0	81.87499999999996	0	14.288745465615456	0	-25.00876149577515
0	84.06249999999996	0	16.63753566692533	0	-25.501156234820083
0	86.43749999999997	0	18.622471564193773	0	-25.999359006190485
0	88.18749999999996	0	20.693782762095267	0	-26.0747557179524
0	90.99999999999996	0	23.08232864135247	0	-26.5283513779345
0	92.93749999999994	0	24.8658191707234	0	-26.65475138908836
0	95.87499999999997	0	27.23555585048458	0	-26.741966404040554
0	100.81249999999994	0	30.87131203697648	0	-27.074307754193065
0	102.74999999999994	0	32.585690658420674	0	-26.817624809013843
0	106.87499999999994	0	35.90519841900441	0	-26.50901725165444
0	110.12499999999997	0	38.195376444492695	0	-26.162868059849234
0	112.24999999999997	0	40.12532650136971	0	-25.399461012474998
0	115.49999999999999	0	42.18980615081691	0	-24.9362694382228
0	118.68749999999999	0	44.2933721513833	0	-24.25008982573221
0	121.81249999999996	0	46.522188014687906	0	-23.387001911195174
0	123.93749999999999	0	48.03105114868783	0	-22.576181233559133
0	129.18749999999997	0	51.49371140578818	0	-20.94229332682029
0	131.24999999999997	0	52.77583414489155	0	-20.075118474013927
0	134.37499999999997	0	54.571445529526926	0	-18.78704139924588
0	137.49999999999997	0	56.319532015566956	0	-17.71661506705133
0	139.56249999999994	0	57.576329464639	0	-16.4925167516804
0	141.62499999999997	0	58.76407742325376	0	-15.225909345813882
0	144.68749999999997	0	60.22199445937083	0	-13.960461937081744
0	146.68749999999997	0	61.26323914300974	0	-12.58942677651032
0	149.68749999999997	0	62.62853119587739	0	-11.00713456169243
0	154.81249999999997	0	65.04084785740278	0	-7.971903634473443
0	158.87499999999997	0	66.69313801092324	0	-5.119598579641766
0	161.93749999999997	0	67.60654909093063	0	-3.061824968672523
0	164.99999999999997	0	68.64207009770342	0	-1.1363021452061848
0	167.06249999999997	0	69.12842236169199	0	0.48028230830126284
0	170.12499999999997	0	69.97151661796279	0	2.30766420742805
0	172.18749999999997	0	70.37155668402868	0	4.147580378294005
0	175.24999999999997	0	71.04214709356484	0	6.080190809533132
0	178.31249999999997	0	71.44111958264187	0	8.199115809601762
0	181.3125	0	71.5299236609709	0	10.870187418379512
0	184.375	0	71.84032624748767	0	12.903256757843597
0	186.4375	0	71.73670570555981	0	14.599622665761586
0	189.43749999999994	0	71.80848790988051	0	16.858117065231788
0	191.43749999999997	0	71.51186023415417	0	18.526163022141777
0	193.49999999999997	0	71.23458249609587	0	20.057833093135866
0	196.56249999999997	0	70.90130048577495	0	22.32769098878598
0	198.56249999999997	0	70.46374557243198	0	24.000377607167295
0	201.62499999999997	0	70.17041023292195	0	26.096341790249692
0	205.62499999999997	0	69.20477443485917	0	29.194897588533546
0	208.68749999999997	0	68.65232454996891	0	31.195175054748834
0	211.74999999999997	0	67.59877124290223	0	33.385694212314704
0	213.74999999999997	0	66.72873716237947	0	34.85023637231715
0	215.74999999999997	0	65.91965977442057	0	36.239374098141944
0	218.81249999999997	0	65.08465618279047	0	38.115404757257934
0	220.87499999999997	0	64.03763837890531	0	39.50491635682299
0	223.81249999999997	0	62.84125891045307	0	41.15471355913013
0	225.87499999999997	0	61.73590105433605	0	42.37906974634537
0	228.9375	0	60.61704619558263	0	44.01660134185884
0	232.93749999999997	0	58.094157947094125	0	46.482584168188424
0	234.99999999999991	0	56.780241277108814	0	47.510830895291726
0	238.99999999999994	0	54.55643648227127	0	49.49649943159782
0	241.06249999999991	0	53.092079730057705	0	50.40129671431072
0	244.12499999999994	0	51.48859129651898	0	51.648424557965264
0	246.18749999999994	0	49.849923062906605	0	52.47563338453292
0	249.31249999999997	0	47.99176863856299	0	53.64989438872018
0	252.49999999999991	0	45.943805998308974	0	54.58747783074063
0	257.62499999999994	0	42.46302615899483	0	56.245168147903414
0	261.9375	0	39.23742563236471	0	57.22204977723598
0	266.37499999999994	0	36.407319518141534	0	57.71941146491686
0	269.62499999999994	0	34.63771535322033	0	58.08758589725041
0	272.9375	0	32.72292933767314	0	58.22659837116367
0	275.06249999999994	0	31.247981390983647	0	58.098042905029324
0	278.31249999999994	0	29.61763540029499	0	58.176438987573185
0	280.37499999999994	0	28.52326880366065	0	57.77748620700651
0	283.43749999999994	0	27.071915652426153	0	57.54620331075628
0	287.4375	0	25.387344682208173	0	57.22334821680157
0	289.31249999999994	0	24.589522795490833	0	56.84946336842453
0	293.06249999999994	0	23.171963269617788	0	56.282065055903004
0	294.87499999999994	0	22.59960159004038	0	55.816965715761604
0	297.43749999999994	0	21.796004317228117	0	55.51044944648421
0	299.06249999999994	0	21.397973002002175	0	55.16383020918686
0	301.43749999999994	0	20.817054446550415	0	54.743075309720936
0	302.99999999999994	0	20.625953237061207	0	54.27514391429056
0	305.125	0	20.284993581868203	0	53.90311209774549
0	306.56249999999994	0	20.296978550416924	0	53.51134764575291
0	309.31249999999994	0	19.913740803197637	0	53.19774182684032
0	310.68749999999994	0	19.86230382657294	0	52.99350407710147
0	312.5625	0	19.779934171314064	0	52.73499409453761
0	313.68749999999994	0	19.978495135946936	0	52.56351463972654
0	314.56249999999994	0	20.144522043826672	0	52.47087749651664
0	315.87499999999994	0	20.14160998400777	0	52.380057613692216
0	316.62499999999994	0	20.249528430961533	0	52.33660117259534
0	317.18749999999994	0	20.433033990116623	0	52.40326386416908
0	317.87499999999994	0	20.56144904795662	0	52.45382842853163
0	318.24999999999994	0	20.73909940933859	0	52.53841861613992
0	318.68749999999994	0	20.95785908363327	0	52.73694611535799
0	318.87499999999994	0	21.098409512801332	0	52.87759835062642
0	319.1875	0	21.185096829083985	0	52.99639834651218
0	319.4375	0	21.252030086265492	0	53.04499737549082
0	319.62499999999994	0	21.27838066601488	0	53.0486327205019
0	319.8124999999999	0	21.26818108682722	0	53.01816010128834
0	319.9375	0	21.245095136086707	0	53.010761569307974
0	319.99999999999994	0	21.218587939985067	0	53.006393213733
0	319.9375	0	21.21276394025354	0	53.006658804141374
0	319.875	0	21.180398886345728	0	52.96670880010911
0	319.875	0	21.12122485453176	0	52.87936165201508
0	319.875	0	21.10274740506309	0	52.820306225564465
0	319.9375	0	21.076152565447938	0	52.8016055331121
0	319.9375	0	21.075191858642253	0	52.79760311618626
0	319.9375	0	21.08466998750179	0	52.80887371945985
0	319.9375	0	21.092739290952128	0	52.821329088840876
0	319.9375	0	21.095397352067433	0	52.835929931135034
0	319.9375	0	21.095397352067433	0	52.835929931135034
0	319.9375	0	21.095397352067433	0	52.835929931135034
0	319.9375	0	21.090658287637662	0	52.83029462949824
0	319.99999999999994	0	21.111065352000733	0	52.76733687187826
0	320.37499999999994	0	21.08934545136797	0	52.55962861839933
0	320.81249999999994	0	21.03874458873295	0	52.328935978898336
0	321.99999999999994	0	20.747544832387877	0	51.95566425421699
0	323.37499999999994	0	20.422333937462184	0	51.48575554249535
0	324.5625	0	20.175792913137883	0	51.039507328472496
0	325.49999999999994	0	19.980457178778423	0	50.56406061586257
0	327.43749999999994	0	19.399425830941176	0	49.88195186099469
0	329.4999999999999	0	18.86457987069116	0	48.92606247962231
0	330.99999999999994	0	18.47659595429188	0	48.29667880841116
0	333.12499999999994	0	18.013919231402312	0	47.51755687865771
0	334.31249999999994	0	17.85544124729815	0	46.97456224646099
0	335.99999999999994	0	17.492397647520512	0	46.29740981635132
0	338.43749999999994	0	17.044846735186436	0	45.334595118260914
0	340.24999999999994	0	16.837521313273463	0	44.317623841846775
0	342.24999999999994	0	16.326220102775828	0	43.50882749065206
0	344.49999999999994	0	16.001728896106712	0	42.066439219056825
0	346.12499999999994	0	15.812541619292222	0	41.04373580870425
0	347.81249999999994	0	15.634305024994308	0	40.040736270433825
0	351.4999999999999	0	15.072488968978405	0	38.03454444306253
0	354.375	0	14.641609966278102	0	36.432775851232385
0	357.3125	0	14.317012751641625	0	34.76432149326978
0	360.31249999999994	0	14.204959171631348	0	32.939295937153794
0	363.4374999999999	0	14.057532040275564	0	31.246333166748574
0	366.6249999999999	0	14.059615053519087	0	29.27821530296467
0	369.9999999999999	0	14.011608469339595	0	27.253898092441787
0	374.68749999999994	0	14.394633461109606	0	24.27032550156131
0	379.49999999999994	0	14.767328032699579	0	21.324324434189467
0	381.93749999999994	0	15.413954300509653	0	19.66898434587354
0	385.6875	0	16.037405353645635	0	17.391942830964712
0	389.43749999999994	0	16.73941692494951	0	15.42964716924805
0	391.9375	0	17.617025968413603	0	13.863454195384207
0	394.4375	0	18.517432812447595	0	12.39755565788217
0	400.74999999999994	0	20.31991394970113	0	8.88958299223594
0	405.81249999999994	0	21.89423705309275	0	6.300063883293498
0	410.74999999999994	0	23.64126257164889	0	3.993155806620159
0	415.12499999999994	0	25.54177741490729	0	2.0643545158724805
0	417.99999999999994	0	26.622475783527204	0	0.9168541488563411
0	419.87499999999994	0	27.967474074811243	0	0.25849463823664154
0	422.49999999999994	0	29.03590326911606	0	-0.7343581505307752
0	425.81249999999994	0	30.810248995976927	0	-2.1790576044962418
0	427.49999999999994	0	32.05194746753579	0	-2.86914484768715
0	429.875	0	33.64292098752002	0	-3.9167785263835198
0	432.3125	0	35.178420053050864	0	-4.860189494144585
0	433.87499999999994	0	36.80314324398262	0	-5.414012093223114
0	437.43749999999994	0	39.51097961819058	0	-6.944403461777236
0	439.5	0	41.32027560133985	0	-7.7654599782939435
0	440.74999999999994	0	42.72118829735612	0	-8.275925656909763
0	442.93749999999994	0	44.698608416871835	0	-9.162589088248223
0	444.43749999999994	0	46.74565082442456	0	-9.72094016744786
0	445.93749999999994	0	48.35108313273935	0	-10.256137242737857
0	446.87499999999994	0	49.84409263120775	0	-10.553382769341521
0	448.1874999999999	0	51.93555935904987	0	-11.003616707520749
0	449.93749999999994	0	54.27593105391225	0	-11.499980167689545
0	451.37499999999994	0	56.20113966516631	0	-11.743634233363037
0	452.9375	0	58.758068221128916	0	-11.902789928371748
0	454.68749999999994	0	60.97472681202489	0	-12.135224667897862
0	456.93749999999994	0	63.53326769409544	0	-12.429176127638534
0	457.99999999999994	0	65.24329750242103	0	-12.419988419132162
0	459.9375	0	67.67053191574979	0	-12.453759922090962
0	460.74999999999994	0	68.75363487478897	0	-12.427499430890377
0	461.81250000000006	0	69.87239446910331	0	-12.44586874318828
0	462.68750000000006	0	71.16969522006926	0	-12.38582532842604
0	463.18750000000006	0	71.91879078624928	0	-12.334850357846323
0	463.625	0	72.62424450491227	0	-12.272163177960831
0	464.1875	0	73.44924492072742	0	-12.181511866811482
0	464.56250000000006	0	74.03012605522346	0	-12.101038010360892
0	465.0	0	74.62568569008816	0	-12.008808789715307
0	465.3124999999999	0	75.0407899870769	0	-11.933128630617936
0	465.56249999999994	0	75.39984976319586	0	-11.868763106750649
0	465.9374999999999	0	75.78524102267868	0	-11.834500563183056
0	466.18749999999994	0	76.00921771082669	0	-11.82498854171006
0	466.375	0	76.17977922840065	0	-11.82288992517858
0	466.43749999999994	0	76.1724821156841	0	-11.84321079697867
0	466.375	0	76.10565683075166	0	-11.844802499042498
0	466.375	0	76.03677855425923	0	-11.86504182528808
0	466.375	0	75.97371756381098	0	-11.885490389937644
0	466.375	0	75.93288780337299	0	-11.903243688895893
0	466.375	0	75.93423543621866	0	-11.914359303901021
0	466.375	0	75.93423543621866	0	-11.914359303901021
0	466.375	0	75.93953376517962	0	-11.912802432651358
0	466.375	0	75.94129987483326	0	-11.91228347556814
0	466.375	0	75.94129987483326	0	-11.91228347556814
0	466.375	0	75.94129987483326	0	-11.91228347556814
0	466.375	0	75.94129987483326	0	-11.91228347556814
0	466.43749999999994	0	75.96403623196817	0	-11.923814833151038
0	466.43749999999994	0	75.96403623196817	0	-11.923814833151038
0	466.43749999999994	0	75.96403623196817	0	-11.923814833151038
0	466.43749999999994	0	75.96403623196817	0	-11.923814833151038
0	466.43749999999994	0	75.96403623196817	0	-11.923814833151038
0	466.43749999999994	0	75.96403623196817	0	-11.923814833151038
0	466.43749999999994	0	75.96403623196817	0	-11.923814833151038
0	466.43749999999994	0	75.96403623196817	0	-11.923814833151038
0	466.43749999999994	0	75.96403623196817	0	-11.923814833151038
0	466.43749999999994	0	75.96403623196817	0	-11.923814833151038
0	466.43749999999994	0	75.96403623196817	0	-11.923814833151038
0	466.43749999999994	0	75.96403623196817	0	-11.923814833151038
0	466.43749999999994	0	75.96403623196817	0	-11.923814833151038
0	466.43749999999994	0	75.96403623196817	0	-11.923814833151038
0	466.43749999999994	0	75.96403623196817	0	-11.923814833151038
0	466.43749999999994	0	75.96403623196817	0	-11.923814833151038
0	466.43749999999994	0	75.96403623196817	0	-11.923814833151038
0	466.43749999999994	0	75.96403623196817	0	-11.923814833151038
0	466.43749999999994	0	75.96403623196817	0	-11.923814833151038
0	466.43749999999994	0	75.96403623196817	0	-11.923814833151038
0	466.43749999999994	0	75.96403623196817	0	-11.923814833151038
0	466.43749999999994	0	75.96403623196817	0	-11.923814833151038
0	466.43749999999994	0	75.96403623196817	0	-11.923814833151038
0	466.43749999999994	0	75.96403623196817	0	-11.923814833151038
0	466.43749999999994	0	75.96403623196817	0	-11.923814833151038
0	466.43749999999994	0	75.96403623196817	0	-11.923814833151038
0	466.43749999999994	0	75.96403623196817	0	-11.923814833151038