0	0.0	0	0.0	0	0.0
0	0.0	0	0.0	0	0.0
0	0.0	0	0.0	0	0.0
0	0.0	0	0.0	0	0.0
0	0.0	0	0.0	0	0.0
0	0.0	0	0.0	0	0.0
0	0.0	0	0.0	0	0.0
0	0.0	0	0.0	0	0.0
0	0.0	0	0.0	0	0.0
0	0.0	0	0.0	0	0.0
0	0.0	0	0.0	0	0.0
0	0.0	0	0.0	0	0.0
0	0.0	0	0.0	0	0.0
0	0.0	0	0.0	0	0.0
0	0.0	0	0.0	0	0.0
0	0.0	0	0.0	0	0.0
0	0.0	0	0.0	0	0.0
0	0.0	0	0.0	0	0.0
0	0.0	0	0.0	0	0.0
0	0.0	0	0.0	0	0.0
0	0.0	0	0.0	0	0.0
0	0.0	0	0.0	0	0.0
0	0.0	0	0.0	0	0.0
0	0.0	0	0.0	0	0.0
0	0.0	0	0.0	0	0.0
0	0.0	0	0.0	0	0.0
0	0.0	0	0.0	0	0.0
0	0.0	0	0.0	0	0.0
0	0.0	0	0.0	0	0.0
0	0.0	0	0.0	0	0.0
0	0.0	0	0.0	0	0.0018407769454627694
0	0.0	0	0.0	0	0.0018407769454627694
0	0.0	0	0.0	0	0.0018407769454627694
0	0.0	0	0.0	0	0.0018407769454627694
0	0.0	0	0.0	0	0.0018407769454627694
0	0.0	0	0.0	0	0.0018407769454627694
0	0.0	0	0.0	0	0.0018407769454627694
0	0.0	0	0.0	0	0.0018407769454627694
0	0.0	0	0.0	0	0.0018407769454627694
0	0.0	0	0.0	0	0.0018407769454627694
0	0.0	0	0.0	0	0.003681553890925539
0	0.0	0	0.0	0	0.003681553890925539
0	0.0	0	0.0	0	0.003681553890925539
0	0.0	0	0.0	0	0.007363107781851078
0	0.0	0	0.0	0	0.011044661672776616
0	0.0	0	0.0018407769454627694	0	0.016566992509164925
0	0.0	0	0.0018407769454627694	0	0.020248546400090463
0	0.0	0	0.0018407769454627694	0	0.022089323345553233
0	0.0	0	0.0018407769454627694	0	0.022089323345553233
0	0.0	0	0.0018407769454627694	0	0.022089323345553233
0	0.0	0	0.0018407769454627694	0	0.022089323345553233
0	0.0	0	0.0018407769454627694	0	0.022089323345553233
0	0.0	0	0.0018407769454627694	0	0.022089323345553233
0	0.0	0	0.0018407769454627694	0	0.022089323345553233
0	0.0	0	0.0018407769454627694	0	0.022089323345553233
0	0.0	0	0.0018407769454627694	0	0.022089323345553233
0	0.0	0	0.0018407769454627694	0	0.022089323345553233
0	0.0	0	0.0018407769454627694	0	0.022089323345553233
0	0.0	0	0.005522330836388308	0	0.02945243112740431
0	0.0	0	0.005522330836388308	0	0.0423378697456437
0	0.0	0	0.005522330836388308	0	0.06994952392758524
0	0.0	0	0.005522330836388308	0	0.09572040116406401
0	0.0	0	0.011044661672776616	0	0.12333205534600555
0	0.0	0	0.023930100291016002	0	0.16014759425526093
0	0.0	0	0.03497476196379262	0	0.20800779483729295
0	0.0625	0	0.03227364157594565	0	0.23179855234536834
0	0.12499999999999999	0	0.02034270828596349	0	0.26477015421599615
0	0.12499999999999999	0	0.02024230955781626	0	0.3107894683344988
0	0.12499999999999999	0	0.02012584703316547	0	0.3641718727119618
0	0.12499999999999999	0	0.019993320712011126	0	0.4249173673483852
0	0.12499999999999999	0	0.019824650848723778	0	0.5022298150674696
0	0.12499999999999999	0	0.017803160573318655	0	0.5850605645316485
0	0.06249999999999999	0	0.02934613994128594	0	0.7269431823118724
0	0.06249999999999999	0	0.02928188471704269	0	0.7858480095208893
0	0.06249999999999999	0	0.02922967734734505	0	0.8337081816282155
0	0.12499999999999999	0	0.011776426363142582	0	0.8795531742697049
0	0.12499999999999999	0	0.020823667170933424	0	0.9513633840401984
0	0.1875	0	0.03084558082641365	0	1.076433031194139
0	0.1875	0	0.03440663664978592	0	1.1132604208064032
0	0.1875	0	0.04163115489769485	0	1.1556221595206237
0	0.24999999999999997	0	0.03331786792518076	0	1.184902172315536
0	0.31249999999999994	0	0.01943834983233044	0	1.217824513987277
0	0.31249999999999994	0	0.03397358957132142	0	1.2528790743893508
0	0.375	0	0.03111865591234407	0	1.2821770240515056
0	0.4375	0	0.037204465149115455	0	1.3538793605343564
0	0.4375	0	0.045620962554251576	0	1.457030142800443
0	0.4375	0	0.0635643573881815	0	1.5179145680664992
0	0.49999999999999994	0	0.04766418221585533	0	1.5618196744257933
0	0.5624999999999999	0	0.029636488394363746	0	1.6369816345627435
0	0.6249999999999999	0	0.011623197967178665	0	1.7010796436962856
0	0.6874999999999999	0	-0.006893717692936948	0	1.8093344829226947
0	0.7499999999999999	0	-0.025408233843819916	0	1.9065250543540304
0	0.8124999999999999	0	-0.04396249580237899	0	1.9981734384707142
0	0.8749999999999999	0	-0.07014763393753327	0	2.1025734209021083
0	1.0625	0	-0.13284443764734855	0	2.1967363186062343
0	1.5624999999999998	0	-0.28827059648346287	0	2.4952005013403205
0	1.6875	0	-0.3270342045139405	0	2.648476544810385
0	1.9375	0	-0.4028357577621115	0	2.812966714450271
0	2.1875	0	-0.4898524689180406	0	3.0209327489635798
0	2.375	0	-0.5681256292498497	0	3.234670706612845
0	2.5625	0	-0.6454575532354895	0	3.5016596009146927
0	2.6875	0	-0.7037160784685541	0	3.7898121590975498
0	2.9374999999999996	0	-0.7960310118345594	0	4.057312040164677
0	3.1875	0	-0.8823331573215087	0	4.328493496745406
0	3.3125	0	-0.9304432905715658	0	4.574354197773989
0	3.4375	0	-0.9706237528458432	0	4.866719816283813
0	3.6875	0	-1.0437853385639528	0	5.189783731805138
0	3.875	0	-1.0908920650738156	0	5.494290518709125
0	4.062499999999999	0	-1.1391111725876855	0	5.857685247153195
0	4.312499999999999	0	-1.1960911606834126	0	6.216490285914792
0	4.5	0	-1.2389301038830784	0	6.543219340939739
0	4.812500000000001	0	-1.3153561043499056	0	6.82056638325898
0	5.0625	0	-1.3776900006580628	0	7.163752852331738
0	5.375	0	-1.4441552678714058	0	7.465563605147024
0	6.062499999999998	0	-1.5821799775297032	0	8.106358341376897
0	6.4375	0	-1.6721613927820378	0	8.454728325275651
0	6.625	0	-1.7356533131786445	0	8.89168897326092
0	6.875	0	-1.8088465447360678	0	9.282786886033817
0	7.0625	0	-1.865243486097782	0	9.740945054530515
0	7.4375	0	-2.025981116137418	0	10.573117623090283
0	7.625000000000001	0	-2.130066118518508	0	11.06391803920872
0	7.812500000000001	0	-2.2202140567454514	0	11.549075810882025
0	8.25	0	-2.3918887087024547	0	12.484937470821638
0	8.4375	0	-2.4842389588217877	0	12.93418387829002
0	8.562500000000002	0	-2.5975326504428895	0	13.480886715601736
0	8.6875	0	-2.7083364844325697	0	14.115423553390862
0	8.9375	0	-2.8070309717674315	0	14.744062539054656
0	9.25	0	-2.877099987990692	0	15.274651543537514
0	9.5	0	-2.9368609348384758	0	15.911704828756376
0	9.8125	0	-3.0565496093909643	0	16.439502736433397
0	10.125	0	-3.1835303805842114	0	17.160309329472877
0	10.375000000000002	0	-3.2335597800781684	0	17.781224221367186
0	10.937500000000002	0	-3.50881311649591	0	19.466292662691774
0	11.125	0	-3.5803936872882645	0	20.204071802748498
0	11.1875	0	-3.654765195204208	0	20.90601974464258
0	11.3125	0	-3.7481729497951926	0	21.57599931454601
0	11.375	0	-3.8631584117879934	0	22.58355974413594
0	11.5	0	-3.898390267696134	0	23.402640368104635
0	11.687500000000002	0	-3.96065967664019	0	24.25400780896233
0	11.75	0	-4.001625485646748	0	25.106465795338266
0	12.0625	0	-4.03196989273934	0	25.726065616093273
0	12.1875	0	-4.102978800448571	0	26.542825939680004
0	12.312500000000002	0	-4.206631827299069	0	27.266024871885424
0	12.5625	0	-4.333443142036017	0	27.948175069572788
0	12.625	0	-4.432754394921802	0	28.723730933509035
0	12.75	0	-4.537337231074494	0	29.450930365434015
0	13.000000000000004	0	-4.758623512345897	0	30.245610663824962
0	13.125	0	-4.895809340206091	0	31.118718285509978
0	13.3125	0	-5.002472257544006	0	31.932914821064788
0	13.4375	0	-5.153989935094402	0	32.66860176778579
0	13.5	0	-5.372679023964778	0	33.52085044508021
0	13.687500000000002	0	-5.8076716384765685	0	35.51553620548227
0	13.75	0	-6.0550669345360255	0	36.49336334771206
0	13.8125	0	-6.250971313972934	0	37.379584155877865
0	13.875	0	-6.489629081863895	0	38.38989188938375
0	13.875	0	-6.749842899796123	0	39.36657647303678
0	13.937500000000002	0	-6.9957459275129885	0	40.28595798489707
0	13.937500000000002	0	-7.22383586674152	0	41.350252506192334
0	13.875	0	-7.47505617094956	0	42.36911463680734
0	13.875	0	-7.78623338866121	0	43.32183403276986
0	13.8125	0	-8.068461788491446	0	44.3634022430691
0	13.8125	0	-8.301093250150757	0	45.271065648955044
0	13.75	0	-8.602250363191056	0	46.32508695022241
0	13.625000000000002	0	-8.897301476529961	0	47.503931487941806
0	13.5625	0	-9.181727306508193	0	48.683325177541896
0	13.5	0	-9.422058136599054	0	49.60827480595003
0	13.4375	0	-9.67928369857325	0	50.52920836334025
0	13.375	0	-10.029539348662286	0	51.897301866870734
0	13.3125	0	-10.219733841981963	0	52.67339356367298
0	13.3125	0	-10.449688466477264	0	53.48533760626044
0	13.125	0	-11.054429432726769	0	55.87372298150828
0	13.125	0	-11.232914044915074	0	56.63920173583814
0	13.000000000000004	0	-11.662427399074021	0	58.28213167087731
0	12.875	0	-11.891279365558994	0	59.368706527904585
0	12.875	0	-12.07990661951817	0	60.218734156576794
0	12.8125	0	-12.32588322792469	0	61.34279323685869
0	12.75	0	-12.598377561805249	0	62.530672575706504
0	12.6875	0	-12.774386225331279	0	63.44970449290017
0	12.6875	0	-12.971372409013723	0	64.35821569802647
0	12.625	0	-13.235415728566892	0	65.52913516015852
0	12.5625	0	-13.49764304630319	0	66.72309304068163
0	12.5625	0	-13.682687167578758	0	67.67196976263092
0	12.500000000000004	0	-13.97646981912833	0	68.92869078655734
0	12.4375	0	-14.258446895258844	0	70.08812729339418
0	12.312500000000002	0	-14.454442026500644	0	71.18738956189185
0	12.125	0	-14.795064735380025	0	72.86369312703522
0	11.9375	0	-15.02751660690569	0	73.93253380384547
0	11.75	0	-15.249286392035021	0	75.1089110867821
0	11.125	0	-15.93106327620993	0	78.30914455148755
0	10.937500000000002	0	-16.130008009330766	0	79.37349405704344
0	10.625	0	-16.31047221248482	0	80.48272669041538
0	10.375000000000002	0	-16.49522314158764	0	81.521712594803
0	10.187500000000002	0	-16.685654193031006	0	82.58759828629819
0	9.9375	0	-16.913676533557613	0	83.91612281391319
0	9.625000000000002	0	-17.128836901031494	0	85.17225415396925
0	9.437500000000002	0	-17.328477661635432	0	86.26654440569129
0	9.1875	0	-17.53764368350224	0	87.37068925548179
0	9.000000000000002	0	-17.780972548066266	0	88.49922917354944
0	8.625000000000002	0	-17.92636231979726	0	89.58197554001764
0	8.4375	0	-18.135855114629482	0	90.66225834468354
0	8.125	0	-18.330436697987313	0	91.68940811124098
0	7.937500000000002	0	-18.467792390088043	0	92.54604387848032
0	7.75	0	-18.613002227730345	0	93.51685180647502
0	7.5625	0	-18.7992463453852	0	94.51197026374312
0	7.062500000000001	0	-19.09505413618847	0	96.23084227933107
0	6.875	0	-19.30488833112991	0	97.28873069307771
0	6.500000000000002	0	-19.471318143529054	0	98.49325994378881
0	5.6875	0	-19.823728076401	0	101.57574323301559
0	5.25	0	-19.957165791457452	0	102.75660430918957
0	4.812500000000001	0	-20.053248595064748	0	104.09968374102088
0	4.500000000000001	0	-20.27900221481339	0	105.32704644119603
0	4.000000000000001	0	-20.415846696263074	0	106.76135354780858
0	3.6875000000000004	0	-20.485244275951853	0	108.10772799182445
0	3.1875000000000004	0	-20.492546772292325	0	109.26234976744851
0	2.875000000000001	0	-20.51885082942623	0	110.428322207327
0	2.562500000000001	0	-20.562387372744823	0	111.5215070412196
0	2.0000000000000004	0	-20.79487844393798	0	112.92155553793629
0	1.6875000000000009	0	-20.866959170851647	0	114.36014045196487
0	1.1250000000000009	0	-20.848457493226125	0	115.73310978724805
0	0.6875000000000007	0	-20.912688496502682	0	117.03282399919365
0	0.0625000000000007	0	-20.91807046558636	0	118.61871407053724
0	-0.5625000000000367	0	-20.933726679602447	0	120.04840286372223
0	-1.2499999999999813	0	-20.935275941563997	0	121.85196703884775
0	-1.6250000000000344	0	-20.946818122989946	0	123.15863693960186
0	-2.0624999999999942	0	-20.929030402696807	0	124.42792084130251
0	-2.437500000000047	0	-20.882627688150304	0	125.44739087447778
0	-3.7500000000000293	0	-20.82565332224096	0	128.99389570189123
0	-4.062500000000022	0	-20.799086110394025	0	130.31392993086772
0	-4.625	0	-20.713293647844978	0	131.67642847364513
0	-5.062500000000011	0	-20.71221638282504	0	133.11855204438487
0	-5.6249999999999885	0	-20.658033409380643	0	134.78439077387668
0	-5.937500000000033	0	-20.575731967689638	0	136.05897922836317
0	-6.374999999999993	0	-20.45371740782338	0	137.20381624667309
0	-6.687500000000037	0	-20.36978733252894	0	138.35295980164057
0	-7.124999999999997	0	-20.227942249972948	0	139.5066239941653
0	-7.43749999999999	0	-20.100635934236415	0	140.81422377219616
0	-7.875000000000002	0	-19.923339463295477	0	142.0411555328639
0	-8.124999999999986	0	-19.804542988768063	0	143.15152519326517
0	-8.562500000000048	0	-19.630493866696796	0	144.38080620664394
0	-8.87500000000004	0	-19.52420217698196	0	145.58328274548376
0	-9.249999999999993	0	-19.313049230225516	0	146.97261842535784
0	-9.43750000000002	0	-19.189360255753606	0	148.1168533648468
0	-9.812500000000021	0	-19.033261226415302	0	149.34220926288515
0	-10.187500000000025	0	-18.86702239402905	0	150.42213777797113
0	-11.250000000000021	0	-18.416472409802974	0	153.79339236630614
0	-11.562500000000014	0	-18.24735643141194	0	154.85858379170858
0	-12.000000000000025	0	-18.00349438144213	0	156.3431771449269
0	-12.562500000000002	0	-17.685426527516093	0	157.68018672551543
0	-12.874999999999996	0	-17.433550164784055	0	158.9148007133732
0	-13.125000000000032	0	-17.228998365976974	0	159.9128810127064
0	-13.625000000000002	0	-16.94007485019002	0	160.9177513827962
0	-13.875000000000037	0	-16.733198500157616	0	161.91571723302877
0	-14.12500000000002	0	-16.52946453539133	0	162.96780361844952
0	-14.500000000000021	0	-16.236239141824093	0	163.93465989443763
0	-14.750000000000057	0	-15.991684910192674	0	164.86823684889376
0	-15.062499999999998	0	-15.764157582467215	0	165.9704670069327
0	-15.4375	0	-15.497374781310633	0	167.04716964684306
0	-15.875000000000012	0	-15.16655010006743	0	168.06584872016813
0	-16.062499999999986	0	-14.838713625465736	0	169.1211927542663
0	-16.43750000000004	0	-14.464856293155371	0	170.15358400781412
0	-16.687500000000025	0	-14.189048855172068	0	170.99193653144988
0	-17.000000000000018	0	-13.9681314738579	0	171.8586220048036
0	-17.250000000000004	0	-13.779610313588458	0	172.8048318815553
0	-17.937499999999996	0	-13.224302337389798	0	174.98645104895957
0	-18.062500000000014	0	-13.007474303962473	0	175.7156654552642
0	-18.250000000000043	0	-12.79026519591378	0	176.52442881428556
0	-18.437500000000018	0	-12.576612213330892	0	177.2006613261626
0	-18.624999999999993	0	-12.278223080286581	0	178.09118670790906
0	-18.75000000000001	0	-12.006062391506093	0	178.87579794296087
0	-18.874999999999975	0	-11.700772666692735	0	179.66658041713995
0	-19.12500000000001	0	-11.20903741749563	0	181.08837917785297
0	-19.25000000000003	0	-10.98283844677596	0	181.71159415007455
0	-19.31250000000004	0	-10.770582057088431	0	182.3356457029348
0	-19.374999999999996	0	-10.521634535943369	0	182.99558365843683
0	-19.437500000000007	0	-10.249442337845455	0	183.71952584930142
0	-19.500000000000014	0	-9.953776611090229	0	184.40779893435823
0	-19.500000000000014	0	-9.754184019795398	0	184.96591652772133
0	-19.562500000000025	0	-9.475112893791124	0	185.66003024613792
0	-19.562500000000025	0	-9.184607243791788	0	186.42807959010332
0	-19.500000000000014	0	-8.933820542678719	0	187.07923077883981
0	-19.562500000000025	0	-8.581403287723168	0	187.67695386404364
0	-19.562500000000025	0	-8.33945894165508	0	188.2258807705535
0	-19.500000000000014	0	-7.7102805189237245	0	189.74090760673815
0	-19.437500000000007	0	-7.459311171577251	0	190.37835261154262
0	-19.437500000000007	0	-7.206108387969428	0	190.94097852646544
0	-19.374999999999996	0	-7.013487284915716	0	191.42140505601955
0	-19.18750000000002	0	-6.810021007716257	0	192.10638261853066
0	-19.12500000000001	0	-6.567395675243962	0	192.64750982704717
0	-18.937499999999986	0	-6.359309721390277	0	193.21593920866533
0	-18.874999999999975	0	-6.137608218860691	0	193.7664109016962
0	-18.75000000000001	0	-5.949836417558927	0	194.27195246532338
0	-18.624999999999993	0	-5.779330727551407	0	194.71924755188425
0	-18.437500000000018	0	-5.577883452614128	0	195.2046532138359
0	-18.187500000000032	0	-5.477395734278173	0	195.5760031344168
0	-18.062500000000014	0	-5.339704432393392	0	195.9683874284633
0	-17.937499999999996	0	-5.243066571159111	0	196.35667030235356
0	-17.87499999999999	0	-5.158285816828768	0	196.65025108023616
0	-17.81250000000003	0	-5.089287548707251	0	196.91409001998076
0	-17.75000000000002	0	-5.029543025211298	0	197.084235022306
0	-17.68750000000001	0	-4.943355438073729	0	197.21697158010656
0	-17.50000000000004	0	-4.867863402930594	0	197.2738029389212
0	-16.937500000000007	0	-4.6999901960575565	0	197.31566635233207
0	-16.625000000000014	0	-4.684152915011563	0	197.26988572934076
0	-16.31250000000002	0	-4.660778933050623	0	197.23548461375708
0	-15.750000000000044	0	-4.663048528703117	0	197.1793956369438
0	-15.4375	0	-4.606654591219063	0	197.17839169030222
0	-15.062499999999998	0	-4.542187228063221	0	197.16210126701637
0	-14.500000000000021	0	-4.538087313454894	0	197.09704154679585
0	-13.875000000000034	0	-4.504906541424189	0	197.0703804468369
0	-13.249999999999996	0	-4.526163733047053	0	197.0456253059095
0	-12.812499999999986	0	-4.519439031387561	0	197.0450047737801
0	-12.375000000000027	0	-4.467578056671875	0	197.08352632276012
0	-11.68750000000003	0	-4.488696631410771	0	197.06005483899523
0	-10.937499999999973	0	-4.467927197556627	0	197.04125588984695
0	-10.25000000000003	0	-4.440482374285767	0	197.04037955527085
0	-9.81250000000002	0	-4.389116509885679	0	197.12765723610744
0	-9.125000000000025	0	-4.44263531619333	0	197.13473483298918
0	-8.625000000000055	0	-4.3941990141184855	0	197.17654658857904
0	-7.875	0	-4.431355378742231	0	197.14102371015787
0	-6.374999999999992	0	-4.378025786395873	0	197.24460826161314
0	-5.937500000000032	0	-4.302205305827976	0	197.3264372950538
0	-5.250000000000036	0	-4.289508772762313	0	197.3607248581627
0	-4.812499999999974	0	-4.213485254474278	0	197.46234390622985
0	-4.187500000000038	0	-4.191095675258706	0	197.57743472318555
0	-3.8124999999999853	0	-4.107477350783087	0	197.7665809781891
0	-3.437500000000034	0	-4.052570668649164	0	197.93394945574525
0	-2.937500000000014	0	-4.040169824790655	0	198.08334030527044
0	-2.625000000000021	0	-3.9750288409484495	0	198.36711708444287
0	-2.250000000000019	0	-3.965847116525186	0	198.67908434516764
0	-1.9375000000000258	0	-3.9577678945159165	0	198.91755256110167
0	-1.6875000000000413	0	-3.9231231201403074	0	199.1940535923085
0	-1.2499999999999796	0	-3.8803391769772	0	199.4719975117083
0	-0.999999999999995	0	-3.80644224012355	0	199.75735616848743
0	-0.5000000000000262	0	-3.8000881270007425	0	200.05990351125175
0	-0.0625000000000152	0	-3.8052608191375965	0	200.34792323968728
0	0.3124999999999848	0	-3.7620641339548397	0	200.67497587643894
0	0.7499999999999847	0	-3.754803137539268	0	200.94102087968244
0	1.062499999999985	0	-3.7068259957239227	0	201.30942562226218
0	1.562499999999985	0	-3.727582043675386	0	201.57658083078525
0	2.4374999999999845	0	-3.5906657133875264	0	202.47366785572376
0	2.937499999999985	0	-3.621254208968316	0	202.73270051131433
0	3.437499999999985	0	-3.624707137366762	0	203.0798813132175
0	3.937499999999985	0	-3.6120583441083367	0	203.26967837417976
0	4.374999999999985	0	-3.5669073468934287	0	203.45492375371305
0	4.749999999999984	0	-3.5234261671484406	0	203.62763645082933
0	5.312499999999986	0	-3.531120426631103	0	203.74952897658702
0	5.624999999999986	0	-3.473731100503481	0	203.99309130298482
0	6.124999999999986	0	-3.4763578320471753	0	204.14905289073968
0	6.437499999999985	0	-3.409810298029136	0	204.39668054680567
0	6.874999999999985	0	-3.4160670871094614	0	204.6081625102127
0	7.249999999999984	0	-3.451624132423195	0	204.85701159178583
0	7.499999999999985	0	-3.469198942094441	0	205.19761691800826
0	7.812499999999985	0	-3.511467893418741	0	205.4679581964668
0	8.062499999999986	0	-3.537875954235866	0	205.75182437669434
0	8.374999999999986	0	-3.579818129433787	0	205.99985010213265
0	8.624999999999986	0	-3.6430682694025536	0	206.24848939382773
0	8.999999999999986	0	-3.762243155666796	0	206.45614035666156
0	9.312499999999986	0	-3.8524273326066845	0	206.65143441407176
0	9.999999999999986	0	-4.129866509268436	0	207.39703060851463
0	10.124999999999984	0	-4.3312801427319085	0	207.86752312257875
0	10.062499999999986	0	-4.5136495862753705	0	208.30455186217569
0	9.937499999999984	0	-4.723478333931884	0	208.7745104048338
0	9.687499999999986	0	-4.900709696663445	0	209.31247850989658
0	9.312499999999986	0	-5.094175064758413	0	209.90642557716896
0	8.999999999999986	0	-5.480815179303916	0	210.5615048720463
0	8.437499999999984	0	-5.809028926839412	0	211.2061876063422
0	7.812499999999985	0	-6.216929499641288	0	211.95035714464834
0	7.312499999999984	0	-6.6196622780267464	0	212.66798988783967
0	6.562499999999985	0	-6.974296155025801	0	213.56794635919852
0	5.812499999999985	0	-7.406514484913152	0	214.50406006553425
0	5.249999999999984	0	-7.7835570763412	0	215.28199581287842
0	4.437499999999985	0	-8.165910883102608	0	216.18611313986457
0	3.562499999999985	0	-8.42698101498465	0	217.0013376169385
0	2.937499999999985	0	-8.864771052454563	0	217.80947995985193
0	2.312499999999985	0	-9.182361204022683	0	218.52186181682893
0	1.312499999999985	0	-9.41078733612356	0	219.37079321670035
0	0.6249999999999848	0	-9.75984251332247	0	220.15431719477695
0	-1.5000000000000102	0	-10.568315436643283	0	222.19274615394164
0	-2.250000000000014	0	-10.930205409451434	0	222.97653479325123
0	-3.375000000000021	0	-11.261948569682975	0	223.91430452826322
0	-4.125000000000025	0	-11.639722296800166	0	224.72359277291534
0	-5.3124999999999885	0	-11.935652569653698	0	225.6624981554855
0	-6.187500000000011	0	-12.30420850716351	0	226.53163677131317
0	-7.374999999999975	0	-12.57811098576505	0	227.42835007579902
0	-8.56250000000004	0	-12.999644354767115	0	228.36674198249153
0	-9.375000000000004	0	-13.478287273886348	0	229.1170777788992
0	-10.562500000000018	0	-13.751568714999662	0	229.8890935001964
0	-11.749999999999982	0	-14.062255319455678	0	230.67021313244982
0	-12.499999999999988	0	-14.337989352100664	0	231.2211867140629
0	-13.562499999999986	0	-14.594091232023445	0	231.87384814602547
0	-14.31249999999999	0	-14.902265132755675	0	232.40424481457504
0	-15.000000000000036	0	-15.27188122065678	0	232.93159219035599
0	-16.00000000000002	0	-15.484347536674585	0	233.48088746466118
0	-16.62500000000001	0	-15.751968349903013	0	233.9040898299354
0	-17.56250000000004	0	-15.929315168469797	0	234.37339853778133
0	-18.375	0	-16.182491518396752	0	234.83938668607644
0	-20.31250000000002	0	-16.88754876225018	0	236.07816820760007
0	-20.87500000000005	0	-17.117558447562693	0	236.47053449863944
0	-21.625000000000004	0	-17.18310466932794	0	236.81697330597936
0	-22.062500000000014	0	-17.35327663636066	0	237.10940356558885
0	-22.687500000000053	0	-17.47670993763281	0	237.46567454727122
0	-23.0625	0	-17.672391311290678	0	237.76993286988096
0	-23.625000000000032	0	-17.773133509526367	0	238.11665493900037
0	-23.999999999999982	0	-17.93464136004291	0	238.44533902923533
0	-24.562500000000014	0	-18.021018416763972	0	238.83219069722048
0	-25.37500000000003	0	-18.084028646706834	0	239.35483761966822
0	-25.750000000000025	0	-18.295597050037582	0	239.80315379999087
0	-26.375000000000014	0	-18.402779122326763	0	240.30357676527987
0	-26.812499999999975	0	-18.53099206065004	0	240.7159098899545
0	-27.312499999999996	0	-18.686494356916413	0	241.21172607750216
0	-28.00000000000004	0	-18.79563314546483	0	241.7237276954027
0	-28.749999999999993	0	-18.88605495919559	0	242.2684377845733
0	-29.250000000000014	0	-19.192166614136937	0	242.92418524372928
0	-30.06250000000003	0	-19.327435107427046	0	243.54666473979486
0	-31.999999999999996	0	-19.690381853725796	0	245.10813625335084
0	-32.56250000000002	0	-19.873087745845126	0	245.63025104578
0	-33.06249999999999	0	-20.076046486523627	0	246.1457913481303
0	-33.937500000000014	0	-20.133824032851436	0	246.65934370461335
0	-34.812499999999986	0	-20.257787367605843	0	247.21175210936704
0	-35.56249999999999	0	-20.436897992852035	0	247.7557736448286
0	-36.062500000000014	0	-20.611863522667722	0	248.15091839246008
0	-36.499999999999964	0	-20.79993355239273	0	248.54771252010872
0	-37.25000000000002	0	-20.813705539477088	0	248.93242928814345
0	-37.687500000000036	0	-20.976510558484996	0	249.29431747399315
0	-38.18750000000001	0	-21.137596627932332	0	249.71277171611013
0	-38.93750000000001	0	-21.199182932561378	0	250.15971319913493
0	-39.75000000000002	0	-21.192390618748785	0	250.60869441963388
0	-40.62499999999999	0	-21.20036762787003	0	251.1125833499025
0	-41.18750000000003	0	-21.245581179307013	0	251.48392745944437
0	-41.74999999999999	0	-21.329045845887705	0	251.902961201609
0	-42.56250000000001	0	-21.344374184807755	0	252.38161367408588
0	-43.43749999999998	0	-21.339522156595304	0	252.86361951236893
0	-44.3125	0	-21.343928500068717	0	253.34371989351513
0	-46.37499999999999	0	-21.31633240717542	0	254.42297952605924
0	-46.99999999999998	0	-21.326589277106223	0	254.77058540031882
0	-47.87499999999999	0	-21.249318272919577	0	255.11865030735945
0	-48.43750000000003	0	-21.292486328262168	0	255.44104440517052
0	-48.9375	0	-21.334252079861802	0	255.7260019944457
0	-49.750000000000014	0	-21.241082368963543	0	255.9917505899135
0	-50.50000000000001	0	-21.185564707505836	0	256.23073415315736
0	-51.000000000000036	0	-21.233665834412715	0	256.47904017486144
0	-51.81250000000005	0	-21.150409314857182	0	256.69154257386873
0	-52.5625	0	-21.141506182864546	0	256.942932786682
0	-53.12499999999998	0	-21.17250106937072	0	257.1795176870659
0	-54.0	0	-21.132543596837515	0	257.42514146835805
0	-54.75000000000001	0	-21.15529850125869	0	257.68654651126764
0	-55.562500000000014	0	-21.18163644167388	0	257.9558562129367
0	-56.062499999999986	0	-21.297165041340584	0	258.2481720744162
0	-56.875	0	-21.273986691258436	0	258.53240478496963
0	-57.687500000000014	0	-21.2545493611726	0	258.8354485712915
0	-58.87500000000003	0	-21.07466328748094	0	259.1438650592307
0	-60.43749999999999	0	-20.850005115482965	0	259.563115389008
0	-60.8125	0	-20.823886455389935	0	259.6463619265157
0	-61.25000000000001	0	-20.74843940845882	0	259.6715424257016
0	-61.50000000000004	0	-20.727095809994047	0	259.66037889394545
0	-61.5625	0	-20.752694766463833	0	259.65381788682123
0	-61.68750000000002	0	-20.72458251278875	0	259.6293781753047
0	-61.68750000000002	0	-20.726203084771967	0	259.62850513108464
0	-61.68750000000002	0	-20.71485908088951	0	259.6346164406251
0	-61.625000000000014	0	-20.706930369283253	0	259.65451053217737
0	-61.5625	0	-20.669084371010538	0	259.6654901419654
0	-61.5625	0	-20.617695377082743	0	259.65563890896885
0	-61.5625	0	-20.58235852564791	0	259.6329079946193
0	-61.625000000000014	0	-20.548276114485766	0	259.61270187578725
0	-61.625000000000014	0	-20.533924336552026	0	259.6016245535862
0	-61.68750000000002	0	-20.48180383926998	0	259.58278817981983
0	-61.68750000000002	0	-20.453249983900083	0	259.5647164260691
0	-61.75000000000003	0	-20.383601613109256	0	259.5092748834359
0	-61.625000000000014	0	-20.378038826556608	0	259.4286823445968
0	-61.437500000000036	0	-20.306890064728403	0	259.18162811139086
0	-61.25000000000001	0	-20.304879252140122	0	259.06230284797493
0	-61.18749999999999	0	-20.255107520215056	0	258.95625437891465
0	-61.06249999999998	0	-20.227153122398917	0	258.8518686743641
0	-60.937500000000014	0	-20.192151725913003	0	258.7617993026586
0	-60.937500000000014	0	-20.08969256578403	0	258.67974786513156
0	-60.937500000000014	0	-20.00171706555646	0	258.6086007475222
0	-60.87500000000001	0	-19.92993284750343	0	258.5589045852547
0	-60.87500000000001	0	-19.834414463432353	0	258.5236210879923
0	-60.87500000000001	0	-19.721736008415885	0	258.4915769338446
0	-60.87500000000001	0	-19.59651443993094	0	258.43702037382695
0	-60.937500000000014	0	-19.423717662526762	0	258.3575238232011
0	-61.00000000000002	0	-19.25368498431203	0	258.28266876724456
0	-61.00000000000002	0	-19.113972231453793	0	258.1749027475967
0	-61.06249999999998	0	-18.93554628047241	0	258.03507646600906
0	-61.124999999999986	0	-18.72226971376194	0	257.82395809630003
0	-61.18749999999999	0	-18.547092239652773	0	257.61270406658946
0	-61.25000000000001	0	-18.38247559379639	0	257.37033691917225
0	-61.25000000000001	0	-18.214250916794256	0	257.06370382329067
0	-61.37500000000002	0	-17.839654047050864	0	256.23191833326774
0	-61.37500000000002	0	-17.71954835444824	0	255.91579849658527
0	-61.437500000000036	0	-17.58716538003384	0	255.58434651814628
0	-61.437500000000036	0	-17.484471477521573	0	255.23784667117718
0	-61.437500000000036	0	-17.343339801976377	0	254.8284371503571
0	-61.437500000000036	0	-17.187370468204776	0	254.41872138952135
0	-61.50000000000004	0	-17.035569943577766	0	254.0622698042414
0	-61.5625	0	-16.811927872062505	0	253.53748419902578
0	-61.625000000000014	0	-16.65573980749027	0	253.1478987103715
0	-61.68750000000002	0	-16.507706780583685	0	252.76861050499173
0	-61.75000000000003	0	-16.377021366795162	0	252.40512008078906
0	-61.75000000000003	0	-16.280865435381955	0	252.02004407370282
0	-61.75000000000003	0	-16.21179128712884	0	251.60369908516276
0	-61.68750000000002	0	-16.167057282656543	0	251.08568149720745
0	-61.50000000000004	0	-16.21462718433934	0	250.6207853392834
0	-61.37500000000002	0	-16.293004702860955	0	250.0030420216682
0	-61.00000000000002	0	-16.5267974698984	0	249.28795009624034
0	-60.43749999999999	0	-16.83640337705514	0	248.6898316147854
0	-60.06249999999999	0	-17.08190078411794	0	248.07809285299825
0	-58.87500000000003	0	-17.659246389412065	0	246.50298212696137
0	-58.3125	0	-17.86856796975474	0	245.78162786536262
0	-58.0	0	-17.966234063006073	0	245.21415461113637
0	-57.687500000000014	0	-18.009757203862822	0	244.6171008618833
0	-57.25000000000001	0	-18.134057693942037	0	244.07028241178733
0	-56.812499999999986	0	-18.3080091168462	0	243.5342183980234
0	-56.5	0	-18.44083266833752	0	242.923271412523
0	-56.062499999999986	0	-18.58058622913236	0	242.15668869225792
0	-55.562500000000014	0	-18.753836499155472	0	241.49939846745573
0	-55.25000000000002	0	-18.83747797807884	0	240.89218776426324
0	-54.6875	0	-19.0616972945646	0	240.28007286337743
0	-54.06250000000001	0	-19.38259646895212	0	239.56964962790445
0	-53.62500000000005	0	-19.648196311346478	0	239.01930648772822
0	-52.875	0	-20.028766002187176	0	238.40651663275847
0	-52.12499999999999	0	-20.43614851513825	0	237.76768630091817
0	-51.250000000000014	0	-20.961694198330132	0	237.10842560785017
0	-49.93750000000004	0	-21.77236474968612	0	235.83788529497016
0	-49.25000000000004	0	-22.144509392116106	0	235.3117814579698
0	-47.125	0	-23.511703400595145	0	233.65867474641362
0	-46.06249999999999	0	-24.15250010881639	0	232.9205826359722
0	-45.312499999999986	0	-24.590005842804054	0	232.27464296555533
0	-44.24999999999999	0	-25.171926179846036	0	231.4104457963519
0	-43.12500000000004	0	-25.778005758879942	0	230.67183003038426
0	-42.43749999999999	0	-26.184637726563192	0	229.88460274318362
0	-41.0	0	-26.910669723015555	0	228.8697297061906
0	-40.31250000000005	0	-27.30348290725809	0	228.10296506870586
0	-39.25	0	-27.836456674944074	0	227.34534408057365
0	-38.49999999999999	0	-28.219045905767913	0	226.58244058482143
0	-37.37499999999999	0	-28.74741311738784	0	225.65206697216271
0	-36.249999999999986	0	-29.241186883742216	0	224.77030781634863
0	-35.56249999999999	0	-29.59133432668602	0	223.90127899439193
0	-34.437500000000036	0	-30.133800715163368	0	222.89198697401747
0	-33.25000000000002	0	-30.652524992512912	0	221.86545217457177
0	-31.999999999999996	0	-31.21007524450321	0	220.66663618822264
0	-30.75000000000002	0	-31.709497617916824	0	219.72588144082286
0	-29.874999999999996	0	-32.014934304442605	0	218.73422152939733
0	-27.312499999999996	0	-32.9102746166021	0	216.24783055752613
0	-26.500000000000032	0	-33.12324767859512	0	215.38980011526388
0	-25.37500000000003	0	-33.39596737505511	0	214.49448356773016
0	-24.562500000000014	0	-33.595858351836796	0	213.5804312156043
0	-23.374999999999996	0	-33.95703066764351	0	212.60366519570695
0	-22.187499999999982	0	-34.242675273543014	0	211.52361614836553
0	-21.000000000000018	0	-34.30326022484489	0	210.25766029569593
0	-20.187500000000004	0	-34.33025871810693	0	209.30506812664802
0	-19.37499999999999	0	-34.424771440996956	0	208.36702908007135
0	-18.125000000000018	0	-34.5930193900512	0	207.14017307053743
0	-16.874999999999993	0	-34.80891538477153	0	206.08626549547472
0	-16.12499999999999	0	-34.89508428484887	0	205.23025773924823
0	-15.000000000000036	0	-35.08210401184368	0	204.29714523876865
0	-14.250000000000028	0	-35.07934635856972	0	203.38344692654618
0	-13.125000000000023	0	-35.24121618562041	0	202.31378412409313
0	-12.125000000000036	0	-35.30289039813662	0	201.22216786010165
0	-11.499999999999996	0	-35.266369404162035	0	200.38137422189092
0	-10.562500000000016	0	-35.34945406145033	0	199.46839338949388
0	-9.99999999999999	0	-35.332336103745945	0	198.68109625927934
0	-8.312500000000005	0	-35.528162287579676	0	196.46448065312435
0	-7.874999999999994	0	-35.54322519515123	0	195.70564378122876
0	-7.250000000000007	0	-35.58227649353082	0	194.70744515174763
0	-6.5625000000000115	0	-35.60259066156824	0	193.73947585679653
0	-6.062500000000043	0	-35.49396993544002	0	192.6829645579794
0	-5.3749999999999964	0	-35.48765216042717	0	191.6919837840997
0	-4.812499999999968	0	-35.4862417923979	0	190.80410575303262
0	-4.312499999999999	0	-35.506335513713644	0	189.98871800536483
0	-3.5624999999999947	0	-35.57757616076957	0	188.9922241903761
0	-2.6875000000000235	0	-35.548578362839585	0	187.34657685717036
0	-2.250000000000013	0	-35.536244426886256	0	186.5383488641586
0	-1.8750000000000107	0	-35.52334384561828	0	185.68996963195698
0	-1.374999999999991	0	-35.58236734322588	0	184.88208466596132
0	-1.0624999999999976	0	-35.582197834470634	0	184.03822902156404
0	-0.6875000000000463	0	-35.5991656048005	0	183.13380540629618
0	-0.3750000000000021	0	-35.60676416977477	0	182.31958096705293
0	0.0	0	-35.64265389616222	0	181.5309778786364
0	0.25	0	-35.65144771845043	0	180.74992697257431
0	0.9999999999999999	0	-35.75926751393712	0	178.469801501626
0	1.3124999999999998	0	-35.86576540162776	0	177.61790920120112
0	1.4375	0	-35.90207204817826	0	176.88571376651174
0	1.5624999999999998	0	-35.96914392334282	0	176.1194120964391
0	1.75	0	-36.00731784590922	0	175.2209790596237
0	1.8749999999999998	0	-36.021095187818375	0	174.28096497169557
0	1.9999999999999998	0	-36.03522899651912	0	173.60054428294976
0	2.0625	0	-36.03187974913394	0	172.98531186068342
0	2.125	0	-36.00197145510986	0	172.2089445765794
0	2.1875	0	-35.96170340542161	0	171.47534239352584
0	2.25	0	-35.926771058948454	0	170.8078624336293
0	2.25	0	-35.883123108794514	0	170.2127054693301
0	2.1875	0	-35.8370876596097	0	169.68775548526844
0	2.125	0	-35.76957685890757	0	169.02357870574338
0	2.125	0	-35.680075933496774	0	168.34902757906906
0	2.125	0	-35.58785495199193	0	167.75010117252134
0	2.1875	0	-35.50370133185575	0	167.2300185366064
0	2.25	0	-35.41871095936966	0	166.75240903043067
0	2.1875	0	-35.024188386279775	0	165.39892388863473
0	2.0625	0	-34.85970314175214	0	164.92805462180883
0	1.9999999999999998	0	-34.69689706187307	0	164.38683367667574
0	1.9375	0	-34.54009862455971	0	163.9447107830882
0	1.8749999999999998	0	-34.31701290274496	0	163.43645785370913
0	1.75	0	-34.01798069175792	0	162.94126351296555
0	1.6875	0	-33.786683975570774	0	162.46940562467202
0	1.6249999999999998	0	-33.39986924272978	0	161.57469522358753
0	1.5	0	-33.19246680709241	0	161.17345176301808
0	1.4375	0	-33.00041970243776	0	160.64625671413242
0	1.25	0	-32.709951566612155	0	160.1080159035174
0	1.25	0	-32.42649140906814	0	159.52132976241293
0	1.25	0	-32.12266705471743	0	158.9295643243491
0	1.3749999999999998	0	-31.854872611630235	0	158.32809380789928
0	1.5	0	-31.59656654069747	0	157.7158778103429
0	1.75	0	-31.29787727836107	0	156.8589220281445
0	1.9375	0	-31.014371449251673	0	156.08902599308973
0	2.125	0	-30.757361264954923	0	155.4258215386097
0	2.4375	0	-30.51372338763034	0	154.74463500645345
0	2.625	0	-30.15429578644159	0	153.9683556329281
0	2.875	0	-29.769924447806268	0	152.52190667338527
0	2.875	0	-29.670064421863344	0	151.96477716243982
0	2.8124999999999996	0	-29.56225349538665	0	151.46154415332566
0	2.8124999999999996	0	-29.470471933088028	0	150.98134490345038
0	2.625	0	-29.3042977013592	0	150.4992224676241
0	2.5	0	-29.185610538235032	0	150.02193899724153
0	2.4375	0	-29.11054659076034	0	149.59966725779114
0	2.25	0	-29.01050643461248	0	149.1637315109488
0	2.1875	0	-28.939072824808914	0	148.60290937717576
0	2.125	0	-28.845526469622584	0	148.02627450160904
0	2.0625	0	-28.746362266838155	0	147.52712546189332
0	1.9999999999999998	0	-28.65892029867543	0	147.08089315763664
0	1.9375	0	-28.56901443515645	0	146.65492563393545
0	1.8749999999999998	0	-28.46034022136201	0	146.205547054215
0	1.6875	0	-28.30100161884159	0	145.63977433603546
0	1.5624999999999998	0	-28.216692926233655	0	145.1267425230268
0	1.3124999999999998	0	-28.11791605292342	0	144.79445461779943
0	1.0625	0	-28.02940743886535	0	144.51496502960322
0	0.6874999999999999	0	-27.897634223711307	0	144.24493312269558
0	-0.5625000000000242	0	-27.52044680845528	0	143.84486694455637
0	-1.3749999999999867	0	-27.33784118966159	0	143.85329968014184
0	-1.9999999999999731	0	-27.202342739843594	0	143.82599302638127
0	-3.0000000000000124	0	-26.977136647678684	0	143.8992719106407
0	-3.687500000000008	0	-26.83339704805285	0	143.88782261932116
0	-4.312499999999995	0	-26.724153239639552	0	143.83481254870864
0	-5.250000000000025	0	-26.522838003450083	0	143.86640319203752
0	-5.93750000000002	0	-26.398991609763293	0	143.79212466758958
0	-6.625000000000016	0	-26.239956697292925	0	143.72699485542304
0	-7.625000000000004	0	-26.00165498742943	0	143.71214110571114
0	-8.249999999999991	0	-25.911528922151263	0	143.6335059292092
0	-9.31249999999999	0	-25.71783919383066	0	143.637645405568
0	-9.999999999999984	0	-25.60346789194915	0	143.55359900253148
0	-11.06249999999998	0	-25.366293642190293	0	143.5320807982468
0	-11.749999999999975	0	-25.294359436975956	0	143.3701589499884
0	-12.812499999999975	0	-25.08385296432684	0	143.3529575641231
0	-14.187500000000016	0	-24.803738757245554	0	143.2318603522332
0	-15.31249999999997	0	-24.533412344041054	0	143.18708558693842
0	-17.12499999999997	0	-24.11512190757602	0	143.0488760163567
0	-18.749999999999996	0	-23.631343197781145	0	143.09800117867977
0	-19.5	0	-23.436513642304593	0	143.07369019588816
0	-20.749999999999975	0	-23.055488315011882	0	143.2154346321496
0	-21.687500000000007	0	-22.72838513939766	0	143.35681963049208
0	-23.687500000000036	0	-21.98115541362532	0	143.73232533950144
0	-24.74999999999998	0	-21.538048329618753	0	143.97217599683236
0	-25.87499999999999	0	-21.07884471073019	0	144.22031729190974
0	-27.56249999999997	0	-20.39862303885358	0	144.58662019710965
0	-28.74999999999999	0	-19.835140695574975	0	144.84054774940077
0	-29.9375	0	-19.256945925316064	0	145.07723109378145
0	-32.25000000000002	0	-18.097468652560572	0	145.53793344853597
0	-33.93750000000001	0	-17.30693366447221	0	145.80332819860374
0	-35.062500000000014	0	-16.67100268617824	0	146.08134417815336
0	-36.81250000000001	0	-15.81478658068542	0	146.36555868759615
0	-38.00000000000002	0	-15.110092437663353	0	146.54647567277001
0	-39.06249999999997	0	-14.459633633536363	0	146.6825315923184
0	-41.31250000000003	0	-13.225982766389059	0	146.9240843264905
0	-42.437499999999986	0	-12.53328796317988	0	147.0467352398929
0	-46.31249999999998	0	-10.584320427993841	0	147.62217597538316
0	-48.00000000000001	0	-9.654726211915293	0	147.89696090290275
0	-49.12500000000002	0	-8.894094391176958	0	148.1742266149761
0	-50.875000000000014	0	-7.87878973715171	0	148.4257644036192
0	-51.93750000000001	0	-7.118029538450995	0	148.66339299176394
0	-53.62500000000004	0	-6.105729105633675	0	148.8599959932876
0	-54.74999999999999	0	-5.335127871482041	0	149.07416300072734
0	-56.437500000000036	0	-4.335084376661422	0	149.2719779444927
0	-58.12500000000002	0	-3.3220535515052525	0	149.41412337609873
0	-59.25000000000003	0	-2.52719969490127	0	149.53626568255956
0	-60.8125	0	-1.5759110727692704	0	149.57022705616413
0	-61.9375	0	-0.6827594133603583	0	149.64780887455248
0	-63.50000000000002	0	0.2707605652525691	0	149.6296289408186
0	-64.56250000000001	0	0.9855912214576267	0	149.62677658798142
0	-65.5	0	1.7172632219908346	0	149.65439811863226
0	-67.06250000000001	0	2.73058670013517	0	149.62202941207872
0	-68.12500000000001	0	3.4622908122542464	0	149.59303936843858
0	-69.62500000000003	0	4.357979609542703	0	149.4663931084603
0	-71.06250000000001	0	5.316314458473999	0	149.3171122368966
0	-74.25000000000001	0	7.483521829741534	0	148.88980373324398
0	-75.49999999999999	0	8.449495459536214	0	148.63969663875193
0	-76.43750000000001	0	9.135762936230469	0	148.43178557086398
0	-77.75	0	9.905718614314656	0	148.14901691996613
0	-78.56250000000001	0	10.539545135431995	0	147.94802584083334
0	-79.875	0	11.311377648575569	0	147.63793356088252
0	-80.68750000000001	0	11.899977328907402	0	147.41385933099048
0	-81.49999999999997	0	12.411495572573177	0	147.1776198145662
0	-82.75000000000004	0	13.041784320896173	0	146.8350478992552
0	-83.56250000000001	0	13.526827449635329	0	146.5892035171299
0	-84.43750000000003	0	14.09299339132409	0	146.31916146634188
0	-86.0625	0	14.991499564617538	0	145.7887363785891
0	-86.81250000000001	0	15.487823777151299	0	145.47719550202567
0	-87.56250000000001	0	15.95302905822731	0	145.1444148085094
0	-88.68750000000003	0	16.523610800832355	0	144.6792781970178
0	-89.75000000000001	0	17.114960995411774	0	144.1695468580209
0	-90.43750000000001	0	17.547153191831345	0	143.6957051412173
0	-91.43749999999999	0	18.095433501579183	0	143.16442783102278
0	-92.12499999999999	0	18.564407525866034	0	142.66083408439442
0	-94.87499999999997	0	19.941557984426577	0	141.0355095293269
0	-95.56249999999997	0	20.354274533802705	0	140.53053593899782
0	-96.31250000000003	0	20.764960390510154	0	140.01069918859884
0	-97.37499999999999	0	21.21911738218773	0	139.38858615608328
0	-98.00000000000001	0	21.590689231060882	0	138.80938064423404
0	-99.06250000000001	0	22.132170837988447	0	138.10198627222726
0	-100.1875	0	22.651043789620715	0	137.38768547539618
0	-100.875	0	23.047028937618585	0	136.817091803568
0	-102.00000000000001	0	23.580297827909344	0	136.10273244014857
0	-103.18750000000003	0	24.11138375652011	0	135.38312024068262
0	-103.93750000000004	0	24.493981783110407	0	134.7941457969124
0	-104.68750000000004	0	24.82830693261116	0	134.23428064974806
0	-105.37499999999999	0	25.155924779545703	0	133.69875092957167
0	-106.56250000000001	0	25.60960702881879	0	132.96343790540274
0	-107.37500000000001	0	25.926623079014306	0	132.34396163676726
0	-108.12500000000001	0	26.18185751108748	0	131.7343005417956
0	-109.62499999999997	0	26.69937898121564	0	130.7403465059725
0	-110.87500000000004	0	27.225533366233797	0	129.82604071809217
0	-113.62500000000003	0	28.219111198976535	0	127.77106519752641
0	-114.43750000000004	0	28.54852827671712	0	127.05509267468943
0	-115.625	0	28.91067120124046	0	126.2306207668067
0	-116.43750000000001	0	29.207963208362653	0	125.53923000427025
0	-117.6875	0	29.57116414967916	0	124.59488222496631
0	-118.87500000000001	0	29.815097449357946	0	123.73311462017863
0	-119.68750000000003	0	30.035187445810493	0	123.00845426781083
0	-120.43749999999999	0	30.226613512618496	0	122.32485131008546
0	-121.56250000000003	0	30.424092403318696	0	121.47848116318342
0	-122.31250000000003	0	30.51316169298746	0	120.86233791077517
0	-123.06249999999999	0	30.649360010062576	0	120.16797863437304
0	-124.25	0	30.8837640976039	0	119.29852124702501
0	-125.06250000000001	0	31.036284819769467	0	118.60629999501994
0	-125.87500000000003	0	31.23438660171926	0	117.87870876146094
0	-127.125	0	31.518920607767708	0	116.89416748558459
0	-127.875	0	31.645424239554117	0	116.1249971286102
0	-129.00000000000003	0	31.731582173699138	0	115.239600561597
0	-129.81250000000003	0	31.829321640467864	0	114.45746233215591
0	-130.93750000000003	0	31.91258538420707	0	113.49141122585847
0	-133.62500000000003	0	32.134204225027126	0	111.16806791296963
0	-134.37500000000003	0	32.20194519946281	0	110.38508092817364
0	-135.0625	0	32.24987064328458	0	109.676879996208
0	-136.125	0	32.30718837932134	0	108.66465457525103
0	-137.18750000000003	0	32.35417974810776	0	107.67692459073635
0	-137.875	0	32.31561363365085	0	106.92544637158521
0	-138.87500000000003	0	32.286718581721736	0	106.02057134385251
0	-139.56249999999997	0	32.25425537369355	0	105.25833265601196
0	-140.3125	0	32.18144463017694	0	104.54297891973633
0	-141.31250000000003	0	32.13033842753647	0	103.68615719497191
0	-142.31250000000003	0	32.08028281321173	0	102.78227393770436
0	-142.9375	0	31.9877055081552	0	101.81351347808915
0	-143.87500000000003	0	31.89001951938565	0	100.96070226271546
0	-144.5	0	31.807280508398783	0	100.15855423390191
0	-145.4375	0	31.724119958693123	0	99.22972223047934
0	-146.31250000000003	0	31.576794416022434	0	98.3840335030533
0	-146.87500000000003	0	31.40112613559536	0	97.61086891261111
0	-148.0	0	31.119452422177584	0	96.22799218743621
0	-149.375	0	30.877851508673945	0	94.73110257210449
0	-150.25000000000003	0	30.7172627326883	0	93.66651060104418
0	-151.125	0	30.555188846176492	0	92.814340803411
0	-151.75000000000003	0	30.452292530727558	0	92.05136240032385
0	-152.625	0	30.30891306373042	0	91.11511603528373
0	-153.1875	0	30.200853424974476	0	90.42192970369213
0	-154.06250000000003	0	30.009475157938887	0	89.57993133670809
0	-154.87500000000003	0	29.846365767270115	0	88.72919674266754
0	-155.37500000000003	0	29.712204595366703	0	87.86474983567656
0	-156.1875	0	29.515870698160413	0	86.99982535944781
0	-156.6875	0	29.37062659572283	0	86.24462947638023
0	-157.5	0	29.220270622772023	0	85.39970871850306
0	-158.0625	0	29.071945204804386	0	84.71762786257123
0	-158.5625	0	28.916680078763736	0	84.105803973224
0	-159.375	0	28.703567237201774	0	83.2648059399546
0	-160.18750000000003	0	28.517210480502907	0	82.39390319242338
0	-161.00000000000003	0	28.31118528836208	0	81.45119985959913
0	-161.50000000000003	0	28.17596627705312	0	80.69253636980979
0	-162.3125	0	28.045858667218898	0	79.79939774477921
0	-164.06250000000003	0	27.697445662671576	0	77.65903689113229
0	-164.56250000000006	0	27.564993595421196	0	76.91867523836507
0	-165.06250000000003	0	27.45987865938991	0	76.18851290151898
0	-165.5625	0	27.3645751023265	0	75.47676465008986
0	-166.3125	0	27.24681462957529	0	74.53541998552485
0	-166.81250000000003	0	27.185374282352228	0	73.78833873035312
0	-167.50000000000003	0	27.0762175601227	0	72.83898907093571
0	-167.9375	0	27.007442009926816	0	72.15704588376296
0	-168.5625	0	26.910420561700207	0	71.36619953528736
0	-168.87500000000003	0	26.880818518067773	0	70.62807538114285
0	-169.43750000000006	0	26.789385181036277	0	69.78603430462228
0	-169.87500000000003	0	26.718284527533974	0	69.11611032792285
0	-170.25	0	26.689156757175265	0	68.4360735440935
0	-170.81250000000003	0	26.62578844302608	0	67.61918674598098
0	-171.25	0	26.589621830916645	0	66.81561759985888
0	-171.62500000000003	0	26.5495221530987	0	66.06842443272832
0	-172.125	0	26.475658259007297	0	65.1355293805867
0	-172.625	0	26.347966285454284	0	64.21039155556518
0	-173.1875	0	26.139899727737568	0	63.19267234392382
0	-174.31249999999997	0	25.622579514397785	0	60.900204466779726
0	-174.81250000000003	0	25.37264893030595	0	60.10023111217996
0	-175.1875	0	25.127072016469707	0	59.37682470112865
0	-175.50000000000003	0	24.820540955332344	0	58.5414646853562
0	-176.00000000000003	0	24.45152141836958	0	57.86328521302697
0	-176.25	0	24.1489349549158	0	57.26737328510325
0	-176.5625	0	23.80562761891456	0	56.55641817910645
0	-176.81250000000003	0	23.458721552478817	0	55.90236850552931
0	-177.06250000000003	0	23.114442068611066	0	55.281452955932366
0	-177.37500000000006	0	22.741576409570563	0	54.659302652112295
0	-177.625	0	22.339735044625975	0	53.965970088236446
0	-177.81250000000003	0	21.930008462406494	0	53.26281434557366
0	-178.06250000000003	0	21.416846091519258	0	52.59660960460691
0	-178.1875	0	21.029594309370125	0	52.0481531902256
0	-178.3125	0	20.6412984576065	0	51.44161753875898
0	-178.43749999999997	0	20.14658511517847	0	50.781503288350976
0	-178.56250000000003	0	19.649186032411023	0	50.16478941329799
0	-178.81250000000003	0	19.06634364439521	0	49.51329981776976
0	-178.9375	0	18.350921561380375	0	48.67679770987945
0	-179.375	0	16.976684511422434	0	46.84963103605616
0	-179.5	0	16.426443346457702	0	46.27758094782463
0	-179.68749999999997	0	15.725113827741303	0	45.59226367949464
0	-179.875	0	15.080996257503342	0	44.84678964947516
0	-180.12500000000003	0	14.395328239741172	0	44.16299557211107
0	-180.37500000000006	0	13.612865769761346	0	43.45520263344774
0	-180.5625	0	12.79742942640278	0	42.58472523383283
0	-180.81250000000003	0	11.942872144096489	0	41.80103358109676
0	-181.12500000000003	0	11.061322916175522	0	40.8511264152718
0	-181.375	0	10.54305751249693	0	40.17623931677026
0	-181.625	0	9.934828459786676	0	39.47846708110055
0	-181.9375	0	9.259867998119628	0	38.739987464460775
0	-182.3125	0	8.579854937570616	0	37.96899177196543
0	-182.56250000000003	0	7.961234059300831	0	37.35860946737828
0	-182.75	0	7.1376550705545725	0	36.66614394543573
0	-183.00000000000003	0	6.358934334211304	0	36.04468820099578
0	-183.125	0	5.650913054756171	0	35.41387922646338
0	-183.31250000000003	0	4.7165359221365115	0	34.78533716574373
0	-183.37500000000003	0	4.078264308828248	0	34.372912564218566
0	-183.625	0	2.204987348153278	0	33.01368125880978
0	-183.75	0	1.5397525488490467	0	32.53864650764223
0	-183.875	0	0.7276841670949432	0	31.918116787397416
0	-183.93750000000003	0	-0.07681966399496865	0	31.29250250312334
0	-184.0	0	-0.8047623470252495	0	30.77308085672679
0	-184.0625	0	-1.5435895832185547	0	30.238577740136517
0	-184.125	0	-2.24593236879231	0	29.73358202885357
0	-184.25000000000003	0	-2.986585294601193	0	29.24751889938868
0	-184.31250000000003	0	-3.6778666744927895	0	28.666333863361334
0	-184.4375	0	-4.502310574065808	0	27.891823178086838
0	-184.5	0	-5.160680941870531	0	27.454188155899267
0	-184.5625	0	-5.8481322569625025	0	26.886597197994117
0	-184.62499999999997	0	-6.435883119546934	0	26.374431649951113
0	-184.62499999999997	0	-7.111643258858863	0	25.965554383800843
0	-184.6875	0	-7.796877351895373	0	25.373324057454216
0	-184.75	0	-8.421976501655209	0	24.80265071354828
0	-184.8125	0	-9.140882528336599	0	24.312549117033917
0	-184.875	0	-9.84228642915704	0	23.8179987748444
0	-184.93750000000003	0	-10.508477054889804	0	23.310039438071428
0	-184.75	0	-12.153620148133047	0	22.51437468576421
0	-184.6875	0	-12.710901388024904	0	22.203744572418696
0	-184.62499999999997	0	-13.368451653081275	0	21.904339244686312
0	-184.5	0	-13.939600089873695	0	21.67813479170527
0	-184.4375	0	-14.547132456254882	0	21.389390717683586
0	-184.375	0	-15.141790449553639	0	21.09533094321672
0	-184.1875	0	-15.836071001436231	0	20.830964930041265
0	-184.125	0	-16.429963433851892	0	20.62662868342583
0	-183.8125	0	-17.324339848160886	0	20.463697590114023
0	-183.56250000000003	0	-17.936457849846715	0	20.421205130577153
0	-183.31250000000003	0	-18.564558500060258	0	20.41016650902255
0	-182.81249999999997	0	-19.14857139431138	0	20.535770446090694
0	-182.43749999999997	0	-19.9098120579301	0	20.607681805331367
0	-181.87500000000003	0	-20.54516176453338	0	20.78070406505727
0	-181.50000000000003	0	-21.133597323206953	0	20.90556488719727
0	-180.87500000000003	0	-21.699408672479176	0	21.1014656991816
0	-180.37500000000006	0	-22.38498459008836	0	21.313183567978793
0	-179.68749999999997	0	-22.981045764372457	0	21.59667452175958
0	-179.0	0	-23.611597415492845	0	21.896376464307554
0	-177.75000000000003	0	-24.861761066320597	0	22.562235753810977
0	-177.3125	0	-25.3725215198354	0	22.83771539876886
0	-177.00000000000003	0	-25.89833562958978	0	23.096536299663494
0	-176.62499999999997	0	-26.39997049658267	0	23.423629525696114
0	-176.25	0	-26.867666683913722	0	23.797755430711305
0	-175.62499999999997	0	-27.395925722097516	0	24.38625096657008
0	-174.93749999999997	0	-27.828002283819416	0	24.975766347055476
0	-174.5	0	-28.40289781233167	0	25.516771155672703
0	-173.875	0	-29.031009692190977	0	26.18554840243275
0	-173.375	0	-29.50983217469328	0	26.744332680208785
0	-173.0625	0	-30.010451490234956	0	27.275608967324217
0	-172.87500000000003	0	-30.418900643931497	0	27.71099154592151
0	-172.56249999999997	0	-30.761641880781866	0	28.181127561632408
0	-172.43750000000003	0	-31.196134395745396	0	28.63065510661055
0	-172.3125	0	-31.64668472347452	0	29.12363470969731
0	-172.18750000000003	0	-32.03228647854825	0	29.63583692492221
0	-172.00000000000003	0	-32.45199063948949	0	30.307783632305735
0	-171.75000000000003	0	-32.868551905285926	0	31.01981746593733
0	-171.62500000000003	0	-33.377537964088866	0	31.732193688099017
0	-171.375	0	-33.759760327897105	0	32.54607337571762
0	-171.0	0	-34.36154624443	0	34.399011217913596
0	-170.93750000000003	0	-34.565483295791516	0	35.13274168620178
0	-170.93750000000003	0	-34.74537381118043	0	35.85153093488626
0	-170.93750000000003	0	-34.89745040421042	0	36.65304649903395
0	-170.93750000000003	0	-34.96492734248072	0	37.391630076904555
0	-171.125	0	-35.022867877634944	0	38.10875557684543
0	-171.4375	0	-35.10793900248197	0	38.79142640393049
0	-171.68750000000003	0	-35.10353083540431	0	39.38865957675637
0	-172.125	0	-35.09101715359168	0	39.907832765630424
0	-172.50000000000006	0	-35.075589899679066	0	40.341603626491654
0	-173.1875	0	-35.036689526456	0	40.70058045805948
0	-174.00000000000003	0	-34.894042436663334	0	41.05977380478261
0	-174.5625	0	-34.723985891590004	0	41.379770982039375
0	-175.1875	0	-34.52796801868985	0	41.610987520617634
0	-176.25	0	-34.301576866416134	0	41.761763942555156
0	-176.9375	0	-34.07546380431566	0	41.98060506922535
0	-178.0	0	-33.87923416358164	0	42.06796818059089
0	-178.81250000000003	0	-33.5183222006189	0	42.21170956211305
0	-180.0	0	-33.41219020122929	0	42.1760155412716
0	-182.375	0	-32.68232594214511	0	42.31683515871623
0	-183.1875	0	-32.33329289252212	0	42.30852314758981
0	-184.5625	0	-32.10661900468394	0	42.12326817469622
0	-185.4375	0	-31.721273017918627	0	42.0015005061834
0	-186.37500000000003	0	-31.37858784498443	0	41.83527244894721
0	-187.8125	0	-31.05808029144847	0	41.509782986125145
0	-189.3125	0	-30.605431165448138	0	41.06341036447183
0	-190.37499999999997	0	-30.15887257809494	0	40.710005511747354
0	-191.9375	0	-29.870789472141297	0	40.15716720945851
0	-193.0625	0	-29.531848846810462	0	39.68326029197491
0	-194.1875	0	-29.01555752459699	0	39.18783867257685
0	-195.875	0	-28.77379845462436	0	38.50392177941332
0	-197.06250000000003	0	-28.439070696788928	0	37.954063138625585
0	-198.75	0	-28.126636140633323	0	37.0873024085434
0	-200.5	0	-27.930528288284282	0	36.37436514630662
0	-201.6875	0	-27.571966387089592	0	35.66883783238844
0	-203.50000000000003	0	-27.382597674277395	0	34.792917049777614
0	-205.875	0	-26.560211451538873	0	33.18640154335387
0	-209.00000000000003	0	-26.137505385540873	0	31.48820634548082
0	-211.5	0	-25.933345681778224	0	30.193196591247357
0	-212.6875	0	-25.602559502108782	0	29.23268085148584
0	-213.93750000000003	0	-25.410988798015413	0	28.419977673458355
0	-215.6875	0	-25.261122538495464	0	27.314561246051348
0	-217.37500000000003	0	-25.206654999525266	0	26.41275782104114
0	-218.99999999999997	0	-25.03849077354439	0	25.30481206495296
0	-220.06250000000003	0	-24.807614368343756	0	24.434644035928322
0	-221.5625	0	-24.75316108019744	0	23.549140501233094
0	-222.5625	0	-24.639788805489236	0	22.68776066785465
0	-223.56250000000003	0	-24.562713926390078	0	21.87266666599804
0	-224.93750000000003	0	-24.632778553943147	0	20.907169240956158
0	-226.3125	0	-24.821519918698506	0	20.198031645706273
0	-227.125	0	-24.800323905668584	0	19.399156400994805
0	-227.93750000000003	0	-24.800558298450557	0	18.743088642637797
0	-229.00000000000003	0	-24.956313531047314	0	18.13645109384844
0	-229.62499999999997	0	-24.99878092575308	0	17.539391788894882
0	-230.31249999999997	0	-25.02694936872723	0	16.810221775942136
0	-230.93749999999997	0	-25.062874270394232	0	16.195234338464758
0	-232.8125	0	-25.338377314660825	0	14.770765854188978
0	-234.0625	0	-25.637101432249523	0	13.793245193418294
0	-234.5625	0	-25.697995301044145	0	13.210331636582062
0	-235.3125	0	-25.88277348559151	0	12.559374468636925
0	-236.0625	0	-26.1174724758065	0	12.077911618953104
0	-236.62499999999994	0	-26.303710207703645	0	11.622380906042553
0	-236.93749999999994	0	-26.38568585856142	0	11.190360935838067
0	-237.31249999999994	0	-26.508224537919872	0	10.875398386825141
0	-237.49999999999997	0	-26.56600762785155	0	10.578211070480783
0	-237.68750000000003	0	-26.624448563173242	0	10.31859710906599
0	-238.0	0	-26.746140575285313	0	9.977141635222287
0	-238.31249999999997	0	-26.84324073689407	0	9.73366896561962
0	-238.56250000000006	0	-26.89342125436874	0	9.415914203360819
0	-239.00000000000006	0	-26.988386070136023	0	9.093241014034543
0	-239.43750000000006	0	-27.062618324596585	0	8.76822288864948
0	-239.87500000000009	0	-27.127973924358965	0	8.420542916887229
0	-240.37500000000009	0	-27.227330448037392	0	8.008503025551493
0	-240.75000000000009	0	-27.307948898321094	0	7.6535440057758155
0	-241.8125000000001	0	-27.59714399406118	0	6.903146501145427
0	-242.31250000000006	0	-27.752750075727814	0	6.5239641012506775
0	-242.68750000000006	0	-27.872350416253223	0	6.276418235569829
0	-243.06250000000006	0	-27.994288835770483	0	6.018889229456136
0	-243.31250000000003	0	-28.06522439576693	0	5.798128754858347
0	-243.50000000000006	0	-28.125856851268885	0	5.605292676672085
0	-243.75000000000006	0	-28.22136514066838	0	5.406524181070304
0	-243.87500000000006	0	-28.275892761585606	0	5.274623586787332
0	-244.06250000000006	0	-28.360442198232175	0	5.182388832976856
0	-244.12500000000006	0	-28.391965839297143	0	5.133183021516761
0	-244.18750000000003	0	-28.428787649800928	0	5.124446929577493
0	-244.18750000000003	0	-28.431246285931028	0	5.125302515870959
0	-244.18750000000003	0	-28.436856960359332	0	5.136902294353501
0	-244.18750000000003	0	-28.42263636162129	0	5.154004624514067
0	-244.12500000000003	0	-28.38831769653882	0	5.155267950432935
0	-244.12500000000003	0	-28.38831769653882	0	5.155267950432935
0	-244.12500000000003	0	-28.401567583722827	0	5.148841293880796
0	-244.12500000000003	0	-28.40488005551885	0	5.147234629742752
0	-244.12500000000003	0	-28.406536291416835	0	5.146431297673742
0	-244.12500000000003	0	-28.407339623485854	0	5.148087533571746
0	-244.12500000000003	0	-28.41050338000198	0	5.158828281028774
0	-244.12500000000003	0	-28.409551332653066	0	5.169519456725842
0	-244.12500000000003	0	-28.40945218913312	0	5.177751064455896
0	-244.12500000000003	0	-28.40523724174816	0	5.185933100425984
0	-244.12500000000003	0	-28.40438433791919	0	5.188392668392992
0	-244.12500000000003	0	-28.401071866123168	0	5.189999332531036
0	-244.12500000000003	0	-28.399366058465212	0	5.194918468465076
0	-244.12500000000003	0	-28.39851315463622	0	5.197378036432102
0	-244.12500000000003	0	-28.39851315463622	0	5.197378036432102
0	-244.12500000000003	0	-28.39931648670524	0	5.199034272330106
0	-244.12500000000003	0	-28.400119818774257	0	5.20069050822811
0	-244.12500000000003	0	-28.39926691494526	0	5.20315007619513
0	-244.12500000000003	0	-28.40007024701428	0	5.204806312093134
0	-244.12500000000003	0	-28.40007024701428	0	5.204806312093134
0	-244.12500000000003	0	-28.40007024701428	0	5.204806312093134
0	-244.12500000000003	0	-28.40007024701428	0	5.204806312093134
0	-244.12500000000003	0	-28.40007024701428	0	5.204806312093134
0	-244.12500000000003	0	-28.40007024701428	0	5.204806312093134
0	-244.12500000000003	0	-28.39685691873821	0	5.198181368501124
0	-244.12500000000003	0	-28.396956062258155	0	5.18994976077107
0	-244.12500000000003	0	-28.401270153163036	0	5.173536117070939
0	-244.18750000000003	0	-28.42078916139088	0	5.167074935870612
0	-244.18750000000003	0	-28.40352464710489	0	5.165201579158291
0	-244.18750000000003	0	-28.388826891699317	0	5.155952314055601
0	-244.18750000000003	0	-28.38492738985793	0	5.139435263312821
0	-244.25000000000003	0	-28.420443285773764	0	5.106826867937278
0	-244.31250000000003	0	-28.43175101957723	0	5.04508773992117
0	-244.43750000000006	0	-28.44763501414837	0	4.992343953442574
0	-244.50000000000006	0	-28.419042273932455	0	4.919253949470684
0	-244.68750000000009	0	-28.419628043843357	0	4.846346243872637
0	-244.81250000000009	0	-28.408552625247967	0	4.765927066681623
0	-245.06250000000009	0	-28.436569820691474	0	4.685185752032529
0	-245.31250000000006	0	-28.448665424137797	0	4.573572810032448
0	-245.50000000000006	0	-28.466841739133	0	4.497062073127082
0	-245.75000000000006	0	-28.518389354394078	0	4.448825469862142
0	-245.81250000000006	0	-28.505470067761877	0	4.415236465065941
0	-246.00000000000003	0	-28.515159964987298	0	4.435994636125884
0	-245.93750000000006	0	-28.49259565652151	0	4.430943734920412
0	-245.93750000000006	0	-28.52116952340866	0	4.418184463679184
0	-246.00000000000006	0	-28.55490765064708	0	4.430266344035944
0	-245.93750000000006	0	-28.533844432915554	0	4.428577074228962
0	-245.93750000000006	0	-28.533844432915554	0	4.428577074228962
0	-246.00000000000006	0	-28.557867730486553	0	4.436941934540399
0	-246.00000000000006	0	-28.617289400972965	0	4.416530645986317
0	-246.12500000000009	0	-28.799067096271468	0	4.421775463836034
0	-246.25000000000009	0	-29.032222185670182	0	4.402521907533027
0	-246.50000000000009	0	-29.307331261837625	0	4.364512192084172
0	-246.75000000000009	0	-29.62892651174083	0	4.249001150941903
0	-247.25000000000009	0	-30.050610295111507	0	4.1476110126376255
0	-247.7500000000001	0	-30.494862400343443	0	4.078641955328697
0	-248.3750000000001	0	-31.01530918855204	0	4.0344678016452615
0	-248.87500000000009	0	-31.503932261141266	0	3.9428027638855516
0	-249.62500000000006	0	-32.046205627045936	0	3.8971583244778194
0	-250.06250000000009	0	-32.44956614790581	0	3.813481221173655
0	-250.68750000000014	0	-32.9960927033646	0	3.716205659391751
0	-251.3125000000001	0	-33.58443308528726	0	3.584653461326238
0	-252.25000000000009	0	-34.3872364392844	0	3.466807176176228
0	-252.50000000000006	0	-34.64775513720101	0	3.4342728650518923
0	-252.87500000000006	0	-34.935652866275795	0	3.4282371381756516
0	-253.18750000000006	0	-35.21422002910885	0	3.4186984759215697
0	-253.37500000000009	0	-35.34401406084735	0	3.4337675777808965
0	-253.50000000000009	0	-35.43579507569962	0	3.444519848193738
0	-253.5625000000001	0	-35.50438298651349	0	3.4423305181390864
0	-253.6250000000001	0	-35.55355853881795	0	3.445966905062148
0	-253.6250000000001	0	-35.55418625402992	0	3.4285150469296166
0	-253.6250000000001	0	-35.5536672969467	0	3.4267489372759634
0	-253.6250000000001	0	-35.5536672969467	0	3.4267489372759634
0	-253.6250000000001	0	-35.557199516253995	0	3.4257110231095265
0	-253.6250000000001	0	-35.557199516253995	0	3.4257110231095265
0	-253.6250000000001	0	-35.556161602087556	0	3.4221788038022267
0	-253.6250000000001	0	-35.556161602087556	0	3.4221788038022267
0	-253.6250000000001	0	-35.556161602087556	0	3.4221788038022267
0	-253.6250000000001	0	-35.557199516253995	0	3.4257110231095265
0	-253.5625000000001	0	-35.5355049257208	0	3.4177107505439195
0	-253.50000000000009	0	-35.51909995011404	0	3.408177276610941
0	-253.43750000000009	0	-35.496338489587956	0	3.396695549467766
0	-253.43750000000009	0	-35.49686322346238	0	3.3984599513845524
0	-253.43750000000009	0	-35.497912691211226	0	3.401988755218139
0	-253.43750000000009	0	-35.49595808900093	0	3.408331428717363
0	-253.43750000000009	0	-35.48518147720665	0	3.417297771588704
0	-253.43750000000009	0	-35.47035132770436	0	3.425549180292111
0	-253.50000000000009	0	-35.47119311693994	0	3.4473546510811457
0	-253.50000000000009	0	-35.43942359820956	0	3.4567652112575353
0	-253.5625000000001	0	-35.419068777868745	0	3.4848683938158
0	-253.5625000000001	0	-35.35573944373491	0	3.5304213209711137
0	-253.50000000000009	0	-35.28190078439742	0	3.547357254181617
0	-253.50000000000009	0	-35.25895613198102	0	3.554153769864568
0	-253.75000000000009	0	-35.32226820010045	0	3.598391387561402
0	-253.87500000000006	0	-35.33752291504573	0	3.630290926093936
0	-254.12500000000009	0	-35.40736054171327	0	3.665264900024883
0	-254.56250000000006	0	-35.52874463579756	0	3.7416815372731924
0	-254.87500000000006	0	-35.58490353508279	0	3.791646247739225
0	-255.50000000000003	0	-35.755661205399065	0	3.873158300693853
0	-256.25	0	-35.993599675136764	0	3.9947811231290924
0	-257.43750000000006	0	-36.3778787639635	0	4.22756457380709
0	-258.37500000000006	0	-36.698029474819435	0	4.440610266267203
0	-260.06250000000006	0	-37.28316554030769	0	4.859063921214217
0	-260.81250000000006	0	-37.535817623070805	0	5.039426638485352
0	-261.56250000000006	0	-37.75499338424304	0	5.226660552244644
0	-262.25	0	-37.946681829528835	0	5.395853761207892
0	-263.375	0	-38.29984626918652	0	5.704969765845918
0	-264.125	0	-38.53194905079457	0	5.9491289569313786
0	-264.87500000000006	0	-38.76667003220064	0	6.178955115124948
0	-266.00000000000006	0	-39.12919085057269	0	6.529060887735518
0	-266.75000000000006	0	-39.42974900916318	0	6.762184408154719
0	-268.00000000000006	0	-39.85699769328586	0	7.115265409369278
0	-269.3125	0	-40.27487879591138	0	7.525977504965968
0	-270.125	0	-40.5482885875005	0	7.841412023271689
0	-271.00000000000006	0	-40.84205720440962	0	8.199584303368885
0	-272.3125	0	-41.27195354761675	0	8.653484316778068
0	-273.125	0	-41.57080343505626	0	8.983903982156043
0	-274.93750000000006	0	-42.20602059624473	0	9.595601904830021
0	-277.75000000000006	0	-43.09871163044909	0	10.566699344632632
0	-278.6875	0	-43.423026624865194	0	10.991252724743841
0	-280.4375	0	-43.94467782995945	0	11.699728484226407
0	-281.3125	0	-44.24472737839901	0	12.113631998399121
0	-282.1875	0	-44.568807995854044	0	12.539537771828766
0	-283.56249999999994	0	-44.978781872249684	0	13.118741061651606
0	-284.93749999999994	0	-45.41460068103062	0	13.72939192640622
0	-285.875	0	-45.69149494159444	0	14.215995871607957
0	-287.375	0	-46.06547872492762	0	14.90307342153565
0	-288.25	0	-46.31999879820704	0	15.382864725444184
0	-290.12500000000006	0	-46.768242308257186	0	16.317600977196097
0	-291.50000000000006	0	-47.06316082622811	0	17.077100283046295
0	-292.81250000000006	0	-47.39884688938845	0	17.860994480451343
0	-294.1875	0	-47.699303235881494	0	18.590512062867056
0	-295.0625	0	-47.910988496188736	0	19.150028394194717
0	-296.375	0	-48.17707658510258	0	19.87404610207915
0	-297.3125	0	-48.36790205307049	0	20.51940774569567
0	-301.12500000000006	0	-49.057076695554066	0	22.74366256630912
0	-302.0625	0	-49.25884337844597	0	23.489397709458963
0	-304.0	0	-49.621316393389655	0	24.7166625649474
0	-305.0	0	-49.76010186405111	0	25.462008768974606
0	-305.9375	0	-49.83113964286579	0	26.18566141562604
0	-307.375	0	-50.00123269361487	0	27.17050925725518
0	-308.375	0	-50.121363716953404	0	28.0031817484144
0	-309.875	0	-50.24618681595851	0	28.994301888603278
0	-310.875	0	-50.32082747614703	0	29.819395617065965
0	-312.375	0	-50.44046071455289	0	30.898652064730513
0	-313.8125	0	-50.446451599290285	0	31.85559643786921
0	-315.18749999999994	0	-50.44223092557952	0	32.74262870805608
0	-316.125	0	-50.4606825751704	0	33.52657472568643
0	-317.5	0	-50.42293927393083	0	34.433082990482355
0	-319.37499999999994	0	-50.32282380749249	0	35.749379427153904
0	-320.3125	0	-50.28823162707966	0	36.529053437889964
0	-321.75	0	-50.18549083797581	0	37.498950116345796
0	-322.68749999999994	0	-50.06370888106555	0	38.27904550304309
0	-326.0	0	-49.91520252683279	0	40.84265213424435
0	-327.43749999999994	0	-49.71061165937448	0	42.004441397041134
0	-328.93749999999994	0	-49.516840328242424	0	43.26877942941438
0	-330.4375	0	-49.262706236196415	0	44.35502467949014
0	-331.37500000000006	0	-49.06123503776349	0	45.22815176584047
0	-332.87500000000006	0	-48.799800172055456	0	46.431508236165726
0	-334.37500000000006	0	-48.39304420245516	0	47.51098908582637
0	-335.31250000000006	0	-48.06598821561105	0	48.404682198494186
0	-336.8125	0	-47.67114608930807	0	49.34528632446564
0	-337.75	0	-47.28136848012492	0	50.087395440826185
0	-338.75	0	-46.95540528258292	0	50.921163981900825
0	-340.75	0	-46.34655606208762	0	52.34821031406602
0	-342.18750000000006	0	-45.81754407456887	0	53.33636866733228
0	-343.12499999999994	0	-45.383672760805574	0	54.12571700602388
0	-344.00000000000006	0	-44.85943803526259	0	54.85224367104256
0	-345.375	0	-44.30038544813032	0	55.75371268927541
0	-346.3125	0	-43.74589532447208	0	56.53467147906085
0	-347.6875	0	-43.08428496590181	0	57.39163665520246
0	-350.4375	0	-41.673422150322004	0	59.05311894845309
0	-351.3125	0	-41.07478893960252	0	59.528080227191
0	-352.62499999999994	0	-40.221514670180866	0	60.24957945863787
0	-353.4375	0	-39.612546145683645	0	60.76223627428731
0	-354.25	0	-38.98691771258587	0	61.19318422541412
0	-355.4375	0	-38.27731629457258	0	61.72842764619195
0	-356.1875	0	-37.59188066337915	0	62.18331801299286
0	-357.31250000000006	0	-36.79333340020624	0	62.720430547504016
0	-358.06250000000006	0	-36.06817743379821	0	63.07064919876827
0	-358.81250000000006	0	-35.39986398869084	0	63.38430625531712
0	-359.87500000000006	0	-34.6335121380944	0	63.848173464933204
0	-360.68750000000006	0	-33.899299127037615	0	64.21836980358565
0	-361.75	0	-33.07159198063902	0	64.56531282000634
0	-362.4375	0	-32.34615809362473	0	64.84721668068885
0	-363.5	0	-31.58138224466715	0	65.18793797907456
0	-364.18750000000006	0	-30.959035250847307	0	65.35607051438667
0	-364.8125	0	-30.26721709765206	0	65.48572479047692
0	-365.6875	0	-29.426923265214317	0	65.56297074690798
0	-366.4375	0	-28.661659454842635	0	65.53197436695676
0	-366.875	0	-27.997197925015872	0	65.40276602572054
0	-367.81250000000006	0	-26.23235873361228	0	64.65385857871279
0	-368.0625	0	-25.374383129859236	0	64.0123311299861
0	-368.0625	0	-24.927297641778285	0	63.480493291471674
0	-368.0	0	-24.446116358626767	0	62.94987311898495
0	-367.81250000000006	0	-23.96336365804254	0	62.38156864896011
0	-367.625	0	-23.565467647255023	0	61.79302677448069
0	-367.375	0	-23.286913452767426	0	61.199604074861746
0	-367.3125	0	-22.97411731613971	0	60.75845988219491
0	-367.1875	0	-22.73739248619352	0	60.3387110714947
0	-367.12499999999994	0	-22.47692642579879	0	59.95725708970278
0	-367.12499999999994	0	-22.28376740603065	0	59.736471434186456
0	-367.1875	0	-22.097983416165974	0	59.52207882549531
0	-367.25	0	-22.00487350964235	0	59.44356930490058
0	-367.3125	0	-21.94055148634129	0	59.41689400281825
0	-367.43749999999994	0	-21.87551385032236	0	59.447662752109245
0	-367.5	0	-21.80802759726518	0	59.589304726463645
0	-367.625	0	-21.684753876937535	0	59.71050829097179
0	-367.625	0	-21.635203841565186	0	59.7893060422624
0	-367.43749999999994	0	-21.632288416580465	0	59.85719809095063
0	-367.43749999999994	0	-21.62919079393259	0	59.880926859015354
0	-367.5	0	-21.609506439561248	0	59.89703945989785
0	-367.5	0	-21.609746709166668	0	59.89521443105433
0	-367.5	0	-21.60926616995583	0	59.898864488741374
0	-367.5	0	-21.60926616995583	0	59.898864488741374
0	-367.5	0	-21.60926616995583	0	59.898864488741374
0	-367.5	0	-21.609746709166668	0	59.89521443105433
0	-367.5	0	-21.610467517982922	0	59.88973934452379
0	-367.5	0	-21.61142859640459	0	59.88243922914975
0	-367.5	0	-21.613974434064353	0	59.8772044122246
0	-367.5	0	-21.62723017517979	0	59.875236241775504
0	-367.5	0	-21.643655434771425	0	59.87739866822427
0	-367.5	0	-21.658976474335788	0	59.87384573853707
0	-367.5	0	-21.664548688866162	0	59.85972604699978
0	-367.43749999999994	0	-21.688543581037855	0	59.825593079304284
0	-367.43749999999994	0	-21.692275100210765	0	59.811229039160466
0	-367.43749999999994	0	-21.6966405159087	0	59.80622972693749
0	-367.43749999999994	0	-21.702354664127313	0	59.80511927308204
0	-367.43749999999994	0	-21.70417995397844	0	59.805357551747264
0	-367.43749999999994	0	-21.70417995397844	0	59.805357551747264
0	-367.43749999999994	0	-21.703703396648	0	59.80900813144952
0	-367.43749999999994	0	-21.703703396648	0	59.80900813144952
0	-367.43749999999994	0	-21.690926367690068	0	59.80734018079297
0	-367.43749999999994	0	-21.693547433007502	0	59.7872619924305
0	-367.43749999999994	0	-21.691407464767206	0	59.76099309851898
0	-367.375	0	-21.706574243706385	0	59.70899099252869
0	-367.375	0	-21.703997797788997	0	59.671534869026374
0	-367.375	0	-21.702602789079094	0	59.624951002089965
0	-367.375	0	-21.70573927666365	0	59.586378192225304
0	-367.375	0	-21.707694327040745	0	59.55693312579475
0	-367.375	0	-21.70640610408205	0	59.538205064043595
0	-367.375	0	-21.695517562806284	0	59.52194666245859
0	-367.375	0	-21.683683871764536	0	59.51299045562089
0	-367.375	0	-21.677799401666245	0	59.50109201373399
0	-367.375	0	-21.65172711026173	0	59.458738604805454
0	-367.3125	0	-21.630720174293664	0	59.370535547293464
0	-367.25	0	-21.580936893347932	0	59.260150799798346
0	-366.875	0	-21.33733799336252	0	58.6923105273263
0	-366.75000000000006	0	-21.216984868366733	0	58.418286097847414
0	-366.5625	0	-21.11572328352254	0	58.083824370397416
0	-366.37499999999994	0	-20.971782367861472	0	57.64688353657427
0	-366.25	0	-20.80463177820036	0	57.17832417106715
0	-365.9375	0	-20.662160003766864	0	56.58728636170047
0	-365.5625	0	-20.40363858990597	0	55.7919667179782
0	-365.25000000000006	0	-20.07684149370898	0	54.983068150576834
0	-364.5625	0	-19.722892750963307	0	53.76627872463436
0	-364.18750000000006	0	-19.35744576928239	0	52.797473402921376
0	-363.8125	0	-19.02004434972483	0	51.816769296145516
0	-363.31250000000006	0	-18.727628652584517	0	50.89355602052736
0	-363.00000000000006	0	-18.36690925624317	0	49.96158809057226
0	-362.5	0	-17.88177809032504	0	48.784224352724735
0	-362.1875	0	-17.36956040084468	0	47.85954982814159
0	-361.6875	0	-16.972657405217145	0	46.81011638691816
0	-361.375	0	-16.38952309358246	0	45.703607383974
0	-360.87500000000006	0	-15.915647701727615	0	44.589011730222104
0	-360.5	0	-15.489900323628513	0	43.50399356861017
0	-359.50000000000006	0	-14.09734597146289	0	40.651352687135194
0	-359.12500000000006	0	-13.612587124066751	0	39.59209534465989
0	-358.625	0	-13.024473240039926	0	38.358745719831774
0	-358.1875	0	-12.567947499989518	0	37.191846474087356
0	-357.93750000000006	0	-12.192676799441445	0	36.26544628559805
0	-357.62500000000006	0	-11.787178897920985	0	35.2646601793155
0	-357.43750000000006	0	-11.335692061564353	0	34.37053682907965
0	-357.18750000000006	0	-11.030430645355803	0	33.52065466725228
0	-356.93750000000006	0	-10.707280751325309	0	32.39637045171805
0	-356.81250000000006	0	-10.456356694818096	0	31.602569345102157
0	-356.68750000000006	0	-10.275175099601508	0	30.80149308748482
0	-356.68750000000006	0	-10.075467821979807	0	30.058914093264125
0	-356.68750000000006	0	-9.904312859690737	0	29.299931672167073
0	-356.75000000000006	0	-9.739772676855173	0	28.61985353842292
0	-356.81250000000006	0	-9.57510642164134	0	27.829027175618066
0	-356.93750000000006	0	-9.469648935471847	0	27.28008141184213
0	-357.12500000000006	0	-9.368312071645553	0	26.743721307104654
0	-357.25000000000006	0	-9.255484383667405	0	26.24262135883297
0	-357.50000000000006	0	-9.090676835621974	0	25.627611287663544
0	-358.12500000000006	0	-8.757457215955956	0	23.83906809875865
0	-358.4375	0	-8.652600160716023	0	23.428306102874874
0	-358.87500000000006	0	-8.497837026199575	0	22.91868392570627
0	-359.12500000000006	0	-8.406165128737818	0	22.39228499521044
0	-359.375	0	-8.327439932346993	0	21.93900757072242
0	-359.75	0	-8.200363391915616	0	21.502308561398223
0	-360.0	0	-8.087834573412023	0	21.03715512187948
0	-360.24999999999994	0	-7.975640248825051	0	20.60464074997519
0	-360.4375	0	-7.883371868200571	0	20.066834231191663
0	-360.8125	0	-7.760791960682965	0	19.574419213464484
0	-361.125	0	-7.651706043699434	0	19.12190843706925
0	-361.375	0	-7.545819515440658	0	18.71115778615051
0	-361.75	0	-7.394619526360009	0	18.31512180300289
0	-362.0	0	-7.286544374569326	0	17.947211350961272
0	-362.25000000000006	0	-7.18389815085997	0	17.453718385313284
0	-362.37500000000006	0	-7.133307373834847	0	17.0318390839322
0	-362.5625	0	-7.032348058114336	0	16.56708521880926
0	-362.68750000000006	0	-6.938013926690127	0	16.058006732720838
0	-362.8125	0	-6.84311830248215	0	15.668435154888106
0	-363.00000000000006	0	-6.694323857477618	0	15.198387606989042
0	-363.31250000000006	0	-6.447550386781781	0	14.237101170345575
0	-363.43750000000006	0	-6.340674861154093	0	13.873203597058591
0	-363.625	0	-6.193511653536871	0	13.593159393408662
0	-363.75000000000006	0	-6.024933903083621	0	13.244801751323434
0	-363.8125	0	-5.876194821798656	0	12.877124655346096
0	-363.9375	0	-5.7053218835790345	0	12.524290472395242
0	-363.9375	0	-5.598951780036874	0	12.166393805492847
0	-363.875	0	-5.492111061151098	0	11.701462667010953
0	-363.75000000000006	0	-5.425577333017595	0	11.200601781612106
0	-363.5625	0	-5.415202209005242	0	10.773512376853448
0	-363.43750000000006	0	-5.381394487888061	0	10.409769276619276
0	-363.1875	0	-5.338856227314027	0	9.95149501775161
0	-363.00000000000006	0	-5.298537162739016	0	9.648520396370717
0	-362.8125	0	-5.253648256591783	0	9.37683381318678
0	-362.625	0	-5.200707796236872	0	9.101281852672237
0	-362.4375	0	-5.19049527620449	0	8.87566435170072
0	-362.3125	0	-5.19142318057351	0	8.729890376953298
0	-362.25000000000006	0	-5.179260557140632	0	8.600322549443684
0	-362.1875	0	-5.2015693807727965	0	8.389195018892105
0	-362.1875	0	-5.205785106356081	0	8.278828888197882
0	-362.125	0	-5.227640132032702	0	8.167138978938729
0	-362.1875	0	-5.219738606821393	0	8.10618381816265
0	-362.1875	0	-5.229613163125495	0	7.992349602724433
0	-362.25000000000006	0	-5.21626360282201	0	7.88142998608075
0	-362.25000000000006	0	-5.214037239754425	0	7.750546509932252
0	-362.25000000000006	0	-5.185954955619172	0	7.574434418772191
0	-362.1875	0	-5.171287120572378	0	7.275315063408877
0	-362.1875	0	-5.141582260647344	0	7.040231249485257
0	-362.125	0	-5.142926939651348	0	6.747260445375945
0	-362.0625	0	-5.1327037435358935	0	6.459409161869452
0	-362.0625	0	-5.113589836824041	0	6.222948622300984
0	-362.0625	0	-5.084100912612749	0	5.967694745092661
0	-362.0625	0	-5.063544914898494	0	5.720130450088799
0	-362.0625	0	-5.049751014742922	0	5.489387410496218
0	-362.125	0	-5.008718828214023	0	5.3203757699903305
0	-362.125	0	-5.004575571262567	0	5.134175619573844
0	-362.125	0	-4.986470425233397	0	4.877459748981806
0	-361.93750000000006	0	-4.968204681467571	0	4.392041663874889
0	-361.875	0	-4.94049920628954	0	4.208664146085753
0	-361.6875	0	-4.949281564934287	0	3.9875293111347605
0	-361.5625	0	-4.954229096110175	0	3.8290272670255976
0	-361.4375	0	-4.94584101955637	0	3.6738715132792303
0	-361.31249999999994	0	-4.953074793630698	0	3.5411950130052543
0	-361.1875	0	-4.968574503002027	0	3.434456557672331
0	-361.125	0	-4.974831017122391	0	3.3571156867150305
0	-361.0625	0	-4.990243612785972	0	3.278098323567236
0	-361.0625	0	-4.989427161485735	0	3.222850376513166
0	-361.0625	0	-4.989973299697451	0	3.1934030093580303
0	-361.0625	0	-4.990382903356237	0	3.171317483991707
0	-361.125	0	-4.973123351346248	0	3.1600681649771087
0	-361.25	0	-4.938284565697626	0	3.1558983548259767
0	-361.25	0	-4.953529309207532	0	3.1322951999503266
0	-361.31249999999994	0	-4.947157682732318	0	3.130444350385197
0	-361.375	0	-4.939148613795172	0	3.1193406858690387
0	-361.5	0	-4.908008646272372	0	3.115115274860514
0	-361.5625	0	-4.9003662588236105	0	3.0174459786706986
0	-361.62500000000006	0	-4.875643669703079	0	2.943220500652174
0	-361.5625	0	-4.868908174198719	0	2.826888561118166
0	-361.5625	0	-4.852715749207735	0	2.745422559312065
0	-361.5	0	-4.855641427068672	0	2.673548031476446
0	-361.5	0	-4.852394808060858	0	2.6568903442159306
0	-361.5625	0	-4.834575155610422	0	2.671272330426343
0	-361.62500000000006	0	-4.8279727890595	0	2.6785874875172246
0	-361.62500000000006	0	-4.828233790965672	0	2.6693873042538923
0	-361.62500000000006	0	-4.828233790965672	0	2.6693873042538923
0	-361.62500000000006	0	-4.828077189821969	0	2.6749074142118805
0	-361.62500000000006	0	-4.824083914229234	0	2.685843233365388
0	-361.62500000000006	0	-4.820299440161436	0	2.689418905908264
0	-361.62500000000006	0	-4.81661936685612	0	2.689314505145796
0	-361.62500000000006	0	-4.81293929355079	0	2.6892101043833274
0	-361.62500000000006	0	-4.803947911812409	0	2.6815889558664963
0	-361.62500000000006	0	-4.793325294946292	0	2.6665554603577704
0	-361.62500000000006	0	-4.788222788038176	0	2.6516785659927757
0	-361.62500000000006	0	-4.78128024447739	0	2.6367494712465183
0	-361.62500000000006	0	-4.781384645239858	0	2.6330693979412025
0	-361.62500000000006	0	-4.781384645239858	0	2.6330693979412025
0	-361.62500000000006	0	-4.781384645239858	0	2.6330693979412025
0	-361.62500000000006	0	-4.781384645239858	0	2.6330693979412025
0	-361.62500000000006	0	-4.781384645239858	0	2.6330693979412025
0	-361.62500000000006	0	-4.786695953672924	0	2.6405861456955657
0	-361.62500000000006	0	-4.795635135030071	0	2.6500473308650405
0	-361.62500000000006	0	-4.797370770920262	0	2.6537796045515907
0	-361.62500000000006	0	-4.799054206429231	0	2.6593519148908418
0	-361.62500000000006	0	-4.802525478209611	0	2.6668164622639416
0	-361.62500000000006	0	-4.804261114099814	0	2.6705487359505202
0	-361.62500000000006	0	-4.804261114099814	0	2.6705487359505202
0	-361.62500000000006	0	-4.804261114099814	0	2.6705487359505202
0	-361.62500000000006	0	-4.804261114099814	0	2.6705487359505202
0	-361.62500000000006	0	-4.804261114099814	0	2.6705487359505202
0	-361.62500000000006	0	-4.804261114099814	0	2.6705487359505202
0	-361.62500000000006	0	-4.804261114099814	0	2.6705487359505202
0	-361.62500000000006	0	-4.804261114099814	0	2.6705487359505202
0	-361.62500000000006	0	-4.8115690603292265	0	2.6725975741281287
0	-361.62500000000006	0	-4.818824806177418	0	2.6764864489583813
0	-361.6875	0	-4.81002313306784	0	2.696620839613289
0	-361.6875	0	-4.821063004764758	0	2.6969460847236943
0	-361.6875	0	-4.827396053389223	0	2.6695090280366074
0	-361.62500000000006	0	-4.846251855657122	0	2.623869714977767
0	-361.62500000000006	0	-4.846512857563292	0	2.6146695317144633
0	-361.62500000000006	0	-4.84661725832576	0	2.6109894584091475
0	-361.62500000000006	0	-4.8466694587069945	0	2.6091494217564755
0	-361.62500000000006	0	-4.8466694587069945	0	2.6091494217564755
0	-361.62500000000006	0	-4.8466694587069945	0	2.6091494217564755
0	-361.62500000000006	0	-4.8466694587069945	0	2.6091494217564755
0	-361.62500000000006	0	-4.8466694587069945	0	2.6091494217564755
0	-361.62500000000006	0	-4.8466694587069945	0	2.6091494217564755
0	-361.62500000000006	0	-4.8466694587069945	0	2.6091494217564755
0	-361.62500000000006	0	-4.8466694587069945	0	2.6091494217564755
0	-361.62500000000006	0	-4.8466694587069945	0	2.6091494217564755
0	-361.62500000000006	0	-4.846460657182058	0	2.6165095683671358
0	-361.62500000000006	0	-4.842623982733025	0	2.6219252775626556
0	-361.62500000000006	0	-4.842101978920684	0	2.640325644089292
0	-361.62500000000006	0	-4.8430024087111265	0	2.673498504218483
0	-361.62500000000006	0	-4.8456906747730075	0	2.7085636013815524
0	-361.62500000000006	0	-4.8452208713419	0	2.7251239312555167
0	-361.62500000000006	0	-4.844698867529559	0	2.743524297782153
0	-361.62500000000006	0	-4.84459446676709	0	2.747204371087497
0	-361.62500000000006	0	-4.846434503419762	0	2.7472565714687316
0	-361.62500000000006	0	-4.846434503419762	0	2.7472565714687316
0	-361.62500000000006	0	-4.846538904182231	0	2.7435764981633874
0	-361.62500000000006	0	-4.8466955053259335	0	2.738056388205399
0	-361.62500000000006	0	-4.8466955053259335	0	2.738056388205399
0	-361.62500000000006	0	-4.8466955053259335	0	2.738056388205399
0	-361.62500000000006	0	-4.8466955053259335	0	2.738056388205399
0	-361.62500000000006	0	-4.846643304944699	0	2.7398964248580713
0	-361.62500000000006	0	-4.848483341597357	0	2.7399486252393053
0	-361.62500000000006	0	-4.848483341597357	0	2.7399486252393053
0	-361.62500000000006	0	-4.848483341597357	0	2.7399486252393053
0	-361.62500000000006	0	-4.848483341597357	0	2.7399486252393053
0	-361.62500000000006	0	-4.848483341597357	0	2.7399486252393053
0	-361.62500000000006	0	-4.848483341597357	0	2.7399486252393053
0	-361.62500000000006	0	-4.848483341597357	0	2.7399486252393053
0	-361.62500000000006	0	-4.848483341597357	0	2.7399486252393053
0	-361.62500000000006	0	-4.848483341597357	0	2.7399486252393053
0	-361.62500000000006	0	-4.848483341597357	0	2.7399486252393053
0	-361.62500000000006	0	-4.848483341597357	0	2.7399486252393053
0	-361.62500000000006	0	-4.848483341597357	0	2.7399486252393053
0	-361.62500000000006	0	-4.848483341597357	0	2.7399486252393053
0	-361.62500000000006	0	-4.848483341597357	0	2.7399486252393053
0	-361.62500000000006	0	-4.848483341597357	0	2.7399486252393053
0	-361.62500000000006	0	-4.850323378250016	0	2.7400008256205393
0	-361.62500000000006	0	-4.850323378250016	0	2.7400008256205393
0	-361.62500000000006	0	-4.850323378250016	0	2.7400008256205393
0	-361.62500000000006	0	-4.850323378250016	0	2.7400008256205393
0	-361.62500000000006	0	-4.850323378250016	0	2.7400008256205393
0	-361.62500000000006	0	-4.850323378250016	0	2.7400008256205393
0	-361.62500000000006	0	-4.850323378250016	0	2.7400008256205393
0	-361.62500000000006	0	-4.850323378250016	0	2.7400008256205393
0	-361.62500000000006	0	-4.850323378250016	0	2.7400008256205393
0	-361.62500000000006	0	-4.850323378250016	0	2.7400008256205393
0	-361.62500000000006	0	-4.850323378250016	0	2.7400008256205393
0	-361.62500000000006	0	-4.850323378250016	0	2.7400008256205393
0	-361.62500000000006	0	-4.850323378250016	0	2.7400008256205393
0	-361.62500000000006	0	-4.850323378250016	0	2.7400008256205393
0	-361.62500000000006	0	-4.850323378250016	0	2.7400008256205393
0	-361.62500000000006	0	-4.850323378250016	0	2.7400008256205393
0	-361.62500000000006	0	-4.850323378250016	0	2.7400008256205393
0	-361.62500000000006	0	-4.850323378250016	0	2.7400008256205393
0	-361.62500000000006	0	-4.850323378250016	0	2.7400008256205393
0	-361.62500000000006	0	-4.852163414902688	0	2.7400530260017737
0	-361.62500000000006	0	-4.852111214521454	0	2.7418930626544458
0	-361.62500000000006	0	-4.852111214521454	0	2.7418930626544458
0	-361.62500000000006	0	-4.852111214521454	0	2.7418930626544458
0	-361.62500000000006	0	-4.852111214521454	0	2.7418930626544458
0	-361.62500000000006	0	-4.852111214521454	0	2.7418930626544458
0	-361.62500000000006	0	-4.852111214521454	0	2.7418930626544458
0	-361.62500000000006	0	-4.85205901414022	0	2.7437330993070894
0	-361.62500000000006	0	-4.85205901414022	0	2.7437330993070894
0	-361.62500000000006	0	-4.85205901414022	0	2.7437330993070894
0	-361.62500000000006	0	-4.852006813758986	0	2.7455731359597615
0	-361.62500000000006	0	-4.855686887064316	0	2.74567753672223
0	-361.62500000000006	0	-4.855686887064316	0	2.74567753672223
0	-361.62500000000006	0	-4.855582486301848	0	2.7493576100275456
0	-361.62500000000006	0	-4.855582486301848	0	2.7493576100275456
0	-361.62500000000006	0	-4.855582486301848	0	2.7493576100275456
0	-361.62500000000006	0	-4.855582486301848	0	2.7493576100275456
0	-361.62500000000006	0	-4.855582486301848	0	2.7493576100275456
0	-361.62500000000006	0	-4.855634686683081	0	2.747517573374902
0	-361.62500000000006	0	-4.855791287826784	0	2.7419974634169137
0	-361.62500000000006	0	-4.855895688589253	0	2.7383173901115696
0	-361.62500000000006	0	-4.855895688589253	0	2.7383173901115696
0	-361.62500000000006	0	-4.855895688589253	0	2.7383173901115696
0	-361.62500000000006	0	-4.855895688589253	0	2.7383173901115696
0	-361.62500000000006	0	-4.855895688589253	0	2.7383173901115696
0	-361.62500000000006	0	-4.855895688589253	0	2.7383173901115696
0	-361.62500000000006	0	-4.855895688589253	0	2.7383173901115696
0	-361.62500000000006	0	-4.855895688589253	0	2.7383173901115696
0	-361.62500000000006	0	-4.855895688589253	0	2.7383173901115696
0	-361.62500000000006	0	-4.855895688589253	0	2.7383173901115696
0	-361.62500000000006	0	-4.855895688589253	0	2.7383173901115696
0	-361.62500000000006	0	-4.855895688589253	0	2.7383173901115696
0	-361.62500000000006	0	-4.855895688589253	0	2.7383173901115696
0	-361.62500000000006	0	-4.855843488208018	0	2.7401574267642417
0	-361.62500000000006	0	-4.855843488208018	0	2.7401574267642417
0	-361.62500000000006	0	-4.855843488208018	0	2.7401574267642417
0	-361.62500000000006	0	-4.855843488208018	0	2.7401574267642417
0	-361.62500000000006	0	-4.855843488208018	0	2.7401574267642417
0	-361.62500000000006	0	-4.855843488208018	0	2.7401574267642417
0	-361.62500000000006	0	-4.855843488208018	0	2.7401574267642417
0	-361.62500000000006	0	-4.855947888970486	0	2.736477353458926
0	-361.62500000000006	0	-4.856000089351721	0	2.734637316806254
0	-361.62500000000006	0	-4.856052289732955	0	2.732797280153582
0	-361.62500000000006	0	-4.856052289732955	0	2.732797280153582
0	-361.62500000000006	0	-4.857840126004379	0	2.734689517187488
0	-361.62500000000006	0	-4.8576835248606764	0	2.740209627145476
0	-361.62500000000006	0	-4.857631324479442	0	2.742049663798148
0	-361.62500000000006	0	-4.857631324479442	0	2.742049663798148
0	-361.62500000000006	0	-4.857735725241911	0	2.738369590492804
0	-361.62500000000006	0	-4.857996727148081	0	2.7291694072295
0	-361.62500000000006	0	-4.858153328291784	0	2.723649297271512
0	-361.62500000000006	0	-4.858153328291784	0	2.723649297271512
0	-361.62500000000006	0	-4.858153328291784	0	2.723649297271512
0	-361.62500000000006	0	-4.858048927529316	0	2.7273293705768276
0	-361.62500000000006	0	-4.857996727148081	0	2.7291694072294996
0	-361.62500000000006	0	-4.857996727148081	0	2.7291694072294996
0	-361.62500000000006	0	-4.857996727148081	0	2.7291694072294996
0	-361.62500000000006	0	-4.857996727148081	0	2.7291694072294996
0	-361.62500000000006	0	-4.857996727148081	0	2.7291694072294996
0	-361.62500000000006	0	-4.857996727148081	0	2.7291694072294996
0	-361.62500000000006	0	-4.857996727148081	0	2.7291694072294996
0	-361.62500000000006	0	-4.857996727148081	0	2.7291694072294996
0	-361.62500000000006	0	-4.857996727148081	0	2.7291694072294996
0	-361.62500000000006	0	-4.857996727148081	0	2.7291694072294996
0	-361.62500000000006	0	-4.857996727148081	0	2.7291694072294996
0	-361.62500000000006	0	-4.857996727148081	0	2.7291694072294996
0	-361.62500000000006	0	-4.857944526766848	0	2.7310094438821433
0	-361.62500000000006	0	-4.859575761894583	0	2.738421790874038
0	-361.62500000000006	0	-4.8594713611321145	0	2.742101864179382
0	-361.62500000000006	0	-4.859419160750881	0	2.743941900832026
0	-361.62500000000006	0	-4.859419160750881	0	2.743941900832026
0	-361.62500000000006	0	-4.859419160750881	0	2.743941900832026
0	-361.62500000000006	0	-4.859419160750881	0	2.743941900832026
0	-361.62500000000006	0	-4.859419160750881	0	2.743941900832026
0	-361.62500000000006	0	-4.859419160750881	0	2.743941900832026
0	-361.62500000000006	0	-4.859419160750881	0	2.743941900832026
0	-361.62500000000006	0	-4.859419160750881	0	2.743941900832026
0	-361.62500000000006	0	-4.859419160750881	0	2.743941900832026
0	-361.62500000000006	0	-4.859419160750881	0	2.743941900832026
0	-361.62500000000006	0	-4.859419160750881	0	2.743941900832026
0	-361.62500000000006	0	-4.859419160750881	0	2.743941900832026
0	-361.62500000000006	0	-4.859419160750881	0	2.743941900832026
0	-361.62500000000006	0	-4.859419160750881	0	2.743941900832026
0	-361.62500000000006	0	-4.861259197403539	0	2.74399410121326
0	-361.62500000000006	0	-4.861206997022305	0	2.745834137865932
0	-361.62500000000006	0	-4.861206997022305	0	2.745834137865932
0	-361.62500000000006	0	-4.861206997022305	0	2.745834137865932
0	-361.62500000000006	0	-4.861206997022305	0	2.745834137865932
0	-361.62500000000006	0	-4.861206997022305	0	2.745834137865932
0	-361.62500000000006	0	-4.861206997022305	0	2.745834137865932
0	-361.62500000000006	0	-4.861206997022305	0	2.745834137865932
0	-361.62500000000006	0	-4.861206997022305	0	2.745834137865932
0	-361.62500000000006	0	-4.861206997022305	0	2.745834137865932
0	-361.62500000000006	0	-4.861206997022305	0	2.745834137865932
0	-361.62500000000006	0	-4.861206997022305	0	2.745834137865932
0	-361.62500000000006	0	-4.861206997022305	0	2.745834137865932
0	-361.62500000000006	0	-4.861206997022305	0	2.745834137865932
0	-361.62500000000006	0	-4.861206997022305	0	2.745834137865932
0	-361.62500000000006	0	-4.861206997022305	0	2.745834137865932
0	-361.62500000000006	0	-4.861206997022305	0	2.745834137865932
0	-361.62500000000006	0	-4.861206997022305	0	2.745834137865932
0	-361.62500000000006	0	-4.861206997022305	0	2.745834137865932
0	-361.62500000000006	0	-4.861206997022305	0	2.745834137865932
0	-361.62500000000006	0	-4.861206997022305	0	2.745834137865932
0	-361.62500000000006	0	-4.861206997022305	0	2.745834137865932
0	-361.62500000000006	0	-4.861206997022305	0	2.745834137865932
0	-361.62500000000006	0	-4.861206997022305	0	2.745834137865932
0	-361.62500000000006	0	-4.861206997022305	0	2.745834137865932
0	-361.62500000000006	0	-4.861206997022305	0	2.745834137865932
0	-361.62500000000006	0	-4.861206997022305	0	2.745834137865932
0	-361.62500000000006	0	-4.861206997022305	0	2.745834137865932
0	-361.62500000000006	0	-4.861206997022305	0	2.745834137865932
0	-361.62500000000006	0	-4.861206997022305	0	2.745834137865932
0	-361.62500000000006	0	-4.861206997022305	0	2.745834137865932
0	-361.62500000000006	0	-4.861206997022305	0	2.745834137865932
0	-361.62500000000006	0	-4.861206997022305	0	2.745834137865932
0	-361.62500000000006	0	-4.861206997022305	0	2.745834137865932
0	-361.62500000000006	0	-4.861206997022305	0	2.745834137865932
0	-361.62500000000006	0	-4.861206997022305	0	2.745834137865932
0	-361.62500000000006	0	-4.861206997022305	0	2.745834137865932
0	-361.62500000000006	0	-4.861206997022305	0	2.745834137865932
0	-361.62500000000006	0	-4.861206997022305	0	2.745834137865932
0	-361.62500000000006	0	-4.861206997022305	0	2.745834137865932
0	-361.62500000000006	0	-4.861206997022305	0	2.745834137865932
0	-361.62500000000006	0	-4.861206997022305	0	2.745834137865932
0	-361.62500000000006	0	-4.861206997022305	0	2.745834137865932
0	-361.62500000000006	0	-4.861206997022305	0	2.745834137865932
0	-361.62500000000006	0	-4.861206997022305	0	2.745834137865932
0	-361.62500000000006	0	-4.862942632912495	0	2.749566411552482
0	-361.62500000000006	0	-4.862942632912495	0	2.749566411552482
0	-361.62500000000006	0	-4.862942632912495	0	2.749566411552482
0	-361.62500000000006	0	-4.862942632912495	0	2.749566411552482