0	0.0	0	0.0	0	0.0
0	0.0	0	0.0	0	0.0
0	0.0	0	0.0	0	0.0
0	0.0	0	0.0	0	0.0
0	0.0	0	0.0	0	0.0
0	0.0	0	0.0	0	0.0
0	0.0	0	0.0	0	0.0
0	0.0	0	0.0	0	0.0
0	0.0	0	0.0	0	0.0
0	0.0	0	0.0	0	0.0
0	0.0	0	0.0	0	0.0
0	0.0	0	0.0	0	0.0
0	0.0	0	0.0	0	0.0
0	0.0	0	0.0	0	0.0
0	0.0	0	0.0	0	0.0
0	0.0	0	0.0	0	0.0
0	0.0	0	0.0	0	0.0
0	0.0	0	0.0	0	0.0
0	0.0	0	0.0	0	0.0
0	0.0	0	0.0	0	0.0
0	0.0	0	0.0	0	0.0
0	0.0	0	0.0	0	0.0
0	0.0	0	0.0	0	0.0
0	0.0	0	0.0	0	0.0
0	0.0	0	0.0	0	0.003681553890925539
0	0.0	0	0.0	0	0.003681553890925539
0	0.0	0	0.0	0	0.003681553890925539
0	0.0	0	0.0	0	0.003681553890925539
0	0.0	0	0.0	0	0.0
0	0.0	0	0.0	0	0.0
0	0.0	0	0.0	0	0.0
0	0.0	0	0.0	0	0.0
0	0.0	0	0.0	0	0.003681553890925539
0	0.0	0	0.0	0	0.003681553890925539
0	0.0	0	0.0	0	0.003681553890925539
0	0.0	0	0.0	0	0.003681553890925539
0	0.0	0	0.0	0	0.005522330836388308
0	0.0	0	0.0	0	0.012885438618239386
0	0.0	0	0.0	0	0.05338253141842032
0	0.0	0	0.0	0	0.07731263170943632
0	0.0	0	0.009203884727313847	0	0.11044661672776616
0	0.0625	0	-8.663629889330369E-4	0	0.12870701478196586
0	0.0625	0	0.002775029196478487	0	0.1655265477391166
0	0.125	0	0.009251821553897376	0	0.16724510102813617
0	0.125	0	0.018443636530220228	0	0.17278749846798594
0	0.1875	0	0.015732786721386553	0	0.15791601357650262
0	0.1875	0	0.023053687652744327	0	0.17082547886925645
0	0.25	0	0.01113518486843621	0	0.16511474917583222
0	0.25	0	0.016625335619665952	0	0.17250188250361595
0	0.25	0	0.02029882258571458	0	0.17435870568448347
0	0.25	0	0.023956245793488637	0	0.17989704771053694
0	0.25	0	0.031279124088174064	0	0.18913297234005091
0	0.25	0	0.04778170385841242	0	0.20393133463303012
0	0.25	0	0.0550162314825877	0	0.2334156129110666
0	0.3125	0	0.05407617561119924	0	0.24984132960024502
0	0.3125	0	0.05940766752017456	0	0.2848456908473098
0	0.3125	0	0.059196831069136945	0	0.3235014317333754
0	0.3125	0	0.09009802028212024	0	0.39546134193452787
0	0.375	0	0.09653512488907248	0	0.4045711768027591
0	0.4375	0	0.09925072232320023	0	0.41918216534650904
0	0.5	0	0.10185399786140376	0	0.4485220076067239
0	0.5	0	0.1198273490598776	0	0.49838172872687836
0	0.5	0	0.13946470745371775	0	0.5685052888498806
0	0.5	0	0.16292805200442467	0	0.6220946144947469
0	0.5	0	0.18094959401897603	0	0.66643221505195
0	0.5625	0	0.19099606172964212	0	0.6811213793143952
0	0.75	0	0.1957627825952934	0	0.6715702151138818
0	0.875	0	0.21569860362168486	0	0.7065804622239796
0	0.9374999999999999	0	0.24376689087035106	0	0.7418827588531293
0	1.0625	0	0.25627839842868644	0	0.7731403399238772
0	1.25	0	0.31049461575264947	0	0.8862071925181519
0	1.4375	0	0.31629418585354746	0	0.9264525217472099
0	1.6249999999999998	0	0.3326006791448118	0	0.9854332056849785
0	1.8125	0	0.3596146716589892	0	1.0503368590403275
0	2.0	0	0.41012284438981017	0	1.1235238628555269
0	2.5625	0	0.533186542351835	0	1.330452340564464
0	2.6875000000000004	0	0.6004750520339974	0	1.4826035545314085
0	2.875	0	0.6133950834412992	0	1.6321304768380311
0	2.9375	0	0.6246414464078961	0	1.835322431258769
0	3.0	0	0.6059687939383387	0	2.07936603099511
0	3.0	0	0.5893021777892974	0	2.3973840118568663
0	2.9375	0	0.5759581390678904	0	2.732297201480165
0	2.875	0	0.5477740226604539	0	3.005639077047341
0	2.7499999999999996	0	0.5351922634251199	0	3.349926631110573
0	2.7499999999999996	0	0.4945414863327633	0	3.620723123731964
0	2.7499999999999996	0	0.48569378243752437	0	3.8432889476691887
0	2.7499999999999996	0	0.4787730526570078	0	4.0641044315574275
0	2.8125	0	0.45834405738183104	0	4.284123405005138
0	2.875	0	0.42979132852860763	0	4.514782592881941
0	3.0	0	0.38372940258091953	0	4.746192779128428
0	3.125	0	0.3372465328223423	0	5.012533012784398
0	3.1875	0	0.30478089650103113	0	5.292663036786741
0	3.2499999999999996	0	0.27170865798923177	0	5.578271598629774
0	3.3125	0	0.25465482363093606	0	5.9016661312252445
0	3.3125	0	0.30383476100476803	0	6.931541276662469
0	3.4375	0	0.23169110286445438	0	7.301282260373586
0	3.5	0	0.17887643906669995	0	7.681511546489854
0	3.6875	0	0.10486409262022452	0	7.958548817680929
0	3.9375	0	-0.009304745693805419	0	8.326536462706036
0	4.187500000000001	0	-0.12880989734302062	0	8.666064717770414
0	4.375	0	-0.2150612981845756	0	8.937819287569384
0	4.687500000000001	0	-0.33478251044225793	0	9.209885927182482
0	4.9375	0	-0.4327440540592854	0	9.522351576555968
0	5.25	0	-0.5529486416051614	0	9.81191446165775
0	5.4375	0	-0.6458282977474483	0	10.183568456489963
0	5.5625	0	-0.7229405472518311	0	10.61595798629427
0	5.75	0	-0.8211873379809391	0	11.042264787382479
0	5.875	0	-0.9353673130633772	0	11.526169992083842
0	6.0625	0	-1.0549660743180098	0	11.975828920597865
0	6.25	0	-1.2010881442696475	0	12.416795135966566
0	6.4375	0	-1.3353885587573926	0	12.784680687779726
0	6.75	0	-1.523018583658907	0	13.128782723191868
0	7.187499999999999	0	-1.854441342297335	0	14.210240631201001
0	7.499999999999999	0	-2.014053771527422	0	14.528288381906721
0	7.687500000000001	0	-2.1216871841206904	0	14.897835212140276
0	7.937500000000002	0	-2.2682296166990623	0	15.28200810400274
0	8.3125	0	-2.4318220877255934	0	15.718599429112246
0	8.75	0	-2.6153503092295503	0	16.12701156849332
0	9.25	0	-2.834341097027355	0	16.446407923870368
0	9.624999999999998	0	-3.00758001678324	0	16.7578418261705
0	10.1875	0	-3.233458708495195	0	17.106813747621402
0	10.875	0	-3.4691447857365008	0	17.35233592878216
0	11.3125	0	-3.645658862458171	0	17.646408793139525
0	11.75	0	-3.84258538875046	0	17.96542475405085
0	12.5	0	-4.115403148512386	0	18.23311131584037
0	13.25	0	-4.371782112238226	0	18.51890849748307
0	13.8125	0	-4.6694260340457046	0	19.134330754261452
0	14.125	0	-4.866052034132068	0	19.579539584515654
0	14.5625	0	-5.129871367266192	0	20.084317907226893
0	14.812500000000002	0	-5.3378429501985964	0	20.617086775118935
0	15.1875	0	-5.589236670202897	0	21.173567890689192
0	15.75	0	-6.1482963401011865	0	22.54821902488934
0	16.0	0	-6.326926567296956	0	22.93110944834888
0	16.25	0	-6.550002075480101	0	23.44454640541838
0	16.5625	0	-6.813613536456146	0	23.989548721092238
0	16.750000000000004	0	-7.107313874969746	0	24.711937534162683
0	17.0625	0	-7.320682602551147	0	25.198330287920335
0	17.250000000000004	0	-7.4753927231449	0	25.699181772863117
0	17.5625	0	-7.75125577961342	0	26.33708410444068
0	17.874999999999996	0	-8.03534095941117	0	27.057038535189985
0	18.0625	0	-8.247237118263245	0	27.779390128876777
0	18.375	0	-8.478904857054136	0	28.39801990648677
0	18.625	0	-8.727761310596453	0	29.14687810713689
0	18.875	0	-8.981636210367492	0	29.82401263641522
0	19.249999999999996	0	-9.271958066855703	0	30.651732171528078
0	19.4375	0	-9.514404087147991	0	31.311401890738455
0	19.625	0	-9.734733696880578	0	31.97893014987391
0	19.9375	0	-9.970236585151738	0	32.61528952490093
0	20.125000000000004	0	-10.30523814265515	0	33.58405629678365
0	20.3125	0	-10.668363773663362	0	34.44238137350091
0	20.6875	0	-11.298615396152663	0	36.239853768455546
0	20.874999999999996	0	-11.63102703823163	0	37.074031673879084
0	21.0625	0	-11.994080357473058	0	37.96540565112938
0	21.1875	0	-12.266649472143378	0	38.672833836740836
0	21.312500000000004	0	-12.464985001491234	0	39.35192797217227
0	21.437499999999996	0	-12.736018498313955	0	39.9749383734816
0	21.625	0	-13.066496917437442	0	40.71077216601137
0	21.8125	0	-13.4239109427167	0	41.51302812898916
0	21.875000000000004	0	-13.676744557205113	0	42.10959575438836
0	21.999999999999996	0	-13.947065967597593	0	42.69296241683257
0	22.1875	0	-14.247784717062316	0	43.303425401423574
0	22.25	0	-14.522343830658585	0	43.96660925487591
0	22.312500000000004	0	-14.91211623101922	0	44.88097096095367
0	22.4375	0	-15.192445387858143	0	45.47589229573904
0	22.5	0	-15.481902459384344	0	46.14286062029981
0	22.625	0	-15.765826166408553	0	46.82790866858719
0	22.75	0	-16.122622540076353	0	47.622127559606696
0	22.8125	0	-16.437566521155237	0	48.33023671465278
0	22.875	0	-16.715827076952507	0	48.94392020161775
0	22.875	0	-17.00437963834732	0	49.6373230709014
0	23.0	0	-17.94939736250228	0	51.74354962881566
0	23.062499999999996	0	-18.29317311425301	0	52.473327941572386
0	23.125	0	-18.715546362929643	0	53.423708772060294
0	23.125	0	-19.060390575646927	0	54.23120820262296
0	23.125	0	-19.44750254382766	0	55.06269082110667
0	23.125	0	-19.777977909079507	0	55.766238193238074
0	23.1875	0	-20.184109854765754	0	56.66147993620344
0	23.1875	0	-20.678443802992	0	57.67528999478001
0	23.1875	0	-21.072023793860005	0	58.49595756953509
0	23.1875	0	-21.440955495936826	0	59.28713225843085
0	23.125	0	-21.801092423564093	0	60.13228211605265
0	23.062499999999996	0	-22.315553751430866	0	61.07378038882616
0	22.937499999999996	0	-22.816184068693733	0	62.11146811208962
0	22.875	0	-23.21364493679329	0	62.92289590393837
0	22.8125	0	-23.644929904918772	0	63.76009692966893
0	22.625	0	-24.18033217571927	0	64.82565707634473
0	22.4375	0	-24.625281524729456	0	65.6719701246758
0	22.25	0	-25.160463256139494	0	66.63283631595293
0	21.75	0	-26.46416826890826	0	68.98913596390393
0	21.500000000000004	0	-26.994747668763104	0	69.98752486669544
0	21.375	0	-27.475801963544377	0	70.8511564393994
0	21.125	0	-27.920467615421714	0	71.81262235668211
0	20.937500000000004	0	-28.33863808580635	0	72.74492634161666
0	20.6875	0	-28.830347411324073	0	73.83481825899115
0	20.375	0	-29.319480256101482	0	74.92624042567341
0	20.062500000000004	0	-29.85155615450769	0	76.06124174474087
0	19.8125	0	-30.346198023724128	0	77.0418770031946
0	19.5625	0	-30.982672860949087	0	78.24231767100314
0	19.125	0	-31.60426107701316	0	79.49468763487334
0	18.687500000000004	0	-32.15936860393242	0	80.61363032723641
0	18.375	0	-32.63420113085679	0	81.60484159612257
0	18.0625	0	-33.109005886135186	0	82.63752924428643
0	17.5625	0	-33.52324181979919	0	83.71411780809456
0	17.1875	0	-33.90944925742712	0	84.76307018586952
0	16.875	0	-34.42283756780092	0	85.9102522794189
0	16.375	0	-34.797316574744286	0	86.9273986814107
0	15.375000000000002	0	-36.14873548126932	0	89.80917861221637
0	15.125	0	-36.60612735665384	0	90.91788205360007
0	14.812500000000002	0	-37.031629798027794	0	91.96366073510671
0	14.374999999999998	0	-37.36241124665125	0	93.0255995944651
0	13.9375	0	-38.015660060014014	0	94.68500454920463
0	13.4375	0	-38.32159474001116	0	95.68028768011982
0	13.1875	0	-38.758142020120154	0	96.81876672022436
0	12.8125	0	-39.16247198995535	0	97.96026663386951
0	12.375000000000002	0	-39.54045795128687	0	99.07863769560214
0	12.125	0	-39.90851639456282	0	100.1485738465723
0	11.875	0	-40.22692062241176	0	101.21263586104818
0	11.375	0	-40.49295893192418	0	102.52695413771184
0	11.25	0	-40.7050069780497	0	103.39343506989276
0	10.999999999999998	0	-40.953792998964424	0	104.40322113374494
0	10.625	0	-41.2206018921249	0	105.67240094906813
0	10.437499999999998	0	-41.51502972310733	0	106.86513789000827
0	10.1875	0	-41.73132732627849	0	107.85168781038436
0	9.937499999999998	0	-41.98940036773937	0	109.03852904059401
0	9.3125	0	-42.76933867992305	0	111.81382786730228
0	9.0	0	-43.082104958756666	0	112.9800555316009
0	8.75	0	-43.31578259644582	0	113.87583200496937
0	8.5	0	-43.577567576433566	0	114.82180776883872
0	8.1875	0	-43.81530578048254	0	115.83153877613593
0	7.812499999999999	0	-44.00916675650021	0	116.94463610646221
0	7.5625	0	-44.27251351886989	0	117.98905824378696
0	7.3125	0	-44.45188381212684	0	118.92975100340279
0	7.125	0	-44.58649791532264	0	119.8315924405279
0	6.875	0	-44.73556816195665	0	120.76714383087788
0	6.6875	0	-44.92539979038074	0	121.70718495766356
0	6.499999999999999	0	-45.12365651394257	0	122.6817320266639
0	6.375	0	-45.282029011394535	0	123.51818210726917
0	6.3125	0	-45.4569335421284	0	124.30459157823124
0	6.0625	0	-45.637935817930995	0	125.36138174616133
0	5.875	0	-45.79730958476722	0	126.31688343758844
0	5.6875	0	-45.946086013678915	0	127.2200000091694
0	5.4375	0	-46.09957956846645	0	128.1785253903987
0	5.3125	0	-46.25506615156693	0	129.01474322132978
0	4.687500000000001	0	-46.61252812214573	0	131.5589962509702
0	4.5625	0	-46.70421433131425	0	132.2961375713475
0	4.4375	0	-46.78953850533119	0	133.0430775369829
0	4.25	0	-46.85328290370273	0	133.79553408770275
0	4.125	0	-46.952375994778606	0	134.7520330011665
0	3.875	0	-47.009099279278125	0	135.58817820111693
0	3.7499999999999996	0	-47.1334020854496	0	136.4676093255318
0	3.5	0	-47.20913947493481	0	137.33764891129377
0	3.3125	0	-47.306716415196476	0	138.3778559053561
0	3.1875	0	-47.36054738470923	0	139.18078948170447
0	3.0	0	-47.420440554761726	0	140.21028787060857
0	2.875	0	-47.48239142340158	0	140.9723276072259
0	2.7499999999999996	0	-47.53822338891662	0	141.75498643361522
0	2.625	0	-47.56355706201055	0	142.4782762998104
0	2.5	0	-47.609573268391784	0	143.24302559785465
0	2.375	0	-47.657614859130575	0	144.04825178484148
0	2.3125	0	-47.72335006438753	0	144.92081330561297
0	2.1875	0	-47.78597762769098	0	145.8710606265081
0	2.125	0	-47.82637541338239	0	146.59361955508606
0	2.0625	0	-47.99484544770625	0	148.56780218806009
0	2.0625	0	-48.06263094743274	0	149.17136924032508
0	2.0	0	-48.12931362734961	0	149.80094691329413
0	1.9375	0	-48.2122135154454	0	150.49080535393932
0	1.8125	0	-48.2733508043243	0	151.21476578054788
0	1.75	0	-48.3403244001741	0	151.99370773314382
0	1.75	0	-48.393174252662135	0	152.6385072254746
0	1.6249999999999998	0	-48.44321757567955	0	153.4899748537473
0	1.5	0	-48.47837984389955	0	154.2166761122651
0	1.4375	0	-48.54580454721546	0	154.89826214456554
0	1.3749999999999998	0	-48.601308858182044	0	155.50469618401195
0	1.3749999999999998	0	-48.66426184014368	0	156.132912172805
0	1.3125	0	-48.68952136161377	0	156.73456042535713
0	1.25	0	-48.73619417318658	0	157.4885748034085
0	1.125	0	-48.77256245233921	0	158.23378467734616
0	1.0625	0	-48.84326810317448	0	158.93406468314816
0	1.0	0	-48.896247802099055	0	159.61446589078628
0	0.875	0	-48.89886706097898	0	160.3069048846614
0	0.6874999999999999	0	-48.98403803909537	0	162.26313679316908
0	0.625	0	-49.022251711259216	0	162.85930208829006
0	0.5625	0	-49.04067183514405	0	163.54773972131375
0	0.5625	0	-49.065891671162596	0	164.24149847152555
0	0.5	0	-49.06865444617066	0	164.91351829018032
0	0.4375	0	-49.092917411118755	0	165.60009756026642
0	0.375	0	-49.13466209550944	0	166.26633463554532
0	0.25	0	-49.15727514757469	0	166.9512776982738
0	0.1875	0	-49.17127945380761	0	167.6563878907712
0	0.1875	0	-49.193684454327034	0	168.31531624548165
0	0.125	0	-49.18618115363801	0	168.90819914545716
0	0.125	0	-49.18753452849344	0	169.52853949977458
0	0.125	0	-49.18877144082421	0	170.09549744971451
0	0.125	0	-49.189907954426836	0	170.61643608553598
0	0.25	0	-49.20272509411007	0	171.19595218998415
0	0.375	0	-49.18725431126573	0	171.72961240286418
0	0.4375	0	-49.14886535472029	0	172.2912211821374
0	0.5625	0	-49.14051251780599	0	172.7972637074341
0	0.75	0	-49.15060865577173	0	173.37108176662863
0	1.0625	0	-49.16124680592571	0	174.18391753426897
0	1.3125	0	-49.1408985374271	0	174.5760116571329
0	1.5	0	-49.09907194597626	0	174.93576459144012
0	1.6249999999999998	0	-49.06670327998875	0	175.35443055142267
0	1.8749999999999998	0	-49.08002410784077	0	175.68495351143864
0	2.0	0	-49.10691966996416	0	176.0852715818349
0	2.25	0	-49.12563246359407	0	176.40083639435787
0	2.5	0	-49.12491453199703	0	176.7006428820691
0	2.8125	0	-49.11347004592251	0	177.0082847363433
0	3.0	0	-49.11472080241733	0	177.29904522918957
0	3.1875	0	-49.107792262837215	0	177.6290239484835
0	3.5	0	-49.13770088187071	0	177.91603646475798
0	3.6875	0	-49.12633310047987	0	178.21517732363768
0	3.875	0	-49.10653671752622	0	178.51130109278168
0	4.0625	0	-49.0619453077586	0	178.77979192324247
0	4.312500000000001	0	-49.051253041749874	0	179.06432498645503
0	4.625	0	-49.04545274762292	0	179.39281940680328
0	4.9375	0	-49.080475792953855	0	179.65145781529435
0	5.125	0	-49.082272904736804	0	179.92995296649772
0	5.4375	0	-49.06830389523683	0	180.25971763085272
0	5.875	0	-49.09329110204842	0	180.79091820671115
0	6.0	0	-49.11061309528893	0	181.07386180599843
0	6.0625	0	-49.14238907046404	0	181.47759743249676
0	6.0625	0	-49.177756652775074	0	181.8977498620319
0	6.0625	0	-49.21450022720259	0	182.24371095945548
0	6.0625	0	-49.2927465372303	0	182.66671387670414
0	6.0	0	-49.35665738037059	0	183.01180697138884
0	5.875	0	-49.43390584003292	0	183.42049008741765
0	5.75	0	-49.54966487725659	0	183.94007736716307
0	5.5625	0	-49.653699003705675	0	184.45005091601303
0	5.375000000000001	0	-49.743753515239135	0	184.91160100755314
0	5.187500000000001	0	-49.84942944174209	0	185.34046670118963
0	4.875	0	-49.97320734609864	0	185.88479887974043
0	4.5	0	-50.13537220145513	0	186.520911902799
0	4.25	0	-50.28915229015356	0	186.99178017679975
0	3.875	0	-50.42485127230734	0	187.4796696567998
0	3.625	0	-50.57659713055917	0	187.89296955533024
0	3.2499999999999996	0	-50.71166897782387	0	188.3967918509489
0	2.875	0	-50.91262942655202	0	189.06203425635667
0	2.25	0	-51.20440176121017	0	190.08884497139016
0	1.75	0	-51.320597674717824	0	190.660888927037
0	1.3125	0	-51.509595132053896	0	191.33501801367768
0	1.0	0	-51.67051166570396	0	191.84099263424167
0	0.625	0	-51.82448178396226	0	192.34080933742032
0	0.18749999999999997	0	-51.97641128009598	0	192.92656846186927
0	-0.12499999999999332	0	-52.105498265157706	0	193.46132664131378
0	-0.5625000000000042	0	-52.26638386802722	0	194.06207216843518
0	-1.0624999999999731	0	-52.39489722535355	0	194.60674551006306
0	-1.3749999999999665	0	-52.546520618445754	0	195.060319046401
0	-1.6874999999999598	0	-52.69209035238262	0	195.5090830131935
0	-2.1874999999999796	0	-52.82640175944361	0	196.0586472960222
0	-2.562499999999982	0	-52.98298766014003	0	196.52893186479366
0	-2.874999999999975	0	-53.12986348171897	0	196.94429076619076
0	-3.312499999999986	0	-53.25099511881711	0	197.41501194009035
0	-3.5624999999999702	0	-53.44665171085102	0	197.82610197331186
0	-3.874999999999964	0	-53.60597850099595	0	198.22131333363035
0	-4.312499999999975	0	-53.719248355599994	0	198.65718913308004
0	-4.687499999999977	0	-53.95629248253305	0	199.2905828252931
0	-5.5624999999999485	0	-54.102960337881306	0	200.22370114935393
0	-6.062499999999968	0	-54.1709810462402	0	200.75211048824718
0	-6.562499999999988	0	-54.30013216607619	0	201.32756189622546
0	-6.874999999999981	0	-54.45502865469468	0	201.74924215422612
0	-7.37499999999995	0	-54.58321628401041	0	202.195634953393
0	-7.7500000000000036	0	-54.70824671173065	0	202.5534147948844
0	-8.249999999999972	0	-54.794671905175285	0	202.940856131494
0	-8.687499999999982	0	-55.00317059238631	0	203.37957932617016
0	-9.187499999999952	0	-55.103549612607466	0	203.73064981917744
0	-9.562500000000005	0	-55.29275254266701	0	204.0974666754297
0	-9.937499999999956	0	-55.466808809671754	0	204.45206966624303
0	-10.499999999999984	0	-55.603630297835856	0	204.86238769770927
0	-11.124999999999972	0	-55.75870125202612	0	205.32565527705034
0	-11.499999999999972	0	-55.94638136301023	0	205.64078813993123
0	-11.937499999999984	0	-56.129357908444454	0	206.005903541148
0	-12.437499999999954	0	-56.239218683473304	0	206.34599988902542
0	-12.875000000000016	0	-56.38853934542103	0	206.7379470046011
0	-13.312499999999975	0	-56.57114363074474	0	207.20580616279776
0	-14.124999999999988	0	-56.74431875733193	0	208.04622426459528
0	-14.43749999999998	0	-56.822737767904655	0	208.47196468185118
0	-14.937499999999998	0	-56.85647334539581	0	209.06307780757982
0	-15.499999999999977	0	-56.83734602748765	0	209.69121810120214
0	-16.062499999999954	0	-56.84109219820812	0	210.38878758892724
0	-16.437500000000007	0	-56.87997600170833	0	210.92501372702654
0	-16.999999999999986	0	-56.8736009513691	0	211.50362647350423
0	-17.500000000000007	0	-56.91595368339352	0	212.17812031443907
0	-17.81249999999995	0	-56.948742618984454	0	212.7423088497185
0	-18.124999999999993	0	-56.9413808422909	0	213.23449271151665
0	-18.562499999999954	0	-56.8929574998825	0	213.89296276889465
0	-18.99999999999996	0	-56.81035675845084	0	214.50402070268578
0	-19.249999999999996	0	-56.764844686669576	0	214.98783254155865
0	-19.62499999999995	0	-56.682185182960566	0	215.53178760612127
0	-19.937499999999993	0	-56.66086535860843	0	216.10239557952002
0	-20.18749999999998	0	-56.67096992597613	0	216.62640615368264
0	-20.562499999999982	0	-56.63480817407732	0	217.13466886554573
0	-21.0625	0	-56.5702498513227	0	217.90777051757044
0	-21.687499999999986	0	-56.38161024787086	0	218.94727685730112
0	-21.99999999999998	0	-56.311682989089064	0	219.43194741190777
0	-22.43749999999994	0	-56.19167221992963	0	219.91908600826164
0	-22.687499999999975	0	-56.12480859032633	0	220.34660326448846
0	-22.93749999999996	0	-56.04209275594273	0	220.69195300765023
0	-23.249999999999954	0	-55.9560334561334	0	221.05438917744996
0	-23.49999999999999	0	-55.87354051156071	0	221.2820558413136
0	-23.5625	0	-55.8477501521356	0	221.3994824595541
0	-23.625000000000007	0	-55.826488664451006	0	221.4184596278469
0	-23.625000000000007	0	-55.84198013792185	0	221.38304317679427
0	-23.5625	0	-55.87601130761918	0	221.3214238607752
0	-23.49999999999999	0	-55.906485825496986	0	221.24018493159562
0	-23.49999999999999	0	-55.917937276322206	0	221.1769173634047
0	-23.437499999999982	0	-55.951749697158974	0	221.1292315577767
0	-23.437499999999982	0	-55.95687486071299	0	221.11740923876016
0	-23.437499999999982	0	-55.95687486071299	0	221.11740923876016
0	-23.437499999999982	0	-55.95687486071299	0	221.11740923876016
0	-23.437499999999982	0	-55.95541052826899	0	221.12078704419343
0	-23.437499999999982	0	-55.94882103227098	0	221.13598716864328
0	-23.437499999999982	0	-55.94369586871696	0	221.14780948765983
0	-23.437499999999982	0	-55.94369586871696	0	221.14780948765983
0	-23.437499999999982	0	-55.93525135513371	0	221.14414865654982
0	-23.37499999999997	0	-55.943459366477356	0	221.12749421868563
0	-23.312499999999964	0	-55.95588117675267	0	221.14272069674539
0	-23.312499999999964	0	-55.947139418332405	0	221.16300664916537
0	-23.37499999999997	0	-55.9240348063146	0	221.17723318094178
0	-23.37499999999997	0	-55.931338041111495	0	221.16033617713057
0	-23.37499999999997	0	-55.93864127590839	0	221.14343917331936
0	-23.37499999999997	0	-55.94302321678652	0	221.13330097103264
0	-23.37499999999997	0	-55.94617356412703	0	221.13065189375007
0	-23.37499999999997	0	-55.94690388760672	0	221.12896219336895
0	-23.37499999999997	0	-55.94690388760672	0	221.12896219336895
0	-23.37499999999997	0	-55.94690388760672	0	221.12896219336895
0	-23.37499999999997	0	-55.941791623248896	0	221.1407900960368
0	-23.37499999999997	0	-55.935949035411376	0	221.15430769908576
0	-23.37499999999997	0	-55.921614782453794	0	221.1781925578432
0	-23.437499999999982	0	-55.869685366477846	0	221.2220369648974
0	-23.37499999999997	0	-55.829182706472245	0	221.1743019839502
0	-22.93749999999996	0	-55.82393798982609	0	220.9052337426889
0	-22.812499999999993	0	-55.74669193906637	0	220.80455000972538
0	-22.625000000000018	0	-55.69442332866574	0	220.72249656329888
0	-22.5	0	-55.61655147949219	0	220.67002157695498
0	-22.43749999999994	0	-55.52050514510885	0	220.67800999268442
0	-22.43749999999994	0	-55.431853304847316	0	220.71907265663197
0	-22.374999999999932	0	-55.36322628747897	0	220.75238416618424
0	-22.31249999999997	0	-55.268663396258475	0	220.81490692753312
0	-22.31249999999997	0	-55.1463874760694	0	220.88013260712555
0	-22.31249999999997	0	-55.01799861240973	0	220.94085987165317
0	-22.31249999999997	0	-54.851662729673215	0	221.00193230633312
0	-22.249999999999964	0	-54.65565970793138	0	221.05485180031766
0	-22.187499999999954	0	-54.42925537526759	0	221.10947850342663
0	-22.124999999999947	0	-54.015062939607056	0	221.21515353331696
0	-22.124999999999947	0	-53.4995665100175	0	221.33940256635054
0	-22.187499999999954	0	-53.03183121419577	0	221.4668658135093
0	-22.249999999999964	0	-52.56776278180236	0	221.64310838144095
0	-22.374999999999932	0	-51.86786586305813	0	221.94251950328115
0	-22.5	0	-50.80945221044556	0	222.38107178995793
0	-22.562500000000007	0	-50.26449011471805	0	222.55545326681113
0	-22.562500000000007	0	-49.731707604828415	0	222.7487019756419
0	-22.625000000000018	0	-49.25182642738016	0	222.94769768111678
0	-22.625000000000018	0	-48.73214352652272	0	223.14192387292277
0	-22.625000000000018	0	-48.19986082013403	0	223.30896207587793
0	-22.562500000000007	0	-47.576353816683955	0	223.49028024659964
0	-22.562500000000007	0	-46.90553337806794	0	223.70391571659607
0	-22.5	0	-46.30588875447733	0	223.8817688963602
0	-22.5	0	-45.75954118946403	0	224.0559452894198
0	-22.5	0	-45.203352273320384	0	224.19615862224543
0	-22.5	0	-44.62838534032635	0	224.3624653701574
0	-22.5	0	-44.0764022965954	0	224.55024701236766
0	-22.5	0	-43.40839131272568	0	224.77763578292112
0	-22.5	0	-42.795747484120064	0	225.00604151140425
0	-22.5	0	-42.26465576175859	0	225.16262777009672
0	-22.562500000000007	0	-41.65258238189413	0	225.32108507496906
0	-22.562500000000007	0	-41.048584222346015	0	225.52261778670373
0	-22.625000000000018	0	-40.35337821639985	0	225.81334843720063
0	-22.749999999999986	0	-39.21503086552109	0	226.1566721147682
0	-22.812499999999993	0	-38.66856706723419	0	226.3543210364373
0	-22.812499999999993	0	-38.197633143091174	0	226.55763148792497
0	-22.875000000000004	0	-37.66795711086197	0	226.79981785998947
0	-22.93749999999996	0	-37.173078290687506	0	226.97231337297532
0	-23.06249999999998	0	-36.570674178674096	0	227.17027734556916
0	-23.124999999999986	0	-35.96863537332264	0	227.38970473871976
0	-23.187499999999947	0	-35.426301510578476	0	227.63214927212326
0	-23.249999999999954	0	-35.0114257412692	0	227.83270920905585
0	-23.312499999999964	0	-34.50190253763656	0	228.01016424610398
0	-23.37499999999997	0	-33.99919864148241	0	228.1800675726622
0	-23.49999999999999	0	-33.37106455075475	0	228.43916299605445
0	-23.5625	0	-32.80054137606877	0	228.68853638509464
0	-23.5625	0	-32.36342284270632	0	228.85737464305052
0	-23.625000000000007	0	-31.883890403664243	0	229.02549465501608
0	-23.5625	0	-31.485206337490084	0	229.13463306379413
0	-23.5625	0	-31.117712357658334	0	229.26354785052044
0	-23.625000000000007	0	-30.652327344418524	0	229.44991106208306
0	-23.625000000000007	0	-30.168647439426486	0	229.61405983757425
0	-23.5625	0	-29.36266438676337	0	229.7443836315864
0	-23.49999999999999	0	-28.93967370192704	0	229.71687917912942
0	-23.37499999999997	0	-28.590146653222995	0	229.67981377244448
0	-23.312499999999964	0	-28.255027694651307	0	229.67756689310417
0	-23.187499999999947	0	-27.945893333588558	0	229.68703384689533
0	-23.124999999999986	0	-27.54157720395548	0	229.70237205532752
0	-23.06249999999998	0	-27.163400268946504	0	229.7132678058897
0	-23.06249999999998	0	-26.789031680649973	0	229.7279342907088
0	-23.124999999999986	0	-26.448843715729918	0	229.73092307600703
0	-23.124999999999986	0	-26.17207987510471	0	229.72281883890122
0	-23.187499999999947	0	-25.839599595597747	0	229.71672416393167
0	-23.187499999999947	0	-25.57637598326237	0	229.68607847098474
0	-23.187499999999947	0	-25.300580298139536	0	229.63803238972065
0	-23.124999999999986	0	-25.052821113434774	0	229.5641036900089
0	-23.06249999999998	0	-24.775708525897535	0	229.48398399306743
0	-22.999999999999968	0	-24.531900475607955	0	229.4103416223375
0	-22.93749999999996	0	-24.29962579867548	0	229.33788233208682
0	-22.875000000000004	0	-23.939663074819745	0	229.23181681708732
0	-22.812499999999993	0	-23.40945057701803	0	229.06057341089772
0	-22.875000000000004	0	-22.795213480957432	0	228.84752490170052
0	-22.875000000000004	0	-22.519744434239335	0	228.73330173951888
0	-22.93749999999996	0	-22.278510626986762	0	228.6493519014786
0	-22.93749999999996	0	-22.042028813921014	0	228.52329093089278
0	-22.93749999999996	0	-21.752277542610408	0	228.37668578570066
0	-22.93749999999996	0	-21.463504098908874	0	228.23249326826536
0	-22.93749999999996	0	-21.135219563429334	0	228.06358483825213
0	-22.93749999999996	0	-20.85687791336067	0	227.9278045766996
0	-22.93749999999996	0	-20.5999894855678	0	227.77911601122554
0	-22.999999999999968	0	-20.320481679717368	0	227.61062655631935
0	-23.06249999999998	0	-19.961178674404646	0	227.37576943712972
0	-23.06249999999998	0	-19.701531069884624	0	227.1491820163871
0	-23.124999999999986	0	-19.48197526145651	0	226.95749010885876
0	-23.187499999999947	0	-19.27702205609595	0	226.7176556668566
0	-23.249999999999954	0	-19.125251375397035	0	226.50834824989516
0	-23.312499999999964	0	-18.964052044047154	0	226.27466978960942
0	-23.37499999999997	0	-18.824364528363272	0	226.03797112392704
0	-23.437499999999982	0	-18.6498635344998	0	225.719708036733
0	-23.49999999999999	0	-18.462911999605453	0	225.25919686251254
0	-23.5625	0	-18.345771911809702	0	224.90702848304278
0	-23.5625	0	-18.12816091110746	0	224.0429807313932
0	-23.49999999999999	0	-18.091001756153005	0	223.6754053236218
0	-23.49999999999999	0	-18.019741936474272	0	223.3453391043225
0	-23.49999999999999	0	-17.946795169469034	0	222.96837242602084
0	-23.5625	0	-17.83996866825617	0	222.57852954222903
0	-23.5625	0	-17.777697514632035	0	222.14571353121548
0	-23.625000000000007	0	-17.682306450906392	0	221.7304328041122
0	-23.625000000000007	0	-17.646646948998416	0	221.29290941252873
0	-23.625000000000007	0	-17.672016813906776	0	220.87203496583788
0	-23.5625	0	-17.741227523511782	0	220.4140752083269
0	-23.49999999999999	0	-17.81182576920582	0	219.92875921829025
0	-23.437499999999982	0	-17.90926719243169	0	219.4773023118899
0	-23.312499999999964	0	-18.04888537623016	0	219.02805337889887
0	-23.249999999999954	0	-18.188091828429872	0	218.50870934546936
0	-23.06249999999998	0	-18.41264405510028	0	218.04369382509276
0	-22.875000000000004	0	-18.682420725796334	0	217.47380154100173
0	-22.625000000000018	0	-18.947220678479542	0	216.98930811839077
0	-22.43749999999994	0	-19.244977366861846	0	216.30725354445272
0	-22.31249999999997	0	-19.445605161761964	0	215.82420799898856
0	-21.93749999999997	0	-19.950825961887173	0	214.61994014890675
0	-21.749999999999993	0	-20.199978646925622	0	214.07282680159508
0	-21.56249999999997	0	-20.47581356033155	0	213.49854736168922
0	-21.312499999999986	0	-20.792114561568514	0	212.93574902927065
0	-21.12499999999996	0	-21.067599575057326	0	212.4596099957899
0	-20.812500000000018	0	-21.430225922218394	0	211.89569957669443
0	-20.687499999999947	0	-21.670074995047507	0	211.49013693686663
0	-20.312499999999996	0	-22.043307977039785	0	210.9660000069007
0	-20.12499999999997	0	-22.311664650040225	0	210.5659516835735
0	-19.937499999999993	0	-22.62980336003206	0	210.0641165750076
0	-19.62499999999995	0	-22.978566452504204	0	209.59954385819265
0	-19.374999999999964	0	-23.30139209979326	0	209.14469054989428
0	-19.06249999999997	0	-23.699960267763014	0	208.61760974010744
0	-18.68749999999997	0	-24.12137872500551	0	208.11419111348917
0	-18.437499999999986	0	-24.47601074573895	0	207.70408168816354
0	-18.1875	0	-24.98519387108711	0	207.1461688357516
0	-17.999999999999975	0	-25.3336593136548	0	206.77122459450453
0	-17.62499999999997	0	-25.895074177328066	0	206.1781480795591
0	-17.437499999999996	0	-26.26263338975141	0	205.752936397693
0	-16.812499999999957	0	-27.198401995999802	0	204.81154136862966
0	-16.624999999999986	0	-27.600462666907003	0	204.39327347018076
0	-16.31249999999999	0	-28.14742514787127	0	203.80658301060063
0	-16.124999999999964	0	-28.53882403367778	0	203.40196092836197
0	-15.87499999999998	0	-29.000934128488886	0	202.94530750181266
0	-15.749999999999963	0	-29.3461707474676	0	202.62927664064244
0	-15.499999999999977	0	-29.74594626567623	0	202.28304539461607
0	-15.31249999999995	0	-30.140414855327545	0	201.9707605589561
0	-15.187499999999984	0	-30.57117305080021	0	201.683047542739
0	-15.062499999999966	0	-31.050101222150676	0	201.41134058876344
0	-14.937499999999998	0	-31.4735432280491	0	201.17919426796055
0	-14.749999999999973	0	-31.928785942522293	0	200.91603033554958
0	-14.562499999999998	0	-32.456882431991396	0	200.53930178679505
0	-14.374999999999972	0	-32.93779187954809	0	200.26308397270245
0	-14.124999999999986	0	-33.4144067692829	0	200.01802591289186
0	-13.999999999999968	0	-33.83026344919846	0	199.82358303013496
0	-13.812499999999995	0	-34.26172211033138	0	199.63732290588453
0	-13.687499999999977	0	-34.830113146279416	0	199.371927621559
0	-13.49999999999995	0	-35.26114183652235	0	199.0888071223806
0	-13.374999999999982	0	-35.67387282439108	0	198.8782541294187
0	-12.812499999999954	0	-36.65745312431273	0	198.29475846022282
0	-12.624999999999977	0	-37.04902790789281	0	198.0670261390094
0	-12.43749999999995	0	-37.430215759092384	0	197.84719744887835
0	-12.249999999999977	0	-37.807061151036706	0	197.64228893099258
0	-11.999999999999991	0	-38.28726386507147	0	197.38060852702856
0	-11.812499999999964	0	-38.72156843541393	0	197.11747468592696
0	-11.499999999999972	0	-39.16942847993173	0	196.86791102038418
0	-11.249999999999988	0	-39.59043423076664	0	196.60577279966057
0	-10.749999999999968	0	-40.12029974911566	0	196.2893718368441
0	-10.499999999999982	0	-40.535243329543974	0	196.07368188621527
0	-10.187499999999991	0	-40.95638464275104	0	195.86440659145276
0	-9.749999999999979	0	-41.47051467210675	0	195.62309544346542
0	-9.312499999999968	0	-42.02353859218598	0	195.36962685204742
0	-8.999999999999973	0	-42.55915949701365	0	195.12204778162842
0	-8.624999999999973	0	-43.134576509944935	0	194.923664903109
0	-8.374999999999988	0	-43.63949762343789	0	194.815115108007
0	-8.062499999999943	0	-44.16725663200627	0	194.70514018204813
0	-7.750000000000001	0	-44.94359222044151	0	194.60576692703955
0	-7.374999999999948	0	-45.55682765023956	0	194.50242997890743
0	-6.750000000000013	0	-46.76744791797096	0	194.3886041650904
0	-6.37499999999996	0	-47.392748012246926	0	194.34096289719025
0	-6.124999999999975	0	-47.985025981486935	0	194.3299210248242
0	-5.6874999999999645	0	-48.69398008342095	0	194.26084367140692
0	-5.187499999999996	0	-49.37902839573048	0	194.172248767018
0	-4.875000000000002	0	-50.0175517013047	0	194.174298867452
0	-4.624999999999967	0	-50.544514531750316	0	194.190527458975
0	-4.187500000000007	0	-51.23141929951642	0	194.18265284908406
0	-3.8749999999999627	0	-51.81319539123194	0	194.19001300682024
0	-3.4375000000000027	0	-52.42570952566121	0	194.15393797364672
0	-3.1249999999999583	0	-53.041010159582484	0	194.17763094719373
0	-2.687499999999947	0	-53.77748018013849	0	194.207560368929
0	-2.375000000000005	0	-54.37929681169562	0	194.23920759549733
0	-1.9374999999999432	0	-55.09818314025904	0	194.28651263453867
0	-1.6250000000000007	0	-55.65165428638802	0	194.33099469686283
0	-1.3124999999999565	0	-56.183436221416464	0	194.42166615736176
0	-0.9374999999999544	0	-56.70282497127767	0	194.47352800783548
0	-0.49999999999999434	0	-57.50649054893825	0	194.61579388520875
0	-0.249999999999959	0	-58.067706116908525	0	194.76495521593745
0	0.2500000000000099	0	-59.22926054367815	0	195.15818783257907
0	0.5000000000000098	0	-59.85128311178147	0	195.41360443472885
0	0.6875000000000098	0	-60.41154105816368	0	195.72310206415597
0	0.8750000000000099	0	-60.91416785567905	0	196.0611154477984
0	1.0000000000000098	0	-61.61793312740356	0	196.52906982615534
0	1.1250000000000098	0	-62.16040829254939	0	196.85506814410883
0	1.1875000000000098	0	-62.668395193685654	0	197.19606491331865
0	1.1875000000000098	0	-63.12354287595242	0	197.5695941237609
0	1.1875000000000098	0	-63.76493211100098	0	198.13442705097455
0	1.1875000000000098	0	-64.23970437136042	0	198.56646698443606
0	1.1875000000000098	0	-64.660266291398	0	198.95912483836776
0	1.1875000000000098	0	-65.0741244533532	0	199.29484530916997
0	1.2500000000000098	0	-65.52539637510775	0	199.63469217220526
0	1.3750000000000098	0	-66.06293977511173	0	200.01002890421535
0	1.4375000000000095	0	-66.59867844743623	0	200.3702429508276
0	1.5625000000000098	0	-67.07205913314456	0	200.62222544027844
0	1.6250000000000098	0	-67.56297281609409	0	200.9819893700438
0	1.6875000000000098	0	-68.24319544190948	0	201.5161258952448
0	1.75000000000001	0	-68.81292660710093	0	202.02897249400542
0	1.8750000000000098	0	-69.91659886354968	0	202.89686620259283
0	1.8750000000000098	0	-70.37996280593572	0	203.32372036936297
0	1.9375000000000098	0	-70.90721581417888	0	203.83619343404155
0	1.9375000000000098	0	-71.5222061380758	0	204.37530543635725
0	2.0000000000000098	0	-72.05584333401265	0	204.78385352475055
0	2.0625000000000098	0	-72.5093923248966	0	205.1523542998874
0	2.0625000000000098	0	-72.90673314120406	0	205.54696226969716
0	2.1250000000000098	0	-73.42954016210616	0	205.9879367604433
0	2.2500000000000098	0	-74.07935425879259	0	206.45399455313031
0	2.2500000000000098	0	-74.57226477945304	0	206.90254613806718
0	2.3125000000000098	0	-75.03171578683403	0	207.3333703987758
0	2.3125000000000098	0	-75.51127478876204	0	207.7579933476222
0	2.3125000000000098	0	-76.04809182462733	0	208.23188782770555
0	2.3125000000000098	0	-76.6023712563525	0	208.7732413885056
0	2.3125000000000098	0	-76.99217701856595	0	209.21070019905468
0	2.3125000000000098	0	-77.41648341016393	0	209.63571211850748
0	2.2500000000000098	0	-77.82983055134922	0	210.07278755967462
0	2.2500000000000098	0	-78.54301869333747	0	210.8295423338913
0	2.1875000000000098	0	-78.94133931735165	0	211.31736126739486
0	2.1875000000000098	0	-79.85729870327356	0	212.38948751564774
0	2.2500000000000098	0	-80.20257703501422	0	212.78475184227818
0	2.3125000000000098	0	-80.5556309756963	0	213.22724179204127
0	2.3125000000000098	0	-80.89484585346561	0	213.73490785639842
0	2.3125000000000098	0	-81.17266089605064	0	214.1363590512393
0	2.2500000000000098	0	-81.69487061684703	0	214.98887861142154
0	2.2500000000000098	0	-81.98704867206726	0	215.5797973929363
0	2.1875000000000098	0	-82.23854643134715	0	216.17269882175725
0	2.1250000000000098	0	-82.39983939250547	0	216.78393362285613
0	2.0000000000000098	0	-82.49630838274594	0	217.40891929623885
0	1.9375000000000098	0	-82.57538107916692	0	218.04365243962144
0	1.8750000000000098	0	-82.60297162590656	0	218.59541324482805
0	1.8750000000000098	0	-82.7783804667198	0	219.28401562321446
0	1.8125000000000102	0	-82.79083697788754	0	219.84179114326435
0	1.8125000000000102	0	-82.76273784386706	0	220.46701608029477
0	1.75000000000001	0	-82.68424922231623	0	221.0220399972869
0	1.75000000000001	0	-82.57945856538518	0	221.81162017128875
0	1.6875000000000098	0	-82.48262831736443	0	222.44626822990452
0	1.56250000000001	0	-82.09394955456159	0	223.838226321135
0	1.56250000000001	0	-81.92394420235719	0	224.35663144674518
0	1.56250000000001	0	-81.75591246696575	0	224.81237304100185
0	1.56250000000001	0	-81.56615097385166	0	225.28159760093982
0	1.56250000000001	0	-81.2841007518937	0	225.81042488064796
0	1.6250000000000098	0	-80.96268195282477	0	226.23006430206237
0	1.6250000000000098	0	-80.61047820735313	0	226.60283499774027
0	1.6250000000000098	0	-80.19863643704004	0	227.0804225589293
0	1.6875000000000098	0	-79.84112697829548	0	227.51069695699388
0	1.6250000000000098	0	-79.4081105431304	0	227.9540317763339
0	1.6250000000000098	0	-78.9370352205729	0	228.35595600992932
0	1.56250000000001	0	-78.47550039221888	0	228.78485128674163
0	1.4375000000000098	0	-78.00450885042179	0	229.29778750158445
0	1.37500000000001	0	-77.51227354671215	0	229.7313972935733
0	1.25000000000001	0	-77.06292248625742	0	230.07841409533307
0	1.18750000000001	0	-76.62094052389104	0	230.354681572353
0	1.0625000000000098	0	-75.92599966344704	0	230.87966199106964
0	1.00000000000001	0	-75.47654910724651	0	231.19509939932996
0	1.00000000000001	0	-75.08207662411134	0	231.48366671628983
0	1.00000000000001	0	-74.11822023017545	0	232.06017232584134
0	1.00000000000001	0	-73.58903811038483	0	232.33083937743393
0	1.0625000000000098	0	-73.12515247604108	0	232.6173107956904
0	1.12500000000001	0	-72.76974687660478	0	232.8782292748596
0	1.12500000000001	0	-72.36479007276309	0	233.1641925131069
0	1.18750000000001	0	-71.90398247779389	0	233.38534241653807
0	1.25000000000001	0	-71.44186518515632	0	233.62175838468747
0	1.31250000000001	0	-71.0783519147531	0	233.80671115484938
0	1.37500000000001	0	-70.71668007797527	0	233.98281448067183
0	1.37500000000001	0	-70.31138471061173	0	234.20429306002035
0	1.4375000000000098	0	-69.90929434871781	0	234.37628585113373
0	1.4375000000000098	0	-69.45933721738434	0	234.56987153184505
0	1.37500000000001	0	-69.0796346317126	0	234.7301087084334
0	1.31250000000001	0	-68.74125302722766	0	234.85583827358667
0	1.25000000000001	0	-68.38464028415531	0	234.99448193863634
0	1.18750000000001	0	-68.04084351532174	0	235.13615006339273
0	1.00000000000001	0	-67.58911358370115	0	235.37457139315012
0	0.87500000000001	0	-67.28708718470838	0	235.55434946357192
0	0.68750000000001	0	-66.95663582865281	0	235.74833348197177
0	0.1875000000000099	0	-66.16406573790672	0	236.04281785901088
0	9.914385296124557E-15	0	-65.79733325639553	0	236.10397124992267
0	-0.12500000000000774	0	-65.41269260992931	0	236.10892709003505
0	-0.24999999999997452	0	-65.09799092494083	0	236.1078266438752
0	-0.31249999999998335	0	-64.80637419098701	0	236.07323806210275
0	-0.3749999999999922	0	-64.50375896757915	0	236.03641835041387
0	-0.437500000000001	0	-64.23258682221338	0	235.97925926031013
0	-0.5625000000000187	0	-63.95857167818801	0	235.9437064883059
0	-0.6250000000000275	0	-63.728098784222254	0	235.88426133621866
0	-0.7499999999999943	0	-63.498103233912744	0	235.8796823408653
0	-0.8125000000000032	0	-63.30080215057427	0	235.83283764933094
0	-0.9374999999999699	0	-63.073524748134105	0	235.75575100668425
0	-0.9999999999999788	0	-62.87965215571838	0	235.6144243498378
0	-0.9999999999999788	0	-62.71166644595396	0	235.42922747097285
0	-0.9374999999999699	0	-62.55996716136757	0	235.21857355607816
0	-0.875000000000012	0	-62.418567537272516	0	235.03770185355015
0	-0.875000000000012	0	-62.23508825488386	0	234.8765743283326
0	-0.875000000000012	0	-61.95490248811028	0	234.65874007389638
0	-0.875000000000012	0	-61.756698707368514	0	234.497387664091
0	-0.875000000000012	0	-61.54982621605219	0	234.30092401782957
0	-0.8125000000000032	0	-61.1548233132558	0	233.8551969358234
0	-0.8125000000000032	0	-60.915806712432506	0	233.57382199291723
0	-0.8125000000000032	0	-60.75294644598699	0	233.37452941021746
0	-0.8125000000000032	0	-60.58474712365864	0	233.16227437603152
0	-0.8125000000000032	0	-60.421860754397976	0	232.9648223851947
0	-0.8125000000000032	0	-60.20451361088783	0	232.71321014587764
0	-0.8125000000000032	0	-59.9976879622525	0	232.49856636071067
0	-0.8125000000000032	0	-59.756204302002715	0	232.2613395197004
0	-0.8125000000000032	0	-59.50777591934345	0	231.9945587976222
0	-0.8125000000000032	0	-59.27593896626597	0	231.72617240901735
0	-0.8125000000000032	0	-59.08062671948103	0	231.47855458720798
0	-0.8125000000000032	0	-58.794381197784354	0	231.15232676639704
0	-0.8125000000000032	0	-58.54571788978877	0	230.90211137108545
0	-0.8125000000000032	0	-58.2478545549811	0	230.6162199543687
0	-0.8125000000000032	0	-58.00097963321818	0	230.36971184559818
0	-0.8125000000000032	0	-57.77598299128958	0	230.1382417055131
0	-0.8125000000000032	0	-57.47937259160898	0	229.76400187937435
0	-0.8125000000000032	0	-57.29717941320107	0	229.50000145050439
0	-0.875000000000012	0	-57.091705291117705	0	229.23742045007583
0	-0.9374999999999699	0	-56.8918826973785	0	228.9857493744913
0	-1.0624999999999876	0	-56.49199196860473	0	228.4999259005576
0	-1.1249999999999964	0	-56.26922917743481	0	228.2379299366681
0	-1.2499999999999631	0	-56.047267903510686	0	227.9847978214563
0	-1.312499999999972	0	-55.844262557923045	0	227.69857094954622
0	-1.312499999999972	0	-55.670870775626	0	227.3907903873896
0	-1.312499999999972	0	-55.45091117760079	0	226.94568964693644
0	-1.312499999999972	0	-55.23772246218197	0	226.52652167761318
0	-1.312499999999972	0	-55.064429921220466	0	226.1340454280261
0	-1.312499999999972	0	-54.8985556337499	0	225.65888244024615
0	-1.2499999999999631	0	-54.75227768327083	0	225.11607951618433
0	-1.1249999999999964	0	-54.6625363090569	0	224.5561868268518
0	-1.0624999999999876	0	-54.611464315356336	0	224.13165275911726
0	-0.9374999999999699	0	-54.58899206679461	0	223.6136896357425
0	-0.875000000000012	0	-54.58518883388875	0	223.1440434338827
0	-0.8125000000000032	0	-54.59982134681356	0	222.64153313864193
0	-0.7499999999999943	0	-54.60280576084603	0	222.14254373521402
0	-0.7499999999999943	0	-54.57126608982582	0	221.3173921293687
0	-0.7499999999999943	0	-54.57137307084275	0	220.7467037843585
0	-0.6250000000000275	0	-54.60457044946985	0	220.13562471485227
0	-0.3749999999999922	0	-54.745314859407834	0	218.50509928759482
0	-0.3749999999999922	0	-54.79747508912238	0	217.84826923532577
0	-0.3749999999999922	0	-54.8457369839222	0	217.22454836285843
0	-0.3749999999999922	0	-54.896849057566726	0	216.72786247474968
0	-0.3749999999999922	0	-54.97578905387407	0	216.19822402786124
0	-0.3749999999999922	0	-55.13070529484248	0	215.59176856377897
0	-0.437500000000001	0	-55.2856202985036	0	215.0389991514838
0	-0.5000000000000098	0	-55.424403157286385	0	214.51202480690216
0	-0.5625000000000187	0	-55.539944271719584	0	213.97024144874027
0	-0.6250000000000275	0	-55.663567489814874	0	213.41393911131362
0	-0.6250000000000275	0	-55.81516466057071	0	212.84859981305848
0	-0.6250000000000275	0	-55.95036990474169	0	212.43587527645704
0	-0.6874999999999855	0	-56.057959146958396	0	212.07464437739884
0	-0.6874999999999855	0	-56.1670945361448	0	211.7243402620804
0	-0.7499999999999943	0	-56.21977886135433	0	211.3698667585138
0	-0.7499999999999943	0	-56.35742628995316	0	210.83963854450946
0	-0.6874999999999855	0	-56.49119205878986	0	210.42690368711777
0	-0.6874999999999855	0	-56.626339429282794	0	210.05666170397544
0	-0.6874999999999855	0	-57.09897253433788	0	209.32965119711733
0	-0.8125000000000032	0	-57.27420417018358	0	209.11333662292142
0	-0.9374999999999699	0	-57.44269980214015	0	208.88439987513303
0	-0.9999999999999788	0	-57.622125491108434	0	208.65017230386042
0	-1.0624999999999876	0	-57.833726887788536	0	208.37806972557922
0	-1.0624999999999876	0	-58.08257278623242	0	208.0641757084612
0	-1.0624999999999876	0	-58.33840505644452	0	207.77066329081524
0	-1.0624999999999876	0	-58.63131960470638	0	207.46310986235636
0	-1.0624999999999876	0	-58.89611524168683	0	207.18265133603194
0	-1.0624999999999876	0	-59.136575289194965	0	206.92383459777682
0	-0.9999999999999788	0	-59.426107652483815	0	206.56974670130833
0	-0.875000000000012	0	-59.742379129126164	0	206.21163242410952
0	-0.8125000000000032	0	-60.002178530730106	0	205.91510436778705
0	-0.8125000000000032	0	-60.217135549678865	0	205.6861916167962
0	-0.7499999999999943	0	-60.48491489270286	0	205.4483988083077
0	-0.8125000000000032	0	-60.75737703774002	0	205.2204384999465
0	-0.875000000000012	0	-61.086581591935555	0	204.8960660346453
0	-0.8125000000000032	0	-61.34767945603187	0	204.63269363077177
0	-0.8125000000000032	0	-61.627970788714315	0	204.34027376310755
0	-0.7499999999999943	0	-62.38086089818479	0	203.6798946467805
0	-0.6874999999999855	0	-62.69642016511765	0	203.42950000223502
0	-0.6874999999999855	0	-62.98465765041182	0	203.18811781021816
0	-0.6874999999999855	0	-63.26748363845401	0	202.9374661344275
0	-0.5625000000000187	0	-63.60113118228777	0	202.6422517006609
0	-0.437500000000001	0	-63.90277531721239	0	202.35159305045696
0	-0.3749999999999922	0	-64.17297926920783	0	202.07710340121545
0	-0.24999999999997452	0	-64.75236213716649	0	201.61949628135133
0	-0.31249999999998335	0	-64.98770578817766	0	201.43315465578272
0	-0.3749999999999922	0	-65.25095197976745	0	201.22700222404248
0	-0.3749999999999922	0	-65.53599176792595	0	200.98956170328321
0	-0.31249999999998335	0	-65.7962426073444	0	200.7736304164852
0	-0.31249999999998335	0	-66.02760132180101	0	200.54295095004403
0	-0.31249999999998335	0	-66.31073194021876	0	200.27021535885285
0	-0.3749999999999922	0	-66.60367088848801	0	200.00903290876954
0	-0.5000000000000098	0	-66.82000817720554	0	199.80317983589154
0	-0.5625000000000187	0	-67.1089107145811	0	199.46007066092224
0	-0.6250000000000275	0	-67.33310538623292	0	199.19204303711624
0	-0.6250000000000275	0	-67.59879722418962	0	198.7991508095964
0	-0.5000000000000098	0	-67.96007559899682	0	198.19639801204661
0	-0.437500000000001	0	-68.14743904883237	0	197.95286246652228
0	-0.437500000000001	0	-68.3202005520526	0	197.7480086387298
0	-0.437500000000001	0	-68.47257354220747	0	197.5614074310943
0	-0.437500000000001	0	-68.64886187932989	0	197.3768296707952
0	-0.3749999999999922	0	-68.81514922277795	0	197.1973821028067
0	-0.31249999999998335	0	-68.96458964012716	0	197.02870723147666
0	-0.1874999999999657	0	-69.16304580671151	0	196.8247585835334
0	-0.0624999999999989	0	-69.39243006253469	0	196.60568559616408
0	0.1250000000000276	0	-69.65020165871901	0	196.35621401466977
0	0.3125000000000276	0	-69.86108654371176	0	196.15217060695738
0	0.3750000000000276	0	-70.0325664600041	0	196.01469181366156
0	0.43750000000002764	0	-70.18916048211774	0	195.87529774263137
0	0.5000000000000275	0	-70.37489704439855	0	195.71154633155487
0	0.5625000000000275	0	-70.5421042115508	0	195.55513601886227
0	0.6250000000000275	0	-70.70909247125613	0	195.39302128397512
0	0.6875000000000275	0	-70.9304364079931	0	195.1601157204233
0	0.8125000000000275	0	-71.10521908700916	0	194.96958792226295
0	1.0000000000000278	0	-71.36479290078309	0	194.7271566183588
0	1.1250000000000275	0	-71.57701401836334	0	194.52387602719415
0	1.3750000000000275	0	-71.88136449926711	0	194.21037983898694
0	1.5625000000000278	0	-72.04070673602293	0	194.04173759487327
0	1.7500000000000278	0	-72.18149459731232	0	193.88969917649126
0	1.9375000000000273	0	-72.32964499119305	0	193.75535282924184
0	2.0000000000000275	0	-72.41310267710622	0	193.68967756968942
0	2.1875000000000275	0	-72.51388813147992	0	193.5896302973
0	2.3125000000000275	0	-72.58532759326665	0	193.52936240217903
0	2.4375000000000275	0	-72.65358953697911	0	193.48565028838527
0	2.5000000000000275	0	-72.72588619040125	0	193.47498715993663
0	2.3750000000000275	0	-72.76229145578468	0	193.58429069811743
0	2.3125000000000275	0	-72.78637964644504	0	193.65161851399506
0	2.1875000000000275	0	-72.76489533368427	0	193.7079751226439
0	2.1875000000000275	0	-72.7501798495917	0	193.70853721938832
0	2.2500000000000275	0	-72.74349821262254	0	193.70313670440584
0	2.3125000000000275	0	-72.74805714193734	0	193.70281613801447
0	2.2500000000000275	0	-72.72425718082475	0	193.72783620653388
0	2.2500000000000275	0	-72.72425718082475	0	193.72783620653388
0	2.2500000000000275	0	-72.72425718082475	0	193.72783620653388
0	2.2500000000000275	0	-72.72469079220714	0	193.73887235317278
0	2.2500000000000275	0	-72.71069861565927	0	193.75784407941413
0	2.2500000000000275	0	-72.70885925788612	0	193.75791634797787
0	2.2500000000000275	0	-72.70885925788612	0	193.75791634797787
0	2.3125000000000275	0	-72.72516893863441	0	193.72764488876246
0	2.3125000000000275	0	-72.72464901399549	0	193.71476994384008
0	2.3125000000000275	0	-72.72442618915024	0	193.70925211030192
0	2.3125000000000275	0	-72.72442618915024	0	193.70925211030192
0	2.3125000000000275	0	-72.72450046409865	0	193.71109138814796
0	2.3125000000000275	0	-72.72171320778754	0	193.73331127219745
0	2.3125000000000275	0	-72.72230740737488	0	193.74802549496587
0	2.3125000000000275	0	-72.7207652293225	0	193.7554568812985
0	2.3125000000000275	0	-72.72113660406458	0	193.76465327052878
0	2.3125000000000275	0	-72.71569304547484	0	193.76671537322008
0	2.3125000000000275	0	-72.709878112143	0	193.75958108668115
0	2.3125000000000275	0	-72.7094324624525	0	193.7485454196048
0	2.3125000000000275	0	-72.70913536265883	0	193.74118830822061
0	2.3125000000000275	0	-72.70898681276199	0	193.7375097525285
0	2.2500000000000275	0	-72.70519094341988	0	193.75621727965566
0	2.2500000000000275	0	-72.72232331188808	0	193.77028172476727
0	2.2500000000000275	0	-72.72232331188808	0	193.77028172476727
0	2.3125000000000275	0	-72.73926535147386	0	193.75656518515598
0	2.3125000000000275	0	-72.74376093159856	0	193.77664869156575
0	2.2500000000000275	0	-72.74279607621096	0	193.81919349462413
0	2.2500000000000275	0	-72.74315741902963	0	193.82839028348985
0	2.2500000000000275	0	-72.74395237323068	0	193.8486232189945
0	2.2500000000000275	0	-72.7451086702504	0	193.87805294336488
0	2.2500000000000275	0	-72.72375906260994	0	193.89731374386116
0	2.2500000000000275	0	-72.71441773661674	0	193.89399637113354
0	2.2500000000000275	0	-72.70767109771384	0	193.8629440946812
0	2.3125000000000275	0	-72.71599130824043	0	193.81641481565532
0	2.3750000000000275	0	-72.73255703250713	0	193.7934830144444
0	2.3750000000000275	0	-72.73270959499658	0	193.79716140590514
0	2.3750000000000275	0	-72.73408265740156	0	193.83026692905202
0	2.3750000000000275	0	-72.74104958824239	0	193.8649828041951
0	2.3750000000000275	0	-72.74311762770694	0	193.87042411014153
0	2.4375000000000275	0	-72.75958405245964	0	193.84563497432958
0	2.4375000000000275	0	-72.75942747755913	0	193.8419567514771
0	2.4375000000000275	0	-72.75942747755913	0	193.8419567514771
0	2.4375000000000275	0	-72.75919261520836	0	193.83643941719845
0	2.4375000000000275	0	-72.75919261520836	0	193.83643941719845
0	2.4375000000000275	0	-72.75927090265861	0	193.83827852862467
0	2.4375000000000275	0	-72.75934919010886	0	193.84011764005086
0	2.4375000000000275	0	-72.75927090265861	0	193.83827852862467
0	2.4375000000000275	0	-72.75872289050682	0	193.8254047486411
0	2.4375000000000275	0	-72.75817487835502	0	193.8125309686575
0	2.4375000000000275	0	-72.76330077538242	0	193.80310054917558
0	2.3750000000000275	0	-72.74786820565096	0	193.80756180107664
0	2.3750000000000275	0	-72.7469528307143	0	193.78549145231207
0	2.3750000000000275	0	-72.74519836208573	0	193.7431899505133
0	2.3750000000000275	0	-72.74336761221244	0	193.69904925298417
0	2.3750000000000275	0	-72.74085033113666	0	193.6383557938816
0	2.3750000000000275	0	-72.73664641681994	0	193.5814170074845
0	2.3750000000000275	0	-72.73113727548588	0	193.5374288724448
0	2.3125000000000275	0	-72.7117468094632	0	193.49229155381306
0	2.1875000000000275	0	-72.68082981765488	0	193.45690337742968
0	2.125000000000027	0	-72.6366222914425	0	193.33894760099108
0	2.1875000000000275	0	-72.63069493499472	0	193.20087893602275
0	2.1875000000000275	0	-72.61396709238787	0	193.05230623214388
0	2.2500000000000275	0	-72.6217131283541	0	192.84001325553925
0	2.3125000000000275	0	-72.619188049697	0	192.60601010423
0	2.3125000000000275	0	-72.5974001109646	0	192.38581668734247
0	2.3750000000000275	0	-72.5841229632207	0	192.11908939599465
0	2.3750000000000275	0	-72.52281053977231	0	191.75131808530614
0	2.3750000000000275	0	-72.46348142868666	0	191.43136586360748
0	2.3750000000000275	0	-72.38147171887869	0	191.09761545100247
0	2.3750000000000275	0	-72.29195266365974	0	190.76049177191555
0	2.3750000000000275	0	-72.1956192400894	0	190.39233060914634
0	2.4375000000000275	0	-72.12572815438112	0	190.00825694822177
0	2.4375000000000275	0	-72.02750572512042	0	189.60525797083685
0	2.5000000000000275	0	-71.95023757831488	0	189.14233594847062
0	2.5625000000000275	0	-71.89922571472611	0	188.61565190621556
0	2.5625000000000275	0	-71.84313493399607	0	188.1446089812348
0	2.6875000000000275	0	-71.80595099351234	0	187.44582262029977
0	2.7500000000000275	0	-71.70608918259431	0	186.73543960777783
0	2.812500000000027	0	-71.50202735932412	0	185.94178326128733
0	2.875000000000027	0	-71.37324077221264	0	185.50577227120112
0	3.000000000000027	0	-71.27090369687987	0	185.06478734000868
0	3.062500000000027	0	-71.12937907041598	0	184.62427512622338
0	3.187500000000027	0	-71.01909671122823	0	184.20058209288064
0	3.312500000000027	0	-70.90789026042	0	183.7771306664457
0	3.312500000000027	0	-70.76389923014864	0	183.3281879711596
0	3.312500000000027	0	-70.65052873919998	0	182.96229045359937
0	3.312500000000027	0	-70.54059140159741	0	182.62385209415677
0	3.2500000000000275	0	-70.42183317122864	0	182.3136093290971
0	3.187500000000027	0	-70.28397050806153	0	181.98588372880468
0	3.062500000000027	0	-70.12270337309674	0	181.6832516264697
0	3.000000000000027	0	-69.96756335503134	0	181.3228589626215
0	2.9375000000000275	0	-69.81458674838946	0	180.9953839464665
0	2.875000000000027	0	-69.63082601569056	0	180.60111176947964
0	2.812500000000027	0	-69.47903587989764	0	180.2824955808402
0	2.875000000000027	0	-69.35814923275898	0	179.89585134752306
0	2.9375000000000275	0	-69.19100956007505	0	179.36423544352027
0	3.062500000000027	0	-69.02675617464884	0	178.76074401435207
0	3.125000000000027	0	-68.92034063164652	0	178.3663747692004
0	3.062500000000027	0	-68.68102091979802	0	177.62720599112643
0	3.000000000000027	0	-68.5102672921897	0	177.14966048241837
0	2.9375000000000275	0	-68.32374650651673	0	176.74649258516249
0	2.875000000000027	0	-68.11435169465786	0	176.32033209804317
0	2.7500000000000275	0	-67.8637128448922	0	175.8627093287622
0	2.6875000000000275	0	-67.62524214920194	0	175.3783266428509
0	2.625000000000027	0	-67.19586489818325	0	174.53391859880927
0	2.5625000000000275	0	-67.00744583067754	0	174.11131564565738
0	2.5625000000000275	0	-66.83640736139013	0	173.6656858929653
0	2.5000000000000275	0	-66.5900436451931	0	173.09434055623953
0	2.3750000000000275	0	-66.3459838370602	0	172.59256488518898
0	2.1875000000000275	0	-66.08976690043106	0	172.11460994409063
0	1.9375000000000273	0	-65.74722839736438	0	171.63867692269366
0	1.6875000000000273	0	-65.38009669015271	0	171.13810007401244
0	1.5000000000000275	0	-65.04906133868063	0	170.61502223335094
0	1.3125000000000275	0	-64.71345973771254	0	170.06523067564854
0	1.0625000000000273	0	-64.24113174965225	0	169.35101388244848
0	0.8125000000000273	0	-63.730826676392155	0	168.52855408258034
0	0.6875000000000273	0	-63.24752654372267	0	167.79090592466824
0	0.6875000000000273	0	-62.94770782403949	0	167.19804899532545
0	0.6875000000000273	0	-62.35126575496427	0	165.97179678476144
0	0.6875000000000273	0	-62.018587888222854	0	165.24862958340944
0	0.8125000000000273	0	-61.63346110908516	0	164.4658943675074
0	0.8750000000000274	0	-61.230239558726616	0	163.83125276782982
0	1.0000000000000275	0	-60.84478864298315	0	162.93928065887545
0	1.0625000000000273	0	-60.25757085304312	0	161.87668001438843
0	1.1250000000000275	0	-59.77190895144641	0	161.10912502143017
0	1.3125000000000275	0	-59.29725314074633	0	160.291041651004
0	1.3750000000000273	0	-58.903745784374294	0	159.59881421920588
0	1.5625000000000275	0	-58.46915307786334	0	158.75583972769346
0	1.6875000000000273	0	-57.869151906942136	0	157.81563330174245
0	1.8750000000000273	0	-57.43535151731765	0	156.899354765696
0	2.0000000000000275	0	-56.99505954250657	0	156.11323879948498
0	2.1875000000000275	0	-56.46293357789068	0	155.1015906583361
0	2.2500000000000275	0	-55.83721194144815	0	154.24915508322417
0	2.4375000000000275	0	-55.368490751448746	0	153.33275673158494
0	2.5625000000000275	0	-54.69340909758324	0	152.1281529942763
0	2.812500000000027	0	-54.08718248910348	0	151.0332036338551
0	2.9375000000000275	0	-53.61500431186568	0	150.12266700514957
0	3.062500000000027	0	-52.88752975710532	0	148.70872206869333
0	3.125000000000027	0	-52.52318270689513	0	148.0002892955097
0	3.125000000000027	0	-52.03946835867746	0	147.17683607800302
0	3.125000000000027	0	-51.59632806732408	0	146.42122138725256
0	3.125000000000027	0	-51.17029539218378	0	145.6075236272735
0	3.125000000000027	0	-50.75525919808093	0	144.82640883619018
0	3.187500000000027	0	-50.30035200723284	0	143.99063319495318
0	3.187500000000027	0	-49.93104411706391	0	143.35118064033225
0	3.187500000000027	0	-49.54457185644244	0	142.63525154069785
0	3.187500000000027	0	-49.16156630380384	0	141.88225679687906
0	3.187500000000027	0	-48.810010254039625	0	141.13119789383296
0	3.125000000000027	0	-48.45822181013275	0	140.43894421326618
0	3.062500000000027	0	-48.003224653606594	0	139.70025410713328
0	3.000000000000027	0	-47.59138177819067	0	138.99387141536195
0	2.9375000000000275	0	-47.27852942921581	0	138.29674539974894
0	2.875000000000027	0	-46.91729703091411	0	137.54092434425206
0	2.625000000000027	0	-46.3557206056552	0	136.60535861834092
0	2.5000000000000275	0	-45.99572100981608	0	136.01516269949173
0	2.3125000000000275	0	-45.492551792504514	0	135.1276681621736
0	2.062500000000027	0	-45.06145009973487	0	134.50828362741996
0	1.6875000000000273	0	-44.30503447359963	0	133.17978605736
0	1.5625000000000275	0	-43.86487849518789	0	132.47942635960143
0	1.4375000000000273	0	-43.40936448715564	0	131.76748379371833
0	1.3750000000000273	0	-42.97565231215981	0	130.91998344470286
0	1.2500000000000275	0	-42.59420487028332	0	130.13318207391387
0	1.1875000000000275	0	-42.327260720886585	0	129.4502550459597
0	1.0625000000000273	0	-41.99573820222661	0	128.8804195179045
0	0.9375000000000273	0	-41.587403788408295	0	128.1859509780785
0	0.7500000000000274	0	-41.1586123392815	0	127.48691037920092
0	0.6250000000000274	0	-40.848803704972575	0	126.96591507317466
0	0.4375000000000274	0	-40.56215914062806	0	126.41259400812325
0	0.1875000000000274	0	-40.3012082733832	0	125.82496402103466
0	-0.062499999999957055	0	-40.07009820261936	0	125.19205377929008
0	-0.3124999999999415	0	-39.77486446709023	0	124.36818071361051
0	-0.5624999999999768	0	-39.496137268335026	0	123.5210644847717
0	-0.7499999999999525	0	-39.23793910762753	0	122.62710028073407
0	-0.9999999999999369	0	-39.062762051360004	0	122.04467704918402
0	-1.2499999999999214	0	-38.92812450634869	0	121.51203501281765
0	-1.5624999999999656	0	-38.60523125507262	0	120.49853102401386
0	-1.7499999999999412	0	-38.42131385539916	0	119.91874298844971
0	-1.874999999999959	0	-38.24230413776776	0	119.220659354157
0	-2.0624999999999343	0	-38.05619905165306	0	118.57153262903692
0	-2.124999999999943	0	-37.93150836191885	0	117.94995922452976
0	-2.124999999999943	0	-37.8073462051011	0	117.37431860798664
0	-2.187499999999952	0	-37.60529787627588	0	116.72015493611872
0	-2.187499999999952	0	-37.43278896073477	0	116.07619220515845
0	-2.187499999999952	0	-37.30937008616948	0	115.40094644940933
0	-2.249999999999961	0	-37.15156928776295	0	114.71511374411078
0	-2.187499999999952	0	-36.996369998245456	0	114.0182559296283
0	-2.124999999999943	0	-36.70119930437283	0	113.11377802772623
0	-2.0624999999999343	0	-36.449524308483184	0	112.39542116561229
0	-2.0624999999999343	0	-36.149041584993334	0	111.63491800106542
0	-1.9999999999999256	0	-35.75555368419532	0	110.7461407304949
0	-1.874999999999959	0	-35.31877023716186	0	109.85673994956831
0	-1.7499999999999412	0	-34.859230177642225	0	108.98423273800374
0	-1.5624999999999656	0	-34.46248153573321	0	108.21433526094572
0	-1.0624999999999458	0	-33.75794226776764	0	106.80300071201512
0	-0.8749999999999701	0	-33.38423098432843	0	106.07891263257234
0	-0.5624999999999769	0	-33.012899349914846	0	105.28858234387772
0	-0.24999999999993278	0	-32.59877539253812	0	104.4890770570642
0	-0.12499999999996599	0	-32.13914741630618	0	103.82880815545892
0	5.168401357378215E-14	0	-31.753182440088487	0	103.25421851051027
0	0.18750000000005165	0	-31.45026583168083	0	102.69521354919334
0	0.3125000000000517	0	-31.064785939386304	0	102.06013109398744
0	0.43750000000005174	0	-30.681651068486964	0	101.44058916148083
0	0.6250000000000516	0	-30.241537192975432	0	100.79148047312466
0	0.8125000000000516	0	-29.919867621734426	0	100.26360658082122
0	1.0000000000000517	0	-29.570859190573525	0	99.58258974824939
0	1.1875000000000517	0	-29.220511505532276	0	98.96529881097136
0	1.4375000000000517	0	-28.760515462732936	0	98.31343347656302
0	1.6250000000000515	0	-28.43115187271474	0	97.77913200548187
0	1.8750000000000515	0	-27.99362532082572	0	96.96967271982768
0	2.1250000000000515	0	-27.440477736403107	0	96.10550432609705
0	2.312500000000052	0	-26.971897651905667	0	95.5142367398468
0	2.375000000000052	0	-26.63725252071206	0	95.08581455289708
0	2.437500000000052	0	-26.288003798494103	0	94.62703795074646
0	2.562500000000052	0	-25.640075951070614	0	93.63864600347743
0	2.6250000000000515	0	-25.295639323920536	0	93.15677022349055
0	2.6250000000000515	0	-24.827254366802997	0	92.58673417487117
0	2.6250000000000515	0	-24.51321143767798	0	92.12755548545216
0	2.6250000000000515	0	-24.24788997343602	0	91.64587324835387
0	2.6250000000000515	0	-24.00235840534446	0	91.11353051990965
0	2.6250000000000515	0	-23.74203176868332	0	90.58002339006863
0	2.562500000000052	0	-23.446973681578807	0	90.0055706664259
0	2.437500000000052	0	-23.13328380783723	0	89.48489312954564
0	2.312500000000052	0	-22.79835877651781	0	88.91653714904524
0	2.250000000000052	0	-22.56359365375965	0	88.43034768366165
0	2.1875000000000515	0	-22.31124432748527	0	87.9059099426379
0	2.000000000000052	0	-21.945867744916097	0	87.2449578881405
0	1.8750000000000515	0	-21.67123684882387	0	86.69248884153748
0	1.6875000000000517	0	-21.343318970202635	0	86.04881350102282
0	1.5000000000000517	0	-20.940235831276695	0	85.18144501817721
0	1.3125000000000517	0	-20.626931826648907	0	84.57590597244126
0	1.1875000000000517	0	-20.30778167590538	0	83.96232513633042
0	1.0625000000000515	0	-19.99848384334332	0	83.23742704203573
0	0.6875000000000516	0	-19.583232566213887	0	82.23633684064029
0	0.3750000000000517	0	-19.34775973176248	0	81.44521511824415
0	0.1250000000000517	0	-19.164327255111623	0	80.98598289366373
0	-0.12499999999998362	0	-18.956984907677693	0	80.50380959449787
0	-0.4374999999999769	0	-18.6876155220412	0	79.97782893737879
0	-0.6250000000000034	0	-18.442660205525705	0	79.39938073690742
0	-0.874999999999988	0	-18.18539684462841	0	78.79033387766856
0	-0.9999999999999548	0	-17.944478680776033	0	78.07391897105073
0	-1.1249999999999725	0	-17.63670599436954	0	77.25621643656783
0	-1.2499999999999392	0	-17.369140223969854	0	76.45157115195364
0	-1.2499999999999392	0	-17.134328030053616	0	75.56818792666724
0	-1.2499999999999392	0	-16.949191280914473	0	74.85528041308316
0	-1.312499999999948	0	-16.78728432964536	0	74.1851727355387
0	-1.374999999999957	0	-16.578724582725282	0	73.23939738313403
0	-1.4374999999999658	0	-16.329308743369925	0	72.19291092796588
0	-1.4999999999999745	0	-16.153314335103442	0	71.43346328968008
0	-1.5624999999999833	0	-15.983437844709162	0	70.68317569082318
0	-1.6874999999999503	0	-15.842155194170513	0	70.07893825554908
0	-1.9374999999999343	0	-15.588706645042084	0	68.81114644706977
0	-2.062499999999952	0	-15.43921558371566	0	68.0084701890186
0	-2.124999999999961	0	-15.28746967799254	0	67.31773743891738
0	-2.18749999999997	0	-15.164879388241186	0	66.55423986312108
0	-2.3124999999999876	0	-15.102590545570777	0	65.93299813164249
0	-2.4374999999999543	0	-15.078356858694452	0	65.26712355930846
0	-2.624999999999981	0	-15.018045969644897	0	64.6714278859886
0	-2.9374999999999742	0	-14.90706015790612	0	64.07109757509375
0	-3.12499999999995	0	-14.858943588365364	0	63.29093222170235
0	-3.3124999999999765	0	-14.822659592593755	0	62.58121574155287
0	-3.499999999999952	0	-14.747643616082659	0	61.84674318159193
0	-3.62499999999997	0	-14.593400397396126	0	61.05519801694868
0	-3.6874999999999782	0	-14.450795530633329	0	60.39869244493239
0	-3.6874999999999782	0	-14.33620402509981	0	59.686671629749554
0	-3.562499999999961	0	-14.203084987460604	0	58.499588088926664
0	-3.499999999999952	0	-14.10477361227148	0	57.38691106374101
0	-3.499999999999952	0	-13.971575049084548	0	56.609725892724846
0	-3.437499999999994	0	-13.857645366392914	0	55.75815236148757
0	-3.3124999999999765	0	-13.788478861515179	0	54.97208776424176
0	-3.062499999999941	0	-13.747723154469792	0	53.34353572479294
0	-3.062499999999941	0	-13.643526083064707	0	52.67249013866006
0	-3.062499999999941	0	-13.501250010461918	0	51.95516543178671
0	-3.062499999999941	0	-13.339805705536897	0	51.251562469363854
0	-2.9374999999999742	0	-13.195748706066393	0	50.39419067996018
0	-2.8124999999999565	0	-13.028023895878807	0	49.56555203390449
0	-2.6874999999999387	0	-12.85005559073285	0	48.57840566954605
0	-2.624999999999981	0	-12.728799269016067	0	47.7066380464337
0	-2.562499999999972	0	-12.648163597827743	0	46.93083707024307
0	-2.499999999999963	0	-12.52442539646888	0	45.830837472850405
0	-2.499999999999963	0	-12.40038628928514	0	45.08472449668146
0	-2.499999999999963	0	-12.288497714573515	0	44.35572479985422
0	-2.499999999999963	0	-12.165896164510281	0	43.61888724191638
0	-2.562499999999972	0	-11.923107855239392	0	42.50627417980736
0	-2.562499999999972	0	-11.696428611758497	0	41.43662319705806
0	-2.562499999999972	0	-11.537713183922314	0	40.61876749036535
0	-2.499999999999963	0	-11.426485368388708	0	39.808590728121864
0	-2.499999999999963	0	-11.298848504900217	0	39.060478139893945
0	-2.499999999999963	0	-11.170359320250574	0	38.16308335778631
0	-2.4374999999999543	0	-10.957491862502224	0	36.72230996076522
0	-2.374999999999996	0	-10.884550063615087	0	35.96562495462837
0	-2.4374999999999543	0	-10.76906257698137	0	35.15385681088207
0	-2.499999999999963	0	-10.67774945968128	0	34.313499563887106
0	-2.624999999999981	0	-10.525172749554427	0	33.41859935137729
0	-2.624999999999981	0	-10.397361222781576	0	32.589047969919456
0	-2.7499999999999476	0	-10.248318830285955	0	31.78419418948287
0	-2.8124999999999565	0	-10.174227491791173	0	30.988204045511534
0	-2.999999999999932	0	-10.060760994208394	0	30.149511963665308
0	-3.2499999999999676	0	-9.780963631405724	0	28.85130746385686
0	-3.2499999999999676	0	-9.676307985015598	0	28.09680531565137
0	-3.2499999999999676	0	-9.58890012181887	0	27.265845391352553
0	-3.2499999999999676	0	-9.464776572832132	0	26.399613238096336
0	-3.3124999999999765	0	-9.259946397711586	0	25.3276789535394
0	-3.3124999999999765	0	-9.036935436550902	0	24.05172895099759
0	-3.1875000000000093	0	-8.938163786662475	0	23.085433582328434
0	-3.1875000000000093	0	-8.815138036063548	0	22.21576383794321
0	-3.1875000000000093	0	-8.687929099706027	0	21.321893953171752
0	-3.12499999999995	0	-8.363399007637712	0	19.617224226891857
0	-2.999999999999932	0	-8.253863759876204	0	18.68772457216679
0	-2.8749999999999654	0	-8.17161211514972	0	17.8631505545266
0	-2.8749999999999654	0	-8.045783796383779	0	16.95555708294256
0	-2.8124999999999565	0	-7.985129100392712	0	16.143367070188933
0	-2.8124999999999565	0	-7.85382080269755	0	15.252277787512925
0	-2.8124999999999565	0	-7.699520453685096	0	14.45405182050001
0	-2.8749999999999654	0	-7.549667952362275	0	13.718641200996068
0	-2.8749999999999654	0	-7.428013802155177	0	13.058232326547689
0	-2.9374999999999742	0	-7.25578212925903	0	12.194288728462352
0	-2.999999999999932	0	-7.115324131856675	0	11.560342605238645
0	-3.062499999999941	0	-6.943414416484477	0	10.906089869316716
0	-3.062499999999941	0	-6.779087748165079	0	10.290816356880011
0	-3.062499999999941	0	-6.614035103409933	0	9.620201715218116
0	-3.12499999999995	0	-6.412051382714801	0	8.849783101492017
0	-3.1875000000000093	0	-6.196831940043719	0	8.135513081597125
0	-3.2499999999999676	0	-6.0241798420515105	0	7.668598758297681
0	-3.2499999999999676	0	-5.845332690107643	0	7.214101189027413
0	-3.3124999999999765	0	-5.666853413207363	0	6.79457223937929
0	-3.3124999999999765	0	-5.344789368353803	0	6.051295608852954
0	-3.2499999999999676	0	-5.185095829008856	0	5.616187523829467
0	-3.1875000000000093	0	-5.027084774971298	0	5.175843145922362
0	-3.062499999999941	0	-4.892747167323926	0	4.724125277821214
0	-2.999999999999932	0	-4.732894542185946	0	4.291652505509085
0	-2.8124999999999565	0	-4.598037626076287	0	3.8478369501905156
0	-2.6874999999999387	0	-4.3956833490101985	0	3.371840482388489
0	-2.4374999999999543	0	-4.239490750574137	0	2.964850655559528
0	-2.3124999999999876	0	-4.132584584046069	0	2.7170822875559333
0	-2.2499999999999787	0	-4.031505321744574	0	2.5103332026444574
0	-2.18749999999997	0	-3.9926322474067115	0	2.4000271065872005
0	-2.124999999999961	0	-3.992229131625335	0	2.339088404049731
0	-2.124999999999961	0	-3.990662642719193	0	2.331662104266056
0	-2.062499999999952	0	-4.032880345555356	0	2.3588335693410034
0	-2.124999999999961	0	-4.046980170962265	0	2.457121278211363
0	-2.18749999999997	0	-4.06317863411451	0	2.647614316505899
0	-2.2499999999999787	0	-4.044911133245801	0	2.7188785634873516
0	-2.2499999999999787	0	-4.043899373353547	0	2.7446295723114362
0	-2.18749999999997	0	-4.061939648528251	0	2.7304452954737384
0	-2.18749999999997	0	-4.067809265528241	0	2.721458904195051
0	-2.18749999999997	0	-4.068160575993515	0	2.7122617266371956
0	-2.18749999999997	0	-4.106379770270315	0	2.7726694290546585
0	-2.3124999999999876	0	-4.084351051421529	0	2.823636050388322
0	-2.3124999999999876	0	-4.074931837346003	0	2.8287825091843994
0	-2.18749999999997	0	-4.1003537189011725	0	2.7926386246177852
0	-2.2499999999999787	0	-4.082226270883691	0	2.810484782259939
0	-2.2499999999999787	0	-4.083238030775945	0	2.784733773435854
0	-2.2499999999999787	0	-4.078803985912481	0	2.756926601147422
0	-2.2499999999999787	0	-4.0775427766491905	0	2.742139470398499
0	-2.2499999999999787	0	-4.077687313776655	0	2.7384607548522024
0	-2.2499999999999787	0	-4.077687313776655	0	2.7384607548522024
0	-2.2499999999999787	0	-4.074008598230362	0	2.738316217724738
0	-2.2499999999999787	0	-4.07393632966663	0	2.740155575497888
0	-2.2499999999999787	0	-4.073502718284235	0	2.7511917221367783
0	-2.18749999999997	0	-4.076027923132636	0	2.7106251966168355
0	-2.18749999999997	0	-4.055149152575719	0	2.678511647803479
0	-2.124999999999961	0	-4.05496284248554	0	2.6120548719465626
0	-2.124999999999961	0	-4.0371171646690485	0	2.546921173877152
0	-2.18749999999997	0	-3.9855991784062033	0	2.469563047491565
0	-2.18749999999997	0	-3.9456108107108867	0	2.4072456474694786
0	-2.062499999999952	0	-3.9408865313938763	0	2.2944435150739264
0	-1.9999999999999432	0	-3.9195714571622124	0	2.1977842205907105
0	-1.9999999999999432	0	-3.872406201495944	0	2.124303113327911
0	-1.9374999999999343	0	-3.840859593503537	0	2.053110132404751
0	-1.9374999999999343	0	-3.789125701131115	0	2.0034724668634563
0	-1.9374999999999343	0	-3.7354276133856503	0	1.9574520150774195
0	-1.9374999999999343	0	-3.659368991097017	0	1.864629388697422
0	-1.9374999999999343	0	-3.590295854726251	0	1.7830940513703633
0	-1.8749999999999765	0	-3.542884389956338	0	1.6893176008815336
0	-1.8749999999999765	0	-3.465005224857375	0	1.5928381855227123
0	-1.8749999999999765	0	-3.385165811321308	0	1.4999781243714208
0	-1.8749999999999765	0	-3.3088855234594394	0	1.4109181030276678
0	-1.8749999999999765	0	-3.218067590234109	0	1.3158568793059358
0	-1.8749999999999765	0	-3.0434897465985036	0	1.1351743028479717
0	-1.8124999999999676	0	-2.9707159153535803	0	1.0259167270574745
0	-1.7499999999999587	0	-2.8997230928261795	0	0.9149550234105834
0	-1.6874999999999498	0	-2.806203311626211	0	0.7555298738335338
0	-1.4999999999999742	0	-2.735102387565668	0	0.4770535610978907
0	-1.3749999999999567	0	-2.721650731228761	0	0.2996940960947313
0	-1.3124999999999478	0	-2.69481097419316	0	0.1571660843302498
0	-1.1249999999999722	0	-2.683162294902598	0	-0.06992616407817312
0	-0.9999999999999545	0	-2.662827848535561	0	-0.23808847359070756
0	-0.8124999999999789	0	-2.64978815730905	0	-0.4577522844890063
0	-0.74999999999997	0	-2.6016409659270665	0	-0.6223617260274765
0	-0.6250000000000032	0	-2.574375124612206	0	-0.7702013989475944
0	-0.5624999999999944	0	-2.5184592791629106	0	-0.9457685505957497
0	-0.43749999999997674	0	-2.5017982946174064	0	-1.097115159477295
0	-0.3124999999999591	0	-2.4774622361355223	0	-1.250305907140482
0	-0.1874999999999414	0	-2.4529185267364904	0	-1.420009706772189
0	-0.062499999999974645	0	-2.4335570868275758	0	-1.5951757812846905
0	3.419096282573281E-14	0	-2.3997781504349707	0	-1.7370516222929944
0	0.0625000000000342	0	-2.364003695785083	0	-1.8788885238193702
0	0.18750000000003417	0	-2.338325715520953	0	-2.0263387414192056
0	0.31250000000003414	0	-2.2403923028198913	0	-2.3058768953067244
0	0.43750000000003414	0	-2.212176257546844	0	-2.469766516420134
0	0.5000000000000341	0	-2.192259658522756	0	-2.554407827894887
0	0.43750000000003414	0	-2.130323639261514	0	-2.5850925750965725
0	0.3750000000000341	0	-2.0980978194899937	0	-2.5902677341194216
0	0.3750000000000341	0	-2.0851162746890464	0	-2.604909299875654
0	0.3750000000000341	0	-2.072134729888106	0	-2.6195508656318878
0	0.3750000000000341	0	-2.064735636499006	0	-2.6250248871054587
0	0.3750000000000341	0	-2.0554958055908283	0	-2.630486860808112
0	0.3750000000000341	0	-2.0462559746826505	0	-2.635948834510765
0	0.3750000000000341	0	-2.0462198313698914	0	-2.6414710470680167
0	0.3750000000000341	0	-2.0461836880571322	0	-2.6469932596252685
0	0.3750000000000341	0	-2.0461716402862127	0	-2.6488339971443517
0	0.3750000000000341	0	-2.046159592515293	0	-2.650674734663435
0	0.3750000000000341	0	-2.046159592515293	0	-2.650674734663435
0	0.3750000000000341	0	-2.046159592515293	0	-2.650674734663435
0	0.3750000000000341	0	-2.0461354969734535	0	-2.6543562097016036
0	0.3750000000000341	0	-2.046063210347935	0	-2.6654006348161072
0	0.3750000000000341	0	-2.0460150192642557	0	-2.6727635848924427
0	0.3750000000000341	0	-2.0460150192642557	0	-2.6727635848924427
0	0.3750000000000341	0	-2.042297400913326	0	-2.678261701907855
0	0.3750000000000341	0	-2.038543639249644	0	-2.689282031480519
0	0.3750000000000341	0	-2.0348260208987146	0	-2.6947801484959295
0	0.3750000000000341	0	-2.0255259511359376	0	-2.709445809794003
0	0.3750000000000341	0	-2.0217842372431685	0	-2.718625401847582
0	0.3750000000000341	0	-2.014240570603038	0	-2.7461882735501626
0	0.3750000000000341	0	-2.0067571428175066	0	-2.7645474576573226
0	0.3750000000000341	0	-1.993691263620121	0	-2.7920741860471416
0	0.43750000000003414	0	-1.9979570457353217	0	-2.8474679037975186
0	0.43750000000003414	0	-1.9829079784609833	0	-2.889692093708042
0	0.5000000000000341	0	-1.9908067943572931	0	-2.943281821438758
0	0.5000000000000341	0	-1.9814265604267502	0	-2.9634492788094504
0	0.5000000000000341	0	-1.9813623060053136	0	-2.9708121062267185
0	0.5000000000000341	0	-1.9813623060053136	0	-2.9708121062267185
0	0.5000000000000341	0	-1.9813462423999544	0	-2.972652813081037
0	0.5000000000000341	0	-1.9813301787945952	0	-2.9744935199353533
0	0.5000000000000341	0	-1.9813301787945952	0	-2.9744935199353533
0	0.5000000000000341	0	-1.9813301787945952	0	-2.9744935199353533
0	0.5000000000000341	0	-1.9813301787945952	0	-2.9744935199353533
0	0.5000000000000341	0	-1.9812819879785177	0	-2.980015640498305
0	0.5000000000000341	0	-1.9812498607677993	0	-2.9836970542069383
0	0.5000000000000341	0	-1.9830905676221178	0	-2.9837131178122975
0	0.5000000000000341	0	-1.9848830836603586	0	-2.9892513019806084
0	0.5000000000000341	0	-1.9885484337636363	0	-2.9911241360456433
0	0.5000000000000341	0	-1.988532370158277	0	-2.9929648428999616
0	0.5000000000000341	0	-1.9884681157368405	0	-3.0003276703172297
0	0.5000000000000341	0	-1.988419924920763	0	-3.0058497908801813
0	0.5000000000000341	0	-1.9902606317750815	0	-3.0058658544855406
0	0.5000000000000341	0	-1.9902445681697223	0	-3.007706561339857
0	0.5000000000000341	0	-1.990228504564363	0	-3.0095472681941735
0	0.5000000000000341	0	-1.9938777910622745	0	-3.0132608091135267
0	0.5000000000000341	0	-1.9956542434951563	0	-3.020639700136154
0	0.43750000000003414	0	-1.985637977522839	0	-3.0130635538732666
0	0.43750000000003414	0	-1.9910195904033716	0	-3.0315129537812684
0	0.43750000000003414	0	-1.9926916453271986	0	-3.0536156888599644
0	0.3750000000000341	0	-1.9750150260494015	0	-3.07913500544766
0	0.3750000000000341	0	-1.9746054018381287	0	-3.1417200810965125
0	0.3750000000000341	0	-1.9741596343140966	0	-3.2098273693026167
0	0.3750000000000341	0	-1.945789561959887	0	-3.3256131164411045
0	0.3750000000000341	0	-1.9324586318022732	0	-3.3936360702507704
0	0.3750000000000341	0	-1.9301841745300756	0	-3.4598905731668714
0	0.3750000000000341	0	-1.9055317205267956	0	-3.5701782032899465
0	0.3750000000000341	0	-1.886762912208365	0	-3.6252798511532656
0	0.3750000000000341	0	-1.8847053148127235	0	-3.658401078725855
0	0.3750000000000341	0	-1.8900227152643354	0	-3.6897297598630407
0	0.3125000000000341	0	-1.87427091610592	0	-3.707915490168088
0	0.3125000000000341	0	-1.8739496415138626	0	-3.7668194762801877
0	0.3125000000000341	0	-1.8735781677667962	0	-3.8349272102223035
0	0.3750000000000341	0	-1.8703566892080494	0	-3.932605517406303
0	0.3750000000000341	0	-1.8553536903242274	0	-3.9748460981778746
0	0.3750000000000341	0	-1.8477015937458119	0	-4.018975607552209
0	0.3750000000000341	0	-1.8420589034793657	0	-4.037346839430288
0	0.3750000000000341	0	-1.8346839056321125	0	-4.039139385865693
0	0.3750000000000341	0	-1.83112290830314	0	-4.0207079151330145
0	0.3750000000000341	0	-1.8275498632032476	0	-4.004117181919421
0	0.3750000000000341	0	-1.8201869131269142	0	-4.004068990835742
0	0.3750000000000341	0	-1.8202712475233527	0	-3.9911838282021543
0	0.3125000000000341	0	-1.8070770384525434	0	-3.915502710963875
0	0.3125000000000341	0	-1.8127900439395834	0	-3.88055858870282
0	0.3125000000000341	0	-1.8206048345986745	0	-3.797765017556687
0	0.3125000000000341	0	-1.8245674489987334	0	-3.746244109370603
0	0.3125000000000341	0	-1.8341125510828091	0	-3.6837088232815054
0	0.3125000000000341	0	-1.8416261468118464	0	-3.6561377391154664
0	0.3125000000000341	0	-1.843507055701858	0	-3.6487847806824543
0	0.3125000000000341	0	-1.843507055701858	0	-3.6487847806824543
0	0.3125000000000341	0	-1.843507055701858	0	-3.6487847806824543
0	0.3125000000000341	0	-1.843507055701858	0	-3.6487847806824543
0	0.3125000000000341	0	-1.843507055701858	0	-3.6487847806824543
0	0.3125000000000341	0	-1.843507055701858	0	-3.6487847806824543
0	0.3125000000000341	0	-1.843507055701858	0	-3.6487847806824543
0	0.3125000000000341	0	-1.843507055701858	0	-3.6487847806824543
0	0.3125000000000341	0	-1.843507055701858	0	-3.6487847806824543
0	0.3125000000000341	0	-1.843507055701858	0	-3.6487847806824543
0	0.3125000000000341	0	-1.843507055701858	0	-3.6487847806824543
0	0.3125000000000341	0	-1.843507055701858	0	-3.6487847806824543
0	0.3125000000000341	0	-1.843507055701858	0	-3.6487847806824543
0	0.3125000000000341	0	-1.843507055701858	0	-3.6487847806824543
0	0.3125000000000341	0	-1.843507055701858	0	-3.6487847806824543
0	0.3125000000000341	0	-1.843507055701858	0	-3.6487847806824543
0	0.3125000000000341	0	-1.843507055701858	0	-3.6487847806824543
0	0.3125000000000341	0	-1.843507055701858	0	-3.6487847806824543
0	0.3125000000000341	0	-1.843507055701858	0	-3.6487847806824543
0	0.3125000000000341	0	-1.843507055701858	0	-3.6487847806824543
0	0.3125000000000341	0	-1.843507055701858	0	-3.6487847806824543
0	0.3125000000000341	0	-1.843507055701858	0	-3.6487847806824543
0	0.3125000000000341	0	-1.843507055701858	0	-3.6487847806824543
0	0.3125000000000341	0	-1.843507055701858	0	-3.6487847806824543
0	0.3125000000000341	0	-1.843507055701858	0	-3.6487847806824543
0	0.3125000000000341	0	-1.843507055701858	0	-3.6487847806824543
0	0.3125000000000341	0	-1.843507055701858	0	-3.6487847806824543
0	0.3125000000000341	0	-1.843507055701858	0	-3.6487847806824543
0	0.3125000000000341	0	-1.843507055701858	0	-3.6487847806824543
0	0.3125000000000341	0	-1.843507055701858	0	-3.6487847806824543
0	0.3125000000000341	0	-1.843507055701858	0	-3.6487847806824543
0	0.3125000000000341	0	-1.843507055701858	0	-3.6487847806824543
0	0.3125000000000341	0	-1.843507055701858	0	-3.6487847806824543
0	0.3125000000000341	0	-1.843507055701858	0	-3.6487847806824543
0	0.3125000000000341	0	-1.843507055701858	0	-3.6487847806824543
0	0.3125000000000341	0	-1.843507055701858	0	-3.6487847806824543
0	0.3125000000000341	0	-1.843507055701858	0	-3.6487847806824543
0	0.3125000000000341	0	-1.843507055701858	0	-3.6487847806824543
0	0.3125000000000341	0	-1.843507055701858	0	-3.6487847806824543
0	0.3125000000000341	0	-1.843507055701858	0	-3.6487847806824543
0	0.3125000000000341	0	-1.843507055701858	0	-3.6487847806824543
0	0.3125000000000341	0	-1.843507055701858	0	-3.6487847806824543
0	0.3125000000000341	0	-1.843507055701858	0	-3.6487847806824543
0	0.3125000000000341	0	-1.843507055701858	0	-3.6487847806824543
0	0.3125000000000341	0	-1.843507055701858	0	-3.6487847806824543
0	0.3125000000000341	0	-1.843507055701858	0	-3.6487847806824543
0	0.3125000000000341	0	-1.843507055701858	0	-3.6487847806824543
0	0.3125000000000341	0	-1.843507055701858	0	-3.6487847806824543
0	0.3125000000000341	0	-1.843507055701858	0	-3.6487847806824543
0	0.3125000000000341	0	-1.843507055701858	0	-3.6487847806824543
0	0.3125000000000341	0	-1.843507055701858	0	-3.6487847806824543
0	0.3125000000000341	0	-1.843507055701858	0	-3.6487847806824543
0	0.3125000000000341	0	-1.843507055701858	0	-3.6487847806824543
0	0.3125000000000341	0	-1.843507055701858	0	-3.6487847806824543
0	0.3125000000000341	0	-1.843507055701858	0	-3.6487847806824543
0	0.3125000000000341	0	-1.843507055701858	0	-3.6487847806824543
0	0.3125000000000341	0	-1.843507055701858	0	-3.6487847806824543
0	0.3125000000000341	0	-1.843507055701858	0	-3.6487847806824543
0	0.3125000000000341	0	-1.843507055701858	0	-3.6487847806824543
0	0.3125000000000341	0	-1.843507055701858	0	-3.6487847806824543
0	0.3125000000000341	0	-1.843507055701858	0	-3.6487847806824543
0	0.3125000000000341	0	-1.843507055701858	0	-3.6487847806824543
0	0.3125000000000341	0	-1.843507055701858	0	-3.6487847806824543
0	0.3125000000000341	0	-1.843507055701858	0	-3.6487847806824543
0	0.3125000000000341	0	-1.843507055701858	0	-3.6487847806824543
0	0.3125000000000341	0	-1.843507055701858	0	-3.6487847806824543
0	0.3125000000000341	0	-1.843507055701858	0	-3.6487847806824543
0	0.3125000000000341	0	-1.843507055701858	0	-3.6487847806824543
0	0.3125000000000341	0	-1.843507055701858	0	-3.6487847806824543
0	0.3125000000000341	0	-1.843507055701858	0	-3.6487847806824543
0	0.3125000000000341	0	-1.843507055701858	0	-3.6487847806824543
0	0.3125000000000341	0	-1.843507055701858	0	-3.6487847806824543
0	0.3125000000000341	0	-1.843507055701858	0	-3.6487847806824543
0	0.3125000000000341	0	-1.843507055701858	0	-3.6487847806824543
0	0.3125000000000341	0	-1.843507055701858	0	-3.6487847806824543
0	0.3125000000000341	0	-1.843507055701858	0	-3.6487847806824543
0	0.3125000000000341	0	-1.843507055701858	0	-3.6487847806824543
0	0.3125000000000341	0	-1.843507055701858	0	-3.6487847806824543
0	0.3125000000000341	0	-1.843507055701858	0	-3.6487847806824543
0	0.3125000000000341	0	-1.843507055701858	0	-3.6487847806824543
0	0.3125000000000341	0	-1.843507055701858	0	-3.6487847806824543
0	0.3125000000000341	0	-1.843507055701858	0	-3.6487847806824543
0	0.3125000000000341	0	-1.843507055701858	0	-3.6487847806824543
0	0.3125000000000341	0	-1.843507055701858	0	-3.6487847806824543
0	0.3125000000000341	0	-1.843507055701858	0	-3.6487847806824543
0	0.3125000000000341	0	-1.843507055701858	0	-3.6487847806824543
0	0.3125000000000341	0	-1.843507055701858	0	-3.6487847806824543
0	0.3125000000000341	0	-1.843507055701858	0	-3.6487847806824543
0	0.3125000000000341	0	-1.843507055701858	0	-3.6487847806824543
0	0.3125000000000341	0	-1.843507055701858	0	-3.6487847806824543
0	0.3125000000000341	0	-1.843507055701858	0	-3.6487847806824543
0	0.3125000000000341	0	-1.843507055701858	0	-3.6487847806824543
0	0.3125000000000341	0	-1.843507055701858	0	-3.6487847806824543
0	0.3125000000000341	0	-1.843507055701858	0	-3.6487847806824543
0	0.3125000000000341	0	-1.843507055701858	0	-3.6487847806824543
0	0.3125000000000341	0	-1.843507055701858	0	-3.6487847806824543
0	0.3125000000000341	0	-1.843507055701858	0	-3.6487847806824543
0	0.3125000000000341	0	-1.843507055701858	0	-3.6487847806824543
0	0.3125000000000341	0	-1.843507055701858	0	-3.6487847806824543
0	0.3125000000000341	0	-1.843507055701858	0	-3.6487847806824543
0	0.3125000000000341	0	-1.843507055701858	0	-3.6487847806824543
0	0.3125000000000341	0	-1.843507055701858	0	-3.6487847806824543
0	0.3125000000000341	0	-1.843507055701858	0	-3.6487847806824543
0	0.3125000000000341	0	-1.843507055701858	0	-3.6487847806824543
0	0.3125000000000341	0	-1.843507055701858	0	-3.6487847806824543
0	0.3125000000000341	0	-1.843507055701858	0	-3.6487847806824543
0	0.3125000000000341	0	-1.843507055701858	0	-3.6487847806824543
0	0.3125000000000341	0	-1.843507055701858	0	-3.6487847806824543
0	0.3125000000000341	0	-1.843507055701858	0	-3.6487847806824543
0	0.3125000000000341	0	-1.843507055701858	0	-3.6487847806824543
0	0.3125000000000341	0	-1.843507055701858	0	-3.6487847806824543
0	0.3125000000000341	0	-1.843507055701858	0	-3.6487847806824543
0	0.3125000000000341	0	-1.843507055701858	0	-3.6487847806824543
0	0.3125000000000341	0	-1.843507055701858	0	-3.6487847806824543
0	0.3125000000000341	0	-1.843507055701858	0	-3.6487847806824543
0	0.3125000000000341	0	-1.843507055701858	0	-3.6487847806824543
0	0.3125000000000341	0	-1.843507055701858	0	-3.6487847806824543
0	0.3125000000000341	0	-1.843507055701858	0	-3.6487847806824543
0	0.3125000000000341	0	-1.843507055701858	0	-3.6487847806824543
0	0.3125000000000341	0	-1.843507055701858	0	-3.6487847806824543
0	0.3125000000000341	0	-1.843507055701858	0	-3.6487847806824543
0	0.3125000000000341	0	-1.843507055701858	0	-3.6487847806824543
0	0.3125000000000341	0	-1.843507055701858	0	-3.6487847806824543
0	0.3125000000000341	0	-1.843507055701858	0	-3.6487847806824543
0	0.3125000000000341	0	-1.843507055701858	0	-3.6487847806824543
0	0.3125000000000341	0	-1.843507055701858	0	-3.6487847806824543
0	0.3125000000000341	0	-1.843507055701858	0	-3.6487847806824543
0	0.3125000000000341	0	-1.843507055701858	0	-3.6487847806824543
0	0.3125000000000341	0	-1.843507055701858	0	-3.6487847806824543
0	0.3125000000000341	0	-1.843507055701858	0	-3.6487847806824543
0	0.3125000000000341	0	-1.843507055701858	0	-3.6487847806824543
0	0.3125000000000341	0	-1.843507055701858	0	-3.6487847806824543
0	0.3125000000000341	0	-1.843507055701858	0	-3.6487847806824543
0	0.3125000000000341	0	-1.843507055701858	0	-3.6487847806824543
0	0.3125000000000341	0	-1.843507055701858	0	-3.6487847806824543
0	0.3125000000000341	0	-1.843507055701858	0	-3.6487847806824543
0	0.3125000000000341	0	-1.843507055701858	0	-3.6487847806824543
0	0.3125000000000341	0	-1.843507055701858	0	-3.6487847806824543
0	0.3125000000000341	0	-1.843507055701858	0	-3.6487847806824543
0	0.3125000000000341	0	-1.843507055701858	0	-3.6487847806824543
0	0.3125000000000341	0	-1.843507055701858	0	-3.6487847806824543
0	0.3125000000000341	0	-1.843507055701858	0	-3.6487847806824543
0	0.3125000000000341	0	-1.843507055701858	0	-3.6487847806824543
0	0.3125000000000341	0	-1.843507055701858	0	-3.6487847806824543
0	0.3125000000000341	0	-1.843507055701858	0	-3.6487847806824543
0	0.3125000000000341	0	-1.843507055701858	0	-3.6487847806824543
0	0.3125000000000341	0	-1.843507055701858	0	-3.6487847806824543
0	0.3125000000000341	0	-1.843507055701858	0	-3.6487847806824543
0	0.3125000000000341	0	-1.843507055701858	0	-3.6487847806824543
0	0.3125000000000341	0	-1.843507055701858	0	-3.6487847806824543
0	0.3125000000000341	0	-1.843507055701858	0	-3.6487847806824543
0	0.3125000000000341	0	-1.843507055701858	0	-3.6487847806824543
0	0.3125000000000341	0	-1.843507055701858	0	-3.6487847806824543
0	0.3125000000000341	0	-1.843507055701858	0	-3.6487847806824543
0	0.3125000000000341	0	-1.843507055701858	0	-3.6487847806824543
0	0.3125000000000341	0	-1.843507055701858	0	-3.6487847806824543
0	0.3125000000000341	0	-1.843507055701858	0	-3.6487847806824543
0	0.3125000000000341	0	-1.843507055701858	0	-3.6487847806824543
0	0.3125000000000341	0	-1.843507055701858	0	-3.6487847806824543
0	0.3125000000000341	0	-1.843507055701858	0	-3.6487847806824543
0	0.3125000000000341	0	-1.843507055701858	0	-3.6487847806824543
0	0.3125000000000341	0	-1.843507055701858	0	-3.6487847806824543
0	0.3125000000000341	0	-1.843507055701858	0	-3.6487847806824543
0	0.3125000000000341	0	-1.843507055701858	0	-3.6487847806824543
0	0.3125000000000341	0	-1.843507055701858	0	-3.6487847806824543
0	0.3125000000000341	0	-1.843507055701858	0	-3.6487847806824543
0	0.3125000000000341	0	-1.843507055701858	0	-3.6487847806824543
0	0.3125000000000341	0	-1.843507055701858	0	-3.6487847806824543
0	0.3125000000000341	0	-1.843507055701858	0	-3.6487847806824543
0	0.3125000000000341	0	-1.843507055701858	0	-3.6487847806824543
0	0.3125000000000341	0	-1.843507055701858	0	-3.6487847806824543
0	0.3125000000000341	0	-1.843507055701858	0	-3.6487847806824543
0	0.3125000000000341	0	-1.843507055701858	0	-3.6487847806824543
0	0.3125000000000341	0	-1.843507055701858	0	-3.6487847806824543
0	0.3125000000000341	0	-1.843507055701858	0	-3.6487847806824543
0	0.3125000000000341	0	-1.843507055701858	0	-3.6487847806824543
0	0.3125000000000341	0	-1.843507055701858	0	-3.6487847806824543
0	0.3125000000000341	0	-1.843507055701858	0	-3.6487847806824543
0	0.3125000000000341	0	-1.843507055701858	0	-3.6487847806824543
0	0.3125000000000341	0	-1.843507055701858	0	-3.6487847806824543
0	0.3125000000000341	0	-1.843507055701858	0	-3.6487847806824543
0	0.3125000000000341	0	-1.843507055701858	0	-3.6487847806824543
0	0.3125000000000341	0	-1.843507055701858	0	-3.6487847806824543
0	0.3125000000000341	0	-1.843507055701858	0	-3.6487847806824543
0	0.3125000000000341	0	-1.843507055701858	0	-3.6487847806824543
0	0.3125000000000341	0	-1.843507055701858	0	-3.6487847806824543
0	0.3125000000000341	0	-1.843507055701858	0	-3.6487847806824543
0	0.3125000000000341	0	-1.843507055701858	0	-3.6487847806824543
0	0.3125000000000341	0	-1.843507055701858	0	-3.6487847806824543
0	0.3125000000000341	0	-1.843507055701858	0	-3.6487847806824543
0	0.3125000000000341	0	-1.843507055701858	0	-3.6487847806824543
0	0.3125000000000341	0	-1.843507055701858	0	-3.6487847806824543
0	0.3125000000000341	0	-1.843507055701858	0	-3.6487847806824543
0	0.3125000000000341	0	-1.843507055701858	0	-3.6487847806824543
0	0.3125000000000341	0	-1.843507055701858	0	-3.6487847806824543
0	0.3125000000000341	0	-1.843507055701858	0	-3.6487847806824543
0	0.3125000000000341	0	-1.843507055701858	0	-3.6487847806824543
0	0.3125000000000341	0	-1.843507055701858	0	-3.6487847806824543
0	0.3125000000000341	0	-1.843507055701858	0	-3.6487847806824543
0	0.3125000000000341	0	-1.843507055701858	0	-3.6487847806824543
0	0.3125000000000341	0	-1.843507055701858	0	-3.6487847806824543
0	0.3125000000000341	0	-1.843507055701858	0	-3.6487847806824543
0	0.3125000000000341	0	-1.843507055701858	0	-3.6487847806824543
0	0.3125000000000341	0	-1.843507055701858	0	-3.6487847806824543
0	0.3125000000000341	0	-1.843507055701858	0	-3.6487847806824543
0	0.3125000000000341	0	-1.843507055701858	0	-3.6487847806824543
0	0.3125000000000341	0	-1.843507055701858	0	-3.6487847806824543
0	0.3125000000000341	0	-1.843507055701858	0	-3.6487847806824543
0	0.3125000000000341	0	-1.843507055701858	0	-3.6487847806824543
0	0.3125000000000341	0	-1.843507055701858	0	-3.6487847806824543
0	0.3125000000000341	0	-1.843507055701858	0	-3.6487847806824543
0	0.3125000000000341	0	-1.843507055701858	0	-3.6487847806824543
0	0.3125000000000341	0	-1.843507055701858	0	-3.6487847806824543
0	0.3125000000000341	0	-1.843507055701858	0	-3.6487847806824543
0	0.3125000000000341	0	-1.843507055701858	0	-3.6487847806824543
0	0.3125000000000341	0	-1.843507055701858	0	-3.6487847806824543
0	0.3125000000000341	0	-1.843507055701858	0	-3.6487847806824543
0	0.3125000000000341	0	-1.843507055701858	0	-3.6487847806824543
0	0.3125000000000341	0	-1.843507055701858	0	-3.6487847806824543
0	0.3125000000000341	0	-1.843507055701858	0	-3.6487847806824543
0	0.3125000000000341	0	-1.843507055701858	0	-3.6487847806824543
0	0.3125000000000341	0	-1.843507055701858	0	-3.6487847806824543
0	0.3125000000000341	0	-1.843507055701858	0	-3.6487847806824543
0	0.3125000000000341	0	-1.843507055701858	0	-3.6487847806824543
0	0.3125000000000341	0	-1.843507055701858	0	-3.6487847806824543
0	0.3125000000000341	0	-1.843507055701858	0	-3.6487847806824543
0	0.3125000000000341	0	-1.843507055701858	0	-3.6487847806824543
0	0.3125000000000341	0	-1.843507055701858	0	-3.6487847806824543
0	0.3125000000000341	0	-1.843507055701858	0	-3.6487847806824543
0	0.3125000000000341	0	-1.8453478052678625	0	-3.648794820513456
0	0.3125000000000341	0	-1.8453478052678625	0	-3.648794820513456
0	0.3125000000000341	0	-1.8453478052678625	0	-3.648794820513456
0	0.3125000000000341	0	-1.8453478052678625	0	-3.648794820513456
0	0.3125000000000341	0	-1.8453478052678625	0	-3.648794820513456
0	0.3125000000000341	0	-1.8453478052678625	0	-3.648794820513456