0	0.0	0	0.0	0	0.0
0	0.0	0	0.0	0	0.0
0	0.0	0	0.0	0	0.0
0	0.0	0	0.0	0	0.0
0	0.0	0	0.0	0	0.0
0	0.0	0	0.0	0	0.0
0	0.0	0	0.0	0	0.0
0	0.0	0	0.0	0	0.0
0	0.0	0	0.0	0	0.0
0	0.0	0	0.0	0	0.0
0	0.0	0	0.0	0	0.0
0	0.0	0	0.0	0	0.0
0	0.0	0	0.0	0	0.0
0	0.0	0	0.0	0	0.0
0	0.0	0	0.0	0	0.0
0	0.0	0	0.0	0	0.0
0	0.0	0	0.0	0	0.0
0	0.0	0	0.0	0	0.0
0	0.0	0	0.0	0	0.0
0	0.0	0	0.0	0	0.0
0	0.0	0	0.0	0	0.0
0	0.0	0	0.0	0	0.0
0	0.0	0	0.0	0	0.0
0	0.0	0	0.0	0	0.0
0	0.0	0	0.0	0	0.0
0	0.0	0	0.0	0	0.0
0	0.0	0	0.0	0	0.0
0	0.0	0	0.0	0	0.0
0	0.0	0	0.0	0	0.0
0	0.0	0	0.0	0	0.0
0	0.0	0	0.0	0	0.0
0	0.0	0	0.0	0	0.0
0	0.0	0	0.0	0	0.0
0	0.0	0	0.0	0	0.0
0	0.0	0	0.0	0	0.0
0	0.0	0	0.0	0	0.0
0	0.0	0	0.0	0	0.0
0	0.0	0	0.0	0	0.0
0	0.0	0	0.0	0	0.0
0	0.0	0	0.0	0	0.0
0	0.0	0	0.0	0	0.0
0	0.0	0	0.0	0	0.0
0	0.0	0	0.0	0	0.0
0	0.0	0	0.0	0	0.0
0	0.0	0	0.0	0	0.0
0	0.0	0	0.0	0	0.0
0	0.0	0	0.0	0	0.0
0	0.0	0	0.0	0	0.0
0	0.0625	0	-0.015610647048910629	0	0.0016873914743908752
0	0.125	0	-0.01649694495045216	0	-2.9167292401864023E-4
0	0.3125	0	-0.0026176172180921876	0	-0.026395739627123712
0	0.5	0	0.002039112453235576	0	-0.004674477984266821
0	0.8124999999999999	0	0.006789152692900888	0	0.0020744987478362176
0	1.25	0	0.043041048205940347	0	-0.016499078903158867
0	1.8125	0	0.0960633574522769	0	-0.038144889242195466
0	3.0625	0	0.1431041280463024	0	-0.07703126433878588
0	3.5625	0	0.18153952732242848	0	-0.024097463969645683
0	4.375	0	0.1270578179084435	0	-0.05034230963578622
0	5.499999999999999	0	0.12487363708852312	0	-0.06595149713591934
0	6.125	0	0.1813941233542719	0	-0.03164281871908788
0	7.0	0	0.18074644176246346	0	-0.05959703874546092
0	10.875	0	0.20577394120036532	0	-0.17847247682770168
0	11.875	0	0.23996102419154663	0	-0.16787205905565014
0	12.5625	0	0.1739777279914456	0	-0.16902890096558443
0	13.5625	0	-0.05521078681709371	0	-0.22088227661777227
0	14.0	0	-0.201960581950509	0	-0.04031020479500291
0	14.437500000000004	0	-0.38345968228797955	0	0.37951986940254046
0	14.437500000000004	0	-0.6044555973455902	0	1.0164170127727614
0	14.125	0	-0.8618146526941884	0	1.7438449534169957
0	12.8125	0	-1.368347754011316	0	3.46834982895414
0	12.1875	0	-1.7031296584055553	0	4.480032916155933
0	10.999999999999998	0	-1.9317972352393746	0	5.72914515142395
0	9.5625	0	-2.3827918880273233	0	7.535625382605251
0	8.0	0	-2.704322224185012	0	9.199633254053165
0	6.875	0	-3.0270919104084224	0	10.660151714596497
0	4.5625	0	-3.25646983744672	0	12.995517671205281
0	3.375	0	-3.4319688005555498	0	14.575902126192972
0	2.25	0	-3.522351535367657	0	16.091605551192497
0	0.4374999999999998	0	-3.484113215296789	0	17.782345447028636
0	-0.7500000000000154	0	-3.6721636021394586	0	19.621231133221613
0	-3.250000000000013	0	-3.63551974399954	0	22.280498717872614
0	-5.062500000000014	0	-3.5004524723084964	0	24.223752415889724
0	-6.875000000000016	0	-3.3491057796313415	0	26.20976067208956
0	-8.625000000000009	0	-3.2713755874108776	0	28.485748765347683
0	-9.812500000000025	0	-3.168239635392878	0	30.310908090776984
0	-11.562500000000018	0	-2.8494556377135476	0	31.952443021868945
0	-12.687499999999973	0	-2.7269082456257507	0	33.80899135895733
0	-15.687500000000043	0	-2.0817145082783974	0	36.912774547329285
0	-16.875000000000007	0	-1.7183726703676045	0	38.661868971080175
0	-18.000000000000014	0	-1.3148303131152301	0	40.155967563556146
0	-20.749999999999993	0	-0.4613111657016682	0	43.299281733573146
0	-22.187499999999996	0	0.2085413232723191	0	45.33262851803387
0	-23.50000000000003	0	0.9868209068539648	0	47.078690439219955
0	-24.937499999999975	0	1.9971815382129214	0	49.5075970275016
0	-25.62500000000002	0	2.625083657060745	0	50.94496598678195
0	-26.312500000000018	0	3.2188589619214367	0	52.30359053453964
0	-27.187500000000043	0	3.9336652597907498	0	53.7133011728944
0	-28.06250000000001	0	4.990260798366291	0	56.02954727585515
0	-29.0625	0	6.142150849417808	0	58.018500145532414
0	-29.37499999999999	0	6.9815780484640655	0	59.424555898428494
0	-29.625000000000025	0	7.978142953957778	0	61.092452416579626
0	-29.500000000000007	0	9.234409660048936	0	63.13081354720047
0	-29.312499999999986	0	9.964533284248784	0	64.28679171431335
0	-29.000000000000043	0	10.876134869094656	0	65.9062831850847
0	-28.56249999999998	0	12.065334285273444	0	67.97373833033326
0	-28.250000000000036	0	12.935438762372819	0	69.46544065014491
0	-27.56249999999999	0	13.866760615389465	0	71.15104747484713
0	-26.874999999999996	0	15.121976622751465	0	73.42217477178025
0	-26.312500000000018	0	15.881983865074162	0	74.83943332325292
0	-25.18750000000001	0	16.85702732986547	0	76.52054316509214
0	-24.750000000000004	0	17.502097169009957	0	77.45841715764082
0	-24.312500000000043	0	17.93447864157822	0	78.24965251312874
0	-23.75000000000001	0	18.379437271332954	0	79.1101568210033
0	-23.437500000000018	0	18.836495218834607	0	80.04075633462492
0	-22.937499999999996	0	19.296389963250963	0	80.9581248118907
0	-22.687500000000014	0	19.69123478804616	0	81.77205286579972
0	-22.25	0	20.03492669012229	0	82.6863788681346
0	-21.750000000000036	0	20.587503438479693	0	83.7606924082556
0	-21.5	0	20.824037345245614	0	84.38508004504753
0	-21.06250000000004	0	20.982252656681588	0	84.7945144213226
0	-20.312500000000036	0	21.083422227760792	0	84.89267310815114
0	-18.125000000000032	0	20.62936398971226	0	84.27538558199919
0	-17.25000000000001	0	20.405419377740316	0	83.75917181005164
0	-16.062499999999993	0	19.933533847495287	0	82.90285282124115
0	-15.125000000000014	0	19.440557819347337	0	82.12872105047369
0	-14.312500000000002	0	18.94638507396729	0	81.28449178032152
0	-13.687500000000014	0	18.445082220271324	0	80.03950905163084
0	-13.00000000000002	0	18.000266441999408	0	78.86204591201643
0	-12.43749999999999	0	17.58326486580533	0	77.80312164521372
0	-12.125000000000046	0	17.21585390991197	0	76.57478755246204
0	-11.749999999999995	0	16.8812727096096	0	75.54937680463165
0	-11.50000000000001	0	16.601368068074486	0	74.37352617508276
0	-11.250000000000025	0	16.32635155560492	0	73.11393637765009
0	-10.874999999999972	0	15.994157642387963	0	71.9548934932148
0	-10.500000000000021	0	15.592949696055042	0	70.24818183792466
0	-10.12500000000002	0	15.283059338631563	0	68.65358179056649
0	-9.812500000000025	0	14.955490287101185	0	67.26558455328237
0	-9.437500000000023	0	14.67338164537706	0	65.85066863903384
0	-9.124999999999979	0	14.417273795798083	0	64.44072019540711
0	-8.500000000000044	0	13.844771938480712	0	61.661165583846284
0	-8.1875	0	13.592223140085824	0	60.181221541779124
0	-7.5000000000000036	0	13.18198739277541	0	57.83189024360931
0	-6.937500000000027	0	12.847506459541481	0	55.39626816558831
0	-6.625000000000033	0	12.712209433835982	0	54.01780919521197
0	-5.937500000000037	0	12.466895482541897	0	51.806806312157185
0	-5.562499999999985	0	12.352343788553814	0	50.30069193877504
0	-5.000000000000007	0	12.178819881334665	0	48.93089995715141
0	-4.687500000000013	0	12.084801860473842	0	47.768872295480804
0	-4.250000000000003	0	11.888158214774277	0	46.36692451704069
0	-3.9375000000000093	0	11.824501636941966	0	45.162132957959614
0	-3.4375000000000404	0	11.651877338468282	0	44.05221440040602
0	-2.7499999999999942	0	11.512312975851131	0	42.329275221601335
0	-2.375000000000043	0	11.416081488293994	0	41.23817989948295
0	-1.9374999999999813	0	11.343846314613002	0	40.156798902765544
0	-1.4375000000000124	0	11.289583593453651	0	38.9622112592741
0	-0.6250000000000502	0	11.263592953289402	0	37.42236062536782
0	0.3749999999999894	0	11.264213489074818	0	35.54369541053636
0	1.9374999999999891	0	11.09656435550741	0	33.7562172717164
0	4.1249999999999885	0	10.968573821584688	0	30.44093260281643
0	5.874999999999989	0	10.795020308355909	0	28.042096310933744
0	7.9999999999999885	0	10.586274373150982	0	25.883686148461123
0	9.68749999999999	0	10.545690432218125	0	24.0946145064005
0	10.812499999999988	0	10.691942387318141	0	22.6949986957117
0	12.49999999999999	0	10.676438371545048	0	21.076633959191142
0	14.249999999999988	0	10.798096109638596	0	18.963386070189852
0	16.374999999999986	0	10.771834926742828	0	17.115971810948007
0	17.499999999999986	0	10.929165469576505	0	15.730041640812868
0	19.687499999999986	0	11.031591175062019	0	13.55690427748244
0	20.812499999999986	0	11.164194813556726	0	12.349255800664528
0	21.812499999999986	0	11.284122036190116	0	11.28525217184568
0	23.37499999999999	0	11.33013020925255	0	9.901766622037943
0	24.93749999999999	0	11.607580579221414	0	8.139863866457018
0	26.93749999999999	0	11.870785676816645	0	6.064769255281792
0	28.437499999999986	0	12.055706755233922	0	4.607954201055846
0	30.87499999999999	0	12.438574883745003	0	2.0206105122643705
0	32.68749999999998	0	12.70077033723432	0	0.1345325672321902
0	33.562499999999986	0	12.807914959806782	0	-0.9028969791131063
0	34.687499999999986	0	13.088539979444722	0	-2.4475150733665916
0	35.812499999999986	0	13.222685199024742	0	-4.052620959649875
0	36.812499999999986	0	13.24522365468875	0	-5.3827145973985635
0	37.49999999999999	0	13.195612264271075	0	-6.77962735175766
0	38.312499999999986	0	13.085015722381799	0	-8.039457459545426
0	39.062499999999986	0	12.853485719054536	0	-9.618245326003736
0	39.43749999999999	0	12.531530146569242	0	-10.92082439820207
0	40.062499999999986	0	11.951851790455	0	-12.900940410458304
0	40.43749999999999	0	11.21155363261278	0	-14.222116280637096
0	40.749999999999986	0	10.179284016139292	0	-15.945374793622618
0	40.87499999999999	0	9.288200892677853	0	-17.10887704473452
0	40.812499999999986	0	8.009060225214949	0	-18.259519267549685
0	40.624999999999986	0	7.097919656240982	0	-18.904797849081827
0	40.12499999999999	0	5.385530436933365	0	-19.82910745288048
0	39.687499999999986	0	4.085438102077905	0	-20.315977765125275
0	39.43749999999999	0	3.1801675734174255	0	-20.62847497357188
0	38.81249999999999	0	1.5174276381413105	0	-20.97931801301203
0	38.249999999999986	0	0.39511955823372835	0	-21.035242167970168
0	37.874999999999986	0	-0.6190584719673127	0	-21.19342261926648
0	37.249999999999986	0	-1.8903356842377397	0	-21.159637326219613
0	36.812499999999986	0	-2.94689298174848	0	-21.121579052103776
0	36.062499999999986	0	-4.225257985620814	0	-20.83945560878799
0	35.374999999999986	0	-5.266960177276839	0	-20.59998647224173
0	34.687499999999986	0	-6.804345482860928	0	-20.294776917927113
0	33.999999999999986	0	-7.917847101136564	0	-19.965241488508788
0	33.62499999999999	0	-8.879799981935276	0	-19.664531523128687
0	33.124999999999986	0	-9.901180981055372	0	-19.417665678169193
0	32.81249999999999	0	-10.98231698715846	0	-19.18532991678581
0	32.187499999999986	0	-12.525503157317956	0	-18.745939283867084
0	31.68749999999999	0	-13.607364300669495	0	-18.454322625446014
0	31.312499999999986	0	-14.753775901850629	0	-18.164012387988425
0	30.937499999999982	0	-16.285336470855267	0	-17.932972110751855
0	30.56249999999999	0	-17.33994958947151	0	-17.7296802265437
0	30.31249999999999	0	-18.15409972082424	0	-17.46089600626082
0	29.74999999999999	0	-19.881693056887656	0	-17.00540855701329
0	29.124999999999986	0	-21.55670103544254	0	-16.546673334650254
0	28.74999999999999	0	-22.384008757234742	0	-16.258520930235907
0	28.37499999999999	0	-23.571790381938982	0	-15.836439509160284
0	27.999999999999986	0	-24.525982508112378	0	-15.540283322237693
0	27.81249999999999	0	-25.393963978989433	0	-15.298429813712769
0	27.62499999999999	0	-26.303163725818624	0	-15.092345710231665
0	27.374999999999986	0	-27.30905849476659	0	-14.741992347102705
0	27.187499999999986	0	-28.51863182964188	0	-14.435757615326013
0	27.062499999999986	0	-29.529048365991343	0	-14.168249081731503
0	26.81249999999999	0	-30.631762989395977	0	-13.850484246604458
0	26.499999999999986	0	-31.77709423895083	0	-13.4499716822853
0	26.18749999999999	0	-32.774686644237576	0	-13.053693070679312
0	25.812499999999982	0	-33.90856325289581	0	-12.609584261072625
0	25.31249999999999	0	-35.33112857072228	0	-12.004646812157832
0	24.74999999999999	0	-37.029931852160544	0	-11.195591812795186
0	24.249999999999986	0	-38.150795582579214	0	-10.657702523266904
0	23.187499999999986	0	-40.040798137380065	0	-9.603669569950977
0	21.687499999999986	0	-41.58004886827461	0	-8.29929842699531
0	20.74999999999999	0	-42.74538788685819	0	-7.434229170337477
0	19.249999999999986	0	-44.42553414116395	0	-6.140477679792696
0	17.499999999999986	0	-45.470831801590876	0	-4.9017383876266205
0	16.124999999999986	0	-46.58183110812489	0	-3.7403301935597897
0	13.06249999999999	0	-48.330285118218676	0	-1.4636476864857677
0	11.37499999999999	0	-49.282173343694275	0	0.029938105561519546
0	8.749999999999988	0	-50.60174953564936	0	2.1342140861843886
0	5.937499999999988	0	-51.55399471995975	0	4.3361934691508335
0	3.187499999999987	0	-52.572756949374714	0	6.711497016328936
0	1.2499999999999873	0	-53.340514411812215	0	8.52678360081451
0	-1.5625000000000537	0	-54.00018094185371	0	10.669365571414483
0	-4.3125000000000355	0	-54.61445955268536	0	13.000183050116657
0	-9.000000000000036	0	-55.41461008736409	0	16.792722890464272
0	-10.874999999999996	0	-55.67003663910204	0	18.607892936996134
0	-12.812500000000016	0	-55.86205516296344	0	20.52051795173161
0	-16.56250000000004	0	-56.047575077129025	0	23.923819477019467
0	-19.43750000000004	0	-55.74478130235402	0	26.296019083994388
0	-23.12500000000005	0	-55.47269850265472	0	29.49757392375391
0	-26.000000000000046	0	-55.1307103770021	0	32.693888350942096
0	-29.562500000000043	0	-54.377132398488044	0	35.574314678625605
0	-32.250000000000064	0	-53.656270934443455	0	38.27502231085364
0	-35.68750000000004	0	-52.58818139229867	0	41.288180263786394
0	-37.37500000000003	0	-51.90638525335506	0	42.897061486681544
0	-39.812500000000014	0	-50.91958393630154	0	44.915654746740934
0	-42.75000000000003	0	-49.59667857123259	0	47.476769130251824
0	-44.812500000000064	0	-48.31884551397734	0	49.45901636422768
0	-47.125000000000036	0	-47.04884199655203	0	51.35334370986837
0	-48.937500000000036	0	-45.50094829089801	0	53.688159995236774
0	-50.87500000000006	0	-43.847182603451714	0	55.78296943384456
0	-51.50000000000004	0	-43.04460290746581	0	56.872193736014594
0	-52.93750000000004	0	-41.61945735945491	0	58.81570294008932
0	-53.37500000000005	0	-41.01330741598379	0	59.85299346487954
0	-53.87500000000002	0	-40.500388835753014	0	60.67557479160576
0	-54.06250000000005	0	-40.06521958578944	0	61.926389335793466
0	-54.06250000000005	0	-39.90956041682637	0	62.80312749947029
0	-53.81250000000006	0	-39.87742971468492	0	63.48779450628253
0	-53.50000000000007	0	-39.893297984172776	0	64.19506777674316
0	-53.18750000000002	0	-39.956715458249136	0	64.97290910268035
0	-53.00000000000005	0	-39.95563925024287	0	65.5825298980922
0	-52.68750000000006	0	-40.00182892153933	0	66.37079286991401
0	-52.3125	0	-40.00166890414913	0	67.22730391102183
0	-52.00000000000006	0	-40.06646013494584	0	67.98480671970495
0	-51.81250000000003	0	-40.036472065304025	0	68.782668812693
0	-51.56250000000005	0	-39.97250658990593	0	69.88261524689376
0	-51.437500000000036	0	-39.9094790653681	0	70.59154971828403
0	-51.37500000000002	0	-39.7389455964718	0	71.35398922945242
0	-51.312500000000014	0	-39.51949589737475	0	72.01031742918475
0	-51.312500000000014	0	-38.99698973304066	0	73.47816094737814
0	-51.312500000000014	0	-38.687493261987036	0	74.32264250371496
0	-51.50000000000004	0	-38.27525151790992	0	75.17410324280856
0	-52.00000000000006	0	-37.6274420977997	0	76.66056011841174
0	-52.37500000000001	0	-37.193877514863274	0	77.63102412979472
0	-53.06250000000001	0	-36.56525873577112	0	78.57965493016455
0	-54.000000000000036	0	-35.79167574199149	0	79.99424877183752
0	-54.75000000000004	0	-35.15428342177184	0	80.90936996212409
0	-56.00000000000002	0	-34.35136032855441	0	81.9207199299634
0	-57.37500000000006	0	-33.51500825216744	0	83.14684515132873
0	-58.812500000000064	0	-32.43273590985316	0	84.87261114192786
0	-60.87500000000004	0	-31.04585667064917	0	86.3836809950492
0	-62.37500000000006	0	-29.941578865407507	0	87.58308350213836
0	-64.37500000000003	0	-28.480212147758905	0	89.00471912804083
0	-65.00000000000007	0	-27.846314753952967	0	89.66037853098955
0	-65.81250000000009	0	-27.002096654773105	0	90.35843155208808
0	-66.43750000000001	0	-26.010301115169394	0	91.17215707909905
0	-67.31250000000004	0	-24.686019939492677	0	92.00685867577937
0	-67.56250000000007	0	-24.11359433197463	0	92.3871639221899
0	-68.00000000000003	0	-22.89880475023923	0	93.08273226193417
0	-68.1875	0	-22.1955645167405	0	93.39251205965712
0	-68.25000000000001	0	-21.57363092993527	0	93.676962208799
0	-68.12500000000006	0	-20.714869646987733	0	94.0767339128893
0	-68.00000000000003	0	-20.006031412392716	0	94.40504079703187
0	-67.93750000000003	0	-19.493678908761797	0	94.64013278497387
0	-67.68750000000003	0	-18.523417728989266	0	95.11554511153113
0	-67.50000000000001	0	-18.000978001756323	0	95.39242039120731
0	-67.18750000000001	0	-17.331303631081312	0	95.81146287082831
0	-66.93750000000004	0	-16.74008712477788	0	96.15064464814654
0	-66.68750000000004	0	-15.87110554123108	0	96.59787927389921
0	-66.43750000000001	0	-15.322269495239327	0	96.9174307831876
0	-66.12500000000003	0	-14.832024058853584	0	97.22703755405125
0	-65.87500000000003	0	-14.280903211355549	0	97.54429947185297
0	-65.50000000000003	0	-13.846598977301435	0	97.82767684714017
0	-65.12500000000004	0	-13.314644808310401	0	98.17055813071985
0	-64.87500000000004	0	-12.692621018219594	0	98.54663988289415
0	-64.62500000000001	0	-12.077698707817696	0	98.756530334331
0	-64.37500000000003	0	-11.551462556240358	0	99.04992739217394
0	-63.68750000000003	0	-10.383989297387906	0	99.81761132009518
0	-63.50000000000006	0	-9.895317715212022	0	100.1401924905803
0	-63.18750000000007	0	-9.447146422557553	0	100.44348295274006
0	-63.06250000000004	0	-8.827408173284262	0	100.77141502871565
0	-62.812500000000014	0	-8.262271217128873	0	101.16865207910578
0	-62.437500000000064	0	-7.550135358780411	0	101.71189259418749
0	-62.250000000000036	0	-7.012403030067238	0	102.04099898773877
0	-61.81250000000002	0	-6.161836965336058	0	102.59494355646537
0	-61.50000000000003	0	-5.410944920992635	0	103.14703766854868
0	-61.187500000000036	0	-4.785903825413828	0	103.60189181023195
0	-60.87500000000004	0	-4.222362257128131	0	103.98831357536451
0	-60.500000000000036	0	-3.8040180805668835	0	104.31626460423963
0	-60.31250000000001	0	-3.259293464187125	0	104.70537442687866
0	-60.00000000000002	0	-2.70358574969371	0	105.1183162103358
0	-59.68750000000008	0	-2.188822516329613	0	105.49104119139673
0	-59.43750000000004	0	-1.733185030052581	0	105.79714530942078
0	-58.875000000000064	0	-1.2132097363340901	0	106.2616970676497
0	-58.62500000000003	0	-0.7803483268852418	0	106.57610418051767
0	-58.25000000000003	0	-0.24778572683548705	0	106.97316528570654
0	-58.00000000000005	0	0.20206800908559308	0	107.32207638346974
0	-57.750000000000014	0	0.7817287493658577	0	107.73040772113993
0	-57.37500000000006	0	1.2857614197117946	0	108.1671402690293
0	-57.00000000000005	0	1.581321882992078	0	108.4709073590356
0	-56.750000000000014	0	1.921346679393046	0	108.77043512832536
0	-56.500000000000036	0	2.3022718663250883	0	109.10105032889336
0	-56.12500000000003	0	2.7971832697931953	0	109.56440219144133
0	-55.68750000000002	0	3.6259254643730543	0	110.20949974783667
0	-55.31250000000007	0	4.239194365781771	0	110.7062408875956
0	-54.937500000000014	0	4.896932183843432	0	111.28635863455028
0	-54.687500000000036	0	5.487076818366039	0	111.79294914399111
0	-54.562500000000064	0	6.01883594788162	0	112.24213354996452
0	-54.375000000000036	0	6.598147196732633	0	112.76976180331728
0	-54.187500000000014	0	7.022329456593276	0	113.18785741400804
0	-53.75000000000005	0	7.564496937744723	0	113.77905063644404
0	-53.62500000000004	0	8.051456398201251	0	114.2255456001029
0	-53.50000000000007	0	8.667390860534116	0	114.72958180870398
0	-53.43750000000006	0	9.054323387499403	0	115.0666835950023
0	-53.50000000000007	0	9.58407156752737	0	115.62909263732078
0	-53.75000000000005	0	10.04708078255046	0	116.20014193127851
0	-54.31250000000003	0	10.879176725638473	0	117.30259567906008
0	-55.00000000000003	0	11.577524207290027	0	118.00830380493409
0	-55.56250000000006	0	12.204041310640623	0	118.73374733112719
0	-56.500000000000036	0	13.26615186080737	0	119.84611246564904
0	-57.750000000000014	0	14.60493420886396	0	121.06889434978687
0	-58.25000000000003	0	15.32437109984148	0	121.68516114714805
0	-59.31250000000002	0	16.41130964685319	0	122.62633542118573
0	-60.18750000000005	0	17.305908901581105	0	123.50035239115763
0	-60.93750000000005	0	18.124223349244392	0	124.30033543544086
0	-61.87500000000003	0	19.013968590597514	0	125.13009480416623
0	-64.18750000000006	0	20.80465654179938	0	126.54655501655871
0	-66.93750000000004	0	22.917991845423067	0	128.0950672271765
0	-68.43750000000004	0	24.183931434928287	0	129.09697664913853
0	-70.68750000000006	0	25.85693744948972	0	130.26388123022096
0	-73.50000000000004	0	27.86967406287279	0	131.26280640591963
0	-74.75000000000007	0	28.913230204479973	0	131.773282618752
0	-76.37500000000004	0	29.996032768912563	0	132.0488975126957
0	-77.93750000000001	0	31.092056953619004	0	132.3806354632367
0	-78.62500000000001	0	31.611604208310208	0	132.40895975831498
0	-78.75000000000003	0	31.725408403684884	0	132.3288671917762
0	-78.62500000000001	0	31.709724719570975	0	132.21878088016916
0	-78.62500000000001	0	31.703264332263615	0	132.18556096452033
0	-78.75000000000003	0	31.77564647488797	0	132.17217979682607
0	-79.00000000000006	0	31.87426382840878	0	132.1886260328893
0	-79.31250000000006	0	31.944340541100686	0	132.12867155250217
0	-79.37500000000006	0	31.994484871894503	0	132.13166865787633
0	-79.6875	0	32.05399286672409	0	132.0449191562272
0	-79.93750000000004	0	32.1728068482238	0	131.94737701794062
0	-80.25000000000003	0	32.30494220692773	0	131.84543186202276
0	-80.43750000000001	0	32.41483578719028	0	131.72743430609444
0	-80.81250000000006	0	32.557858775683265	0	131.5976015102324
0	-81.25000000000003	0	32.81834745469818	0	131.5085396234973
0	-81.50000000000001	0	32.91418620143452	0	131.4064469937215
0	-81.87500000000006	0	33.0802322239717	0	131.31708061803985
0	-82.06250000000004	0	33.032081415110014	0	131.2255060035917
0	-82.18750000000004	0	33.0284467757146	0	131.22691913724987
0	-82.25000000000001	0	33.004852873664866	0	131.31939244119312
0	-82.37500000000003	0	32.97712669112675	0	131.36208337752407
0	-82.37500000000003	0	32.938423670461916	0	131.40147487379002
0	-82.43750000000004	0	32.92225734751607	0	131.39839835665634
0	-82.37500000000003	0	32.87905189213739	0	131.40103082235208
0	-82.37500000000003	0	32.91068640341436	0	131.38669382922674
0	-82.37500000000003	0	32.93101491624974	0	131.3597000798389
0	-82.37500000000003	0	32.93541142751311	0	131.32685907419187
0	-82.31250000000003	0	32.93160924877634	0	131.3402468325803
0	-82.31250000000003	0	32.94196161624288	0	131.3323568721251
0	-82.25000000000001	0	32.922220794135704	0	131.33989429318405
0	-82.25000000000001	0	32.92951664653553	0	131.34088721511813
0	-82.25000000000001	0	32.9302613379861	0	131.33541532581825
0	-82.25000000000001	0	32.9302613379861	0	131.33541532581825
0	-82.25000000000001	0	32.9302613379861	0	131.33541532581825
0	-82.25000000000001	0	32.9302613379861	0	131.33541532581825
0	-82.25000000000001	0	32.9302613379861	0	131.33541532581825
0	-82.25000000000001	0	32.9302613379861	0	131.33541532581825
0	-82.25000000000001	0	32.930509568469624	0	131.3335913627183
0	-82.25000000000001	0	32.930509568469624	0	131.3335913627183
0	-82.25000000000001	0	32.930509568469624	0	131.3335913627183
0	-82.25000000000001	0	32.930509568469624	0	131.3335913627183
0	-82.25000000000001	0	32.930509568469624	0	131.3335913627183
0	-82.25000000000001	0	32.930509568469624	0	131.3335913627183
0	-82.25000000000001	0	32.88813748725652	0	131.30367408033084
0	-82.12500000000004	0	32.69366383506477	0	131.2701418753088
0	-81.93750000000007	0	32.45027957768451	0	131.2529740758079
0	-81.56250000000001	0	32.03952446578662	0	131.25675667027684
0	-81.12500000000006	0	31.599144519841843	0	131.27919296909164
0	-80.81250000000006	0	31.18643101304372	0	131.29040571763798
0	-80.37500000000004	0	30.776081261099844	0	131.32663507011762
0	-79.87500000000003	0	30.27739021408616	0	131.38047262746414
0	-79.56250000000003	0	29.834922970295093	0	131.34019878472398
0	-79.06250000000007	0	29.383225632879068	0	131.3728953404636
0	-78.56250000000004	0	28.652999072689827	0	131.2455881967668
0	-77.81250000000004	0	27.6914614360796	0	131.13111957511384
0	-77.00000000000003	0	26.981117114218904	0	131.11632763604186
0	-76.31250000000004	0	26.02576036783778	0	130.94980448572542
0	-75.75000000000006	0	25.408417577360204	0	130.885861408525
0	-75.00000000000006	0	24.760478271145132	0	130.86613967017718
0	-74.62500000000006	0	24.361521459959025	0	130.8074760290935
0	-74.25000000000004	0	24.110931652479987	0	130.81824648443356
0	-74.25000000000004	0	24.103844990838795	0	130.81624783914486
0	-74.37500000000001	0	24.14743307634174	0	130.79809457846656
0	-74.43750000000003	0	24.169968978068624	0	130.78629530528679
0	-74.37500000000001	0	24.152719911543986	0	130.7996236910954
0	-74.31250000000001	0	24.15368695529608	0	130.81609965271855
0	-74.31250000000001	0	24.161710930043302	0	130.80114522497604
0	-74.25000000000004	0	24.154925714330158	0	130.77723097385345
0	-74.18750000000004	0	24.183844942136336	0	130.75568169852076
0	-74.06250000000003	0	24.188655677181018	0	130.73784219676074
0	-73.75000000000003	0	24.16388049951231	0	130.75462745674497
0	-73.5625	0	24.205297308199395	0	130.75591067486675
0	-73.18750000000006	0	24.17712581795453	0	130.77631747207164
0	-72.75000000000004	0	24.1750764906652	0	130.76107878561513
0	-72.43750000000004	0	24.164364961668138	0	130.7316627969837
0	-71.68750000000004	0	24.09459495601286	0	130.66786332057075
0	-71.31250000000004	0	24.081141743670663	0	130.63040419393218
0	-70.87500000000003	0	24.042574750137238	0	130.6319708367319
0	-70.25000000000004	0	24.062083970279474	0	130.62261417017746
0	-69.87500000000004	0	24.122345397486605	0	130.61627360643575
0	-69.56250000000006	0	24.16755836145856	0	130.63531597934178
0	-69.43750000000003	0	24.40184424114771	0	130.6179368633972
0	-69.37500000000007	0	24.516513348741594	0	130.64210384560909
0	-69.43750000000003	0	24.62459158578224	0	130.65835715204508
0	-69.50000000000004	0	24.729253052789247	0	130.6889346041052
0	-69.62500000000006	0	24.848116198967396	0	130.7239102647602
0	-69.68750000000001	0	24.925917669582578	0	130.74213438529299
0	-69.75000000000003	0	24.990757008585064	0	130.74759760823076
0	-69.87500000000004	0	25.08240085910901	0	130.74439818248928
0	-69.9375	0	25.150713119143763	0	130.7509196704209
0	-70.0	0	25.223142535491824	0	130.71378192326637
0	-69.9375	0	25.2697669567269	0	130.57498641744849
0	-69.81250000000003	0	25.350100177750946	0	130.33970753211048
0	-69.43750000000003	0	25.46217578400386	0	129.93380228199308
0	-69.00000000000001	0	25.481074304659117	0	129.61997306888608
0	-68.56250000000006	0	25.593518199150154	0	129.1950205949434
0	-67.93750000000003	0	25.58991664765873	0	128.7936191522345
0	-67.12500000000001	0	25.550463132685255	0	128.42341948238
0	-66.50000000000003	0	25.679612932356235	0	127.81375274335068
0	-65.31250000000006	0	25.702083755387605	0	127.25667557331937
0	-64.62500000000001	0	25.793137433798236	0	126.71766464816163
0	-63.68750000000003	0	25.776818963829747	0	126.32269882222222
0	-63.06250000000004	0	25.97659944579605	0	125.97934987900773
0	-61.87500000000003	0	26.235605899481815	0	125.16936156796068
0	-61.062500000000014	0	26.52912900497125	0	124.73748228789057
0	-60.500000000000036	0	26.756129640842058	0	124.17679430334994
0	-59.68750000000008	0	26.832308554859562	0	123.83518014114883
0	-58.4375	0	27.104263257894495	0	123.05349489198223
0	-57.81250000000002	0	27.377784018897163	0	122.59910800834152
0	-56.875000000000036	0	27.659161180276005	0	122.04294577664287
0	-55.56250000000006	0	27.843780527335472	0	121.5280120219529
0	-54.43750000000005	0	28.40880719647034	0	120.81571042344501
0	-54.000000000000036	0	29.042021924170474	0	120.337091759106
0	-53.56250000000008	0	30.070863652044572	0	119.89016383304156
0	-53.81250000000006	0	31.35323005606486	0	119.63147080041585
0	-54.375000000000036	0	32.395027782537205	0	119.55419529488074
0	-55.12500000000004	0	33.92686138155212	0	119.39632157387747
0	-56.500000000000036	0	35.50459699282506	0	119.42323657747819
0	-57.25000000000004	0	36.52922613578149	0	119.26874551797754
0	-59.18750000000006	0	38.76828365601696	0	119.08312499604912
0	-60.68750000000007	0	40.58001055312858	0	118.95320220122875
0	-61.56250000000004	0	41.61030924414563	0	118.66973738005528
0	-64.25000000000006	0	44.06045053687831	0	118.48424480362141
0	-65.75000000000001	0	45.35453641449479	0	118.23772177509723
0	-66.81250000000007	0	46.36137668591273	0	118.08883631738065
0	-69.12500000000004	0	48.20430295958284	0	117.85833009282852
0	-71.50000000000001	0	50.159709953756206	0	117.49390030053851
0	-74.18750000000004	0	51.86542367530453	0	117.16895187656397
0	-76.25000000000003	0	53.51672738819465	0	116.96672847136476
0	-78.50000000000004	0	54.846975557190035	0	116.66600163825666
0	-80.00000000000004	0	55.899435837258544	0	116.43250794266719
0	-83.00000000000001	0	57.54234121642724	0	115.84398719798162
0	-84.50000000000007	0	58.5911540516585	0	115.4960011318205
0	-85.93750000000003	0	59.50202374167329	0	115.11961507827682
0	-87.43750000000004	0	60.460996121036295	0	114.6929900700863
0	-91.06250000000004	0	62.162355977482385	0	113.73327599628345
0	-92.50000000000003	0	63.02544583172793	0	113.28284094898991
0	-94.00000000000004	0	63.831959194735084	0	112.83200918253453
0	-96.43750000000003	0	65.01978746834725	0	112.12297465314704
0	-99.81250000000006	0	66.79719207519912	0	111.2443700713995
0	-102.37500000000006	0	68.08612867684934	0	110.4543379315269
0	-104.12500000000006	0	68.9466385264284	0	109.83026876787446
0	-106.56250000000004	0	70.27864173970016	0	108.95018066988996
0	-110.625	0	72.1631391468154	0	107.46044839026442
0	-112.12500000000001	0	72.87772905269519	0	106.7543434528466
0	-114.87500000000004	0	74.1160870273042	0	105.35123110608883
0	-116.75000000000001	0	74.97124246917566	0	104.14127490087438
0	-118.00000000000003	0	75.4974176168152	0	103.03326590271853
0	-118.75000000000004	0	75.97374728813347	0	101.22772117502716
0	-118.87500000000006	0	76.15673406679613	0	100.10665127531969
0	-118.56250000000001	0	76.181540102928	0	99.34518222549532
0	-117.93750000000009	0	76.33384948467888	0	98.63363838063519
0	-116.75000000000001	0	76.38798887880829	0	97.91321355181537
0	-115.75000000000003	0	76.53859900625224	0	97.42592556774558
0	-114.68750000000003	0	76.60610182677524	0	97.27882981764834
0	-113.62500000000009	0	76.90414410190469	0	96.87811759162526
0	-112.50000000000007	0	76.88539434711338	0	96.8536797311117
0	-111.68750000000006	0	77.04920043955954	0	96.74754576359153
0	-110.06250000000009	0	77.16306103511296	0	96.75355007922174
0	-108.75000000000006	0	77.23190656234588	0	96.67350768497487
0	-107.31250000000006	0	77.11278465514653	0	96.70961643706231
0	-105.37500000000004	0	76.94272169183661	0	96.8136036706392
0	-103.93750000000004	0	76.82975265548639	0	96.9362255494434
0	-102.93750000000004	0	76.8207562187496	0	97.02183730963176
0	-101.25000000000006	0	76.76483953136993	0	97.27761648848583
0	-100.43750000000006	0	76.73405691944551	0	97.28280087438664
0	-99.18750000000003	0	76.77734249180098	0	97.41775413941525
0	-98.25000000000006	0	76.77745168466346	0	97.5994329111562
0	-97.50000000000004	0	76.93867443416252	0	97.79332760722313
0	-96.93750000000006	0	77.07974797750596	0	97.9877250941574
0	-96.56250000000006	0	77.24173250117747	0	98.1467363814982
0	-96.00000000000009	0	77.33143831288669	0	98.29008523262769
0	-95.12500000000007	0	77.31706964318641	0	98.43959670754256
0	-94.62500000000004	0	77.22208535139616	0	98.5115575249754
0	-93.93750000000006	0	76.961372939438	0	98.65832832313961
0	-92.00000000000003	0	76.17919766351085	0	99.16701032050584
0	-90.18750000000003	0	75.18661821930802	0	99.64550843655931
0	-88.25000000000006	0	74.20515609630587	0	100.178004493388
0	-86.93750000000009	0	73.38344408793128	0	100.5452307478101
0	-84.87500000000004	0	72.20866957369955	0	101.11764199776766
0	-82.81250000000006	0	71.15627488399744	0	101.67891393747425
0	-80.75000000000007	0	69.90971166078553	0	102.21209030375203
0	-78.62500000000001	0	68.66335269368162	0	102.7155813427678
0	-77.18750000000007	0	67.70327060964529	0	103.05145596925915
0	-75.75000000000007	0	66.89169969585348	0	103.31401411741932
0	-73.56250000000001	0	65.6405009425603	0	103.75017884721656
0	-71.37500000000006	0	64.22527765448733	0	104.04379696574576
0	-69.93750000000001	0	63.26552734989769	0	104.19738576906083
0	-67.06250000000007	0	61.51571615277569	0	104.56131574326794
0	-63.50000000000007	0	59.26889408111058	0	104.92409502434684
0	-62.000000000000064	0	58.33208654961067	0	104.99139702746403
0	-59.25000000000003	0	56.78139139451904	0	105.1923139327683
0	-57.125000000000085	0	55.28578888302891	0	105.08995630109104
0	-55.75000000000004	0	54.44581682584099	0	105.07032064625038
0	-52.93750000000005	0	52.67787025491742	0	104.95719195981626
0	-50.812500000000064	0	51.381818237308444	0	104.81397827902327
0	-49.43750000000007	0	50.35593949560879	0	104.55453660254989
0	-47.31250000000007	0	49.13033432907082	0	104.34671057019384
0	-45.31250000000004	0	47.82304112744813	0	104.03015865130536
0	-43.250000000000064	0	46.704292948129584	0	103.82866111762792
0	-41.87500000000007	0	45.78248932872255	0	103.49042159255426
0	-39.81250000000003	0	44.59385644152669	0	103.1535758190789
0	-38.43750000000004	0	43.704672201354164	0	102.775671043559
0	-35.62500000000005	0	42.03866369226846	0	102.08917828243067
0	-33.50000000000006	0	40.81812332162434	0	101.52442348578273
0	-32.125000000000014	0	40.0396090857543	0	101.06530471814877
0	-29.50000000000005	0	38.676409208148854	0	100.38733637876074
0	-27.62500000000004	0	37.75451940419427	0	99.77677717615552
0	-26.437500000000075	0	37.17297291012424	0	99.31538633592714
0	-25.312500000000064	0	36.65234443435074	0	98.86914498263332
0	-23.75000000000005	0	35.86631353967616	0	98.08675049887488
0	-22.125000000000025	0	35.1340327803085	0	97.47995868497942
0	-20.625000000000014	0	34.46483978602511	0	96.85625324380784
0	-19.187500000000068	0	33.85356154347943	0	96.26365885262348
0	-17.18750000000004	0	33.026990585510234	0	95.37302648720569
0	-15.812500000000048	0	32.50083044319348	0	94.70485098613563
0	-14.875000000000068	0	32.14143613970042	0	94.22712024681171
0	-13.625000000000044	0	31.66415695305568	0	93.66635278269217
0	-12.31250000000006	0	31.15302640776344	0	93.03530676526651
0	-11.187500000000055	0	30.723251072626656	0	92.47656153230767
0	-10.43750000000005	0	30.42090197172403	0	92.01416877118928
0	-9.125000000000018	0	29.945991549269888	0	91.41149598580415
0	-8.437500000000073	0	29.67677188479512	0	90.98109863339178
0	-7.8125000000000355	0	29.444785524433666	0	90.63446353412776
0	-7.187500000000049	0	29.225172857502123	0	90.3306095502453
0	-5.8750000000000675	0	28.778530340290658	0	89.81912664366678
0	-5.312500000000038	0	28.546583375781168	0	89.59574014652475
0	-4.937500000000087	0	28.33715674136412	0	89.47814565998549
0	-4.75000000000001	0	28.20903370575873	0	89.3775565218342
0	-4.562500000000035	0	28.12414423821603	0	89.3026703770981
0	-4.4375000000000675	0	28.09061373491768	0	89.25330272811439
0	-4.31250000000005	0	28.059240998355722	0	89.2295512577865
0	-4.31250000000005	0	28.066408728982804	0	89.25116278205915
0	-4.31250000000005	0	28.07035669862804	0	89.25455707341138
0	-4.375000000000059	0	28.090559573107022	0	89.2660712300553
0	-4.31250000000005	0	28.070581516463662	0	89.23421304743303
0	-4.31250000000005	0	28.079620923137256	0	89.23168538431742
0	-4.1875000000000835	0	28.213084818458622	0	89.16626964902659
0	-3.875000000000039	0	28.392247390076655	0	89.05936167518634
0	-3.1250000000000346	0	28.53604928408133	0	88.86926970696346
0	-1.5625000000000682	0	28.702020181480545	0	88.51014122672741
0	-0.6250000000000884	0	29.00945719115569	0	88.39066929011368
0	0.874999999999971	0	29.207353039773743	0	88.09994528894484
0	3.124999999999971	0	29.556929950755222	0	87.85315716726373
0	4.249999999999971	0	29.78627444009942	0	87.73309780561132
0	6.062499999999972	0	29.877650293061727	0	87.53192231255807
0	7.81249999999997	0	29.82512720080468	0	87.21486745304317
0	9.749999999999973	0	30.201699778738657	0	87.19889246908794
0	11.06249999999997	0	30.387522327758546	0	87.18546701219313
0	13.62499999999997	0	30.531052459674566	0	86.93532442191388
0	16.81249999999997	0	30.706175989920023	0	86.7364010336746
0	19.312499999999968	0	30.81701877489746	0	86.64124190904589
0	20.93749999999997	0	30.8972210611108	0	86.71929998508757
0	21.812499999999975	0	31.015652928340902	0	86.91129778115982
0	22.624999999999968	0	31.13662238323858	0	87.21096921277035
0	23.749999999999975	0	31.232433593213276	0	87.26049547845986
0	24.437499999999968	0	31.27484125528786	0	87.48833741734845
0	25.06249999999997	0	31.313862214154902	0	87.68792628221048
0	25.74999999999997	0	31.366706515895782	0	87.77508771586919
0	26.249999999999975	0	31.391474739240643	0	87.9605167545117
0	26.68749999999997	0	31.378487841672722	0	88.07034139695674
0	27.249999999999968	0	31.38099126863231	0	88.08474186243066
0	27.624999999999975	0	31.411664583957478	0	88.10610355631054
0	27.937499999999975	0	31.42726234815638	0	88.1344383402849
0	28.312499999999968	0	31.423622787147483	0	88.09809681219826
0	28.49999999999997	0	31.41939015945321	0	88.11208972586624
0	28.68749999999997	0	31.396784005263047	0	88.08246692037919
0	28.812499999999968	0	31.390382893147777	0	88.03661802155928
0	28.937499999999975	0	31.513793806463518	0	88.0183001826674
0	29.437499999999975	0	31.688650533493444	0	87.88537068180952
0	30.12499999999997	0	31.86534933175404	0	87.80319357055964
0	30.874999999999975	0	31.87666327712988	0	87.75016516646002
0	31.18749999999997	0	31.849104317301375	0	87.84241913026722
0	31.499999999999975	0	31.810143362159636	0	87.86307877652237
0	31.687499999999975	0	31.746856969462645	0	87.92303866958325
0	31.812499999999975	0	31.701659313553083	0	87.9791608357413
0	31.93749999999998	0	31.678875377679145	0	87.97765167674434
0	32.06249999999998	0	31.765183304827502	0	87.99229488480825
0	32.81249999999998	0	32.02059386328935	0	87.80690088198658
0	33.74999999999998	0	32.24580110933629	0	87.67390831932565
0	34.31249999999997	0	32.37566178786688	0	87.74322389138263
0	35.06249999999997	0	32.34289383440404	0	87.69349853891427
0	35.37499999999997	0	32.29009159288183	0	87.81996518241758
0	35.81249999999998	0	32.19205456035123	0	87.92054462379065
0	36.12499999999997	0	32.152944792480014	0	87.97091340473496
0	36.31249999999997	0	32.15490817048805	0	88.03581083166864
0	36.62499999999998	0	32.192097870335814	0	88.0052685057624
0	36.74999999999997	0	32.18994466057195	0	87.97115739770283
0	36.74999999999997	0	32.17997444105106	0	87.95682016988953
0	36.62499999999998	0	32.20372528248227	0	87.9495851873967
0	36.62499999999998	0	32.231179325357026	0	87.91265196547293
0	36.62499999999998	0	32.26230702053874	0	87.8738622475102
0	36.68749999999998	0	32.29018780532821	0	87.83478153337731
0	36.68749999999998	0	32.297539155816	0	87.831076558173
0	36.68749999999998	0	32.297539155816	0	87.831076558173
0	36.68749999999998	0	32.29533961066173	0	87.8340288183523
0	36.68749999999998	0	32.28874097519896	0	87.84288559889013
0	36.68749999999998	0	32.28874097519896	0	87.84288559889013
0	36.68749999999998	0	32.28874097519896	0	87.84288559889013
0	36.68749999999998	0	32.28874097519896	0	87.84288559889013
0	36.68749999999998	0	32.28874097519896	0	87.84288559889013
0	36.68749999999998	0	32.28874097519896	0	87.84288559889013
0	36.68749999999998	0	32.28874097519896	0	87.84288559889013
0	36.68749999999998	0	32.28874097519896	0	87.84288559889013
0	36.68749999999998	0	32.28874097519896	0	87.84288559889013
0	36.68749999999998	0	32.28874097519896	0	87.84288559889013
0	36.68749999999998	0	32.28874097519896	0	87.84288559889013
0	36.68749999999998	0	32.28874097519896	0	87.84288559889013
0	36.68749999999998	0	32.28874097519896	0	87.84288559889013
0	36.68749999999998	0	32.28874097519896	0	87.84288559889013
0	36.68749999999998	0	32.28874097519896	0	87.84288559889013
0	36.68749999999998	0	32.28874097519896	0	87.84288559889013
0	36.68749999999998	0	32.28874097519896	0	87.84288559889013
0	36.68749999999998	0	32.28874097519896	0	87.84288559889013
0	36.68749999999998	0	32.28874097519896	0	87.84288559889013
0	36.68749999999998	0	32.30818982403518	0	87.82294319269977
0	36.81249999999998	0	32.40822785056558	0	87.69744222058652
0	36.99999999999997	0	32.59709195009586	0	87.45433887294533
0	37.43749999999997	0	32.91293645664638	0	86.95317348801939
0	38.37499999999997	0	33.55015125438776	0	85.9274103773906
0	38.93749999999997	0	34.072116238021884	0	85.25680151470895
0	40.93749999999997	0	35.34132072697633	0	83.24047908395376
0	42.37499999999997	0	36.30155121171407	0	81.90488427098559
0	43.93749999999997	0	37.30870686083401	0	80.60913054826318
0	45.68749999999997	0	38.535460669715214	0	79.17222086088003
0	47.49999999999997	0	40.218018189384225	0	77.46211438156635
0	49.43749999999998	0	41.51861337090898	0	76.0378133881123
0	51.624999999999964	0	43.612281173890565	0	74.31027263659468
0	54.99999999999998	0	45.78779172962704	0	72.12353150934
0	57.87499999999997	0	47.69810574013816	0	70.44248386549928
0	60.93749999999998	0	49.59836735517715	0	69.00275289814665
0	63.124999999999964	0	51.414086440894636	0	68.09663377464348
0	67.56249999999997	0	54.23274652322569	0	66.17725937450369
0	71.06249999999997	0	56.15268561132735	0	64.94891148926769
0	74.68749999999997	0	58.65908760349746	0	63.846368030989176
0	78.43749999999999	0	60.77855214106047	0	62.97517949484588
0	82.24999999999997	0	62.888816548058486	0	62.089558005169565
0	85.99999999999999	0	65.21993931482942	0	61.50747244274264
0	90.93749999999997	0	68.04755457632837	0	60.93788148217918
0	93.37499999999997	0	69.51705675305524	0	60.971364052467145
0	96.93749999999997	0	71.43823459825146	0	60.76151567901515
0	99.24999999999999	0	72.97667485956698	0	60.9801917927018
0	102.81249999999997	0	74.97097540754005	0	61.19084340507638
0	105.18749999999997	0	76.29727137108068	0	61.46445410582611
0	108.74999999999997	0	78.03754542305715	0	61.640756660983286
0	114.43749999999999	0	81.00005627513583	0	62.14319837919576
0	117.56249999999997	0	82.41231787815074	0	62.864907667314355
0	120.37499999999997	0	83.47433361283369	0	63.296677015811646
0	122.06249999999997	0	84.13097037645396	0	63.64342072326704
0	123.56249999999997	0	84.63763317311474	0	63.98625839077008
0	124.87499999999996	0	85.07456197527182	0	64.25517552121158
0	126.56249999999997	0	85.62663393379188	0	64.43621810492289
0	127.43749999999997	0	85.82565134196182	0	64.60919727367303
0	128.56249999999994	0	86.11802977641351	0	64.7243930670801
0	129.18749999999997	0	86.1789735756395	0	64.8003339670165
0	129.74999999999997	0	86.22138424042029	0	64.78867584548934
0	130.12499999999997	0	86.16260087763006	0	64.71688710123553
0	130.24999999999997	0	86.02382639551362	0	64.60773930458552
0	130.31249999999997	0	85.8945982922264	0	64.48996117029542
0	130.31249999999997	0	85.847725409428	0	64.45984868117503
0	130.24999999999997	0	85.82232111547962	0	64.46115694842592
0	130.24999999999997	0	85.84199028576128	0	64.47780813018485
0	130.31249999999997	0	85.89557308545939	0	64.50022261372818
0	130.31249999999997	0	85.91943500791245	0	64.52046794722348
0	130.31249999999997	0	85.94329693036552	0	64.54071328071878
0	130.31249999999997	0	85.96294792532687	0	64.55738590830313
0	130.31249999999997	0	85.96435156782412	0	64.55857681027345
0	130.31249999999997	0	85.96435156782412	0	64.55857681027345
0	130.31249999999997	0	85.95873699783516	0	64.5538132023922
0	130.31249999999997	0	85.95171878534896	0	64.54785869254064
0	130.31249999999997	0	85.94750785785725	0	64.54428598662972
0	130.31249999999997	0	85.94027690484413	0	64.53573693231061
0	130.12499999999997	0	85.91989190384511	0	64.45646339715547
0	129.31249999999994	0	85.78547343958775	0	64.33319659532626
0	128.68749999999997	0	85.75444981561674	0	64.21076996758875
0	127.87499999999999	0	85.57966821449344	0	64.02200146179368
0	126.31249999999997	0	85.10481159313052	0	63.650556412163716
0	125.06249999999996	0	84.66655566327238	0	63.43793048446578
0	124.12499999999997	0	84.40968923886825	0	63.07215699161115
0	122.12499999999999	0	83.71181262746315	0	62.63873816200147
0	120.56249999999997	0	83.13626806026558	0	62.15354764341793
0	118.99999999999997	0	82.48703386487907	0	61.77852442951732
0	117.87499999999997	0	81.9445133265713	0	61.441745155038035
0	115.68749999999997	0	80.82844192871585	0	60.85482187703949
0	114.24999999999997	0	80.16989867055712	0	60.69319911692992
0	113.49999999999997	0	79.79601189000738	0	60.52449278298081
0	112.62499999999997	0	79.42672998551335	0	60.43946843825996
0	112.18749999999997	0	79.27642587202206	0	60.35221014715659
0	111.99999999999999	0	79.23411211584808	0	60.35757264857061
0	112.06249999999997	0	79.30933426422722	0	60.39286687097526
0	112.18749999999997	0	79.37577562710133	0	60.42565350091454
0	112.31249999999996	0	79.42572313246133	0	60.416177578977305
0	112.31249999999996	0	79.3873824685951	0	60.42233047169612
0	112.43749999999997	0	79.36274444705775	0	60.410367817319695
0	112.49999999999999	0	79.30005085083808	0	60.427395081962956
0	112.81249999999997	0	79.324474382001	0	60.480279034785056
0	113.37499999999996	0	79.39083556955205	0	60.53858102322254
0	113.74999999999997	0	79.40802654156063	0	60.570095242764836
0	114.18749999999997	0	79.41987163332125	0	60.586482421075
0	114.62499999999997	0	79.396359545534	0	60.591478963990596
0	115.37499999999997	0	79.47726018506336	0	60.54925286253054
0	116.31249999999999	0	79.38882596915141	0	60.58743086368418
0	117.06249999999996	0	79.34751926678341	0	60.63951998486553
0	117.625	0	79.32718766858164	0	60.64926241164216
0	118.37499999999997	0	79.09334255742431	0	60.57453479428825
0	118.99999999999997	0	78.30389138263963	0	60.21363674114202
0	119.12499999999997	0	77.64838900890814	0	59.91949821820287
0	119.68749999999997	0	77.03657416542467	0	59.62765565675713
0	120.31249999999999	0	76.53418297559104	0	59.45412038917098
0	120.99999999999999	0	75.94466501920395	0	59.173301484774406
0	122.18749999999997	0	75.36704375898385	0	58.95647850719241
0	122.99999999999999	0	74.93299255632304	0	58.742957735228686
0	123.93749999999999	0	74.77682475439222	0	58.63597011095065
0	125.49999999999997	0	74.47289411432753	0	58.44754787757968
0	126.81249999999997	0	74.46819153132516	0	58.446329475706264
0	127.74999999999999	0	74.23973461754134	0	58.46224265540472
0	129.81249999999997	0	74.1375545659831	0	58.5631628590413
0	131.49999999999997	0	74.0031668190335	0	58.62354465613191
0	132.6875	0	73.79332814920535	0	58.77076895331069
0	134.56249999999997	0	73.82200266849384	0	58.82600263555223
0	136.37499999999997	0	73.81458192377028	0	58.889284728162224
0	137.62499999999997	0	73.60716105592306	0	58.94778178997988
0	139.43749999999997	0	73.47620652741645	0	59.08199679090832
0	141.31249999999997	0	73.2412029941481	0	59.117750403144036
0	143.1875	0	73.27988126000442	0	59.13060984546401
0	144.37499999999997	0	73.04630351403058	0	59.12694895087379
0	146.87499999999997	0	72.96827580224335	0	59.15150644518604
0	148.74999999999994	0	72.92345204534246	0	59.140509416353275
0	150.06249999999997	0	72.69622108047052	0	59.22162233235189
0	152.0	0	72.70313047700452	0	59.27472600223828
0	153.24999999999997	0	72.5183543924583	0	59.224692502967784
0	155.18749999999997	0	72.48464218497926	0	59.32788232724815
0	157.12499999999997	0	72.47525873042105	0	59.350371855319146
0	158.43749999999997	0	72.43510442847717	0	59.32779379924963
0	161.68749999999997	0	72.31813327935876	0	59.37970677084507
0	163.6875	0	72.36829330475034	0	59.51306098297699
0	164.93749999999997	0	72.22436800139927	0	59.468914846115354
0	166.25	0	72.08903089535977	0	59.39896297576665
0	168.125	0	72.15665902069556	0	59.48088671620662
0	169.43749999999997	0	72.00199541534379	0	59.37608672278108
0	170.68749999999997	0	71.91068821959868	0	59.29318651891802
0	172.56249999999997	0	71.78884695279041	0	59.24096411453752
0	173.81249999999997	0	71.68706893562465	0	59.1881458912335
0	175.68749999999997	0	71.75829807387477	0	59.26607615737289
0	176.87499999999997	0	71.6713143087101	0	59.185004581477024
0	179.31249999999997	0	71.4015222275412	0	58.973430962321935
0	180.49999999999997	0	71.23143164223582	0	58.77221596649355
0	182.31249999999997	0	71.20361194438804	0	58.76401055152333
0	184.18749999999997	0	71.1681994520194	0	58.697365732830725
0	185.49999999999997	0	71.03115650773331	0	58.570660590333155
0	187.99999999999997	0	70.99524145613563	0	58.704429006277515
0	189.3125	0	70.68650434549292	0	58.38650721505846
0	191.25	0	70.746769008025	0	58.52076512791621
0	194.56249999999997	0	70.60542563101336	0	58.42912063269338
0	196.4375	0	70.42548248275132	0	58.3707127404376
0	197.75	0	70.34342039324277	0	58.266356041885295
0	198.93749999999997	0	70.29311494196156	0	58.133221488261334
0	200.68749999999997	0	70.18325421115144	0	57.838528198011716
0	202.24999999999994	0	70.22682943277184	0	57.71307559967449
0	203.18749999999997	0	70.21214931474366	0	57.42280150116261
0	204.81249999999997	0	70.36228020084833	0	57.200500772222426
0	205.875	0	70.2997263877785	0	56.923308812407804
0	207.12499999999997	0	70.19678347864189	0	56.466576050368964
0	208.31249999999994	0	70.17856038860477	0	56.33226346578539
0	209.06249999999994	0	70.22125743070964	0	56.05471240552021
0	209.56249999999997	0	70.1866635895729	0	55.828980527535535
0	210.12499999999994	0	70.20246099524886	0	55.665084348039755
0	210.62499999999997	0	70.2820623991754	0	55.39051308631768
0	210.87499999999997	0	70.37544784882392	0	55.161748267410914
0	210.99999999999997	0	70.473935117431	0	54.942069651046715
0	211.06249999999997	0	70.62761680187951	0	54.690971775035926
0	211.06249999999997	0	70.74064190962969	0	54.50333035178094
0	210.99999999999997	0	70.84644986767721	0	54.358438957559024
0	210.87499999999997	0	71.07790471250256	0	54.142633920762194
0	210.31249999999997	0	71.54687039757478	0	53.575430124837794
0	209.4375	0	72.07025323491635	0	52.772119883829426
0	208.56249999999997	0	72.63450601554597	0	51.866272768006084
0	207.87499999999997	0	73.1234819266939	0	51.142675670262435
0	206.4375	0	73.8308019164521	0	49.7661999304496
0	205.31249999999994	0	74.34462866752047	0	48.58831474037551
0	204.49999999999997	0	74.80309809692815	0	47.6649477482431
0	203.68749999999997	0	75.3738783572904	0	46.60334176712594
0	202.12499999999994	0	76.0252007424409	0	45.11445875597622
0	200.87499999999994	0	76.62500707003883	0	43.714538142377656
0	199.62499999999997	0	77.28323358120568	0	42.19501432812892
0	198.81249999999994	0	77.76614570503622	0	41.06108818801221
0	197.49999999999997	0	78.15717367136348	0	39.66205023406168
0	195.81249999999997	0	78.91511265889828	0	37.73002580616763
0	194.12499999999997	0	79.60803712437865	0	35.88067171005441
0	193.375	0	80.03662107549134	0	34.80630666416441
0	191.99999999999997	0	80.47668898602204	0	33.23885752688551
0	190.5	0	80.90396839014218	0	31.375991511548147
0	190.12499999999994	0	81.10853611019716	0	30.53665454047786
0	189.87499999999997	0	81.2807808961392	0	29.637495982811824
0	189.74999999999997	0	81.41214122084257	0	28.808103084787025
0	189.62499999999997	0	81.56466236201072	0	27.728403435320175
0	189.5625	0	81.66871251213414	0	26.905774136051214
0	189.5625	0	81.72703655658594	0	26.26038268564236
0	189.74999999999997	0	81.88491349412283	0	25.094456272517032
0	189.87499999999997	0	81.96556122931538	0	24.475370337294354
0	190.0	0	82.03084092886336	0	23.932018458809818
0	190.18749999999994	0	82.148387279545	0	23.192376736656648
0	190.37499999999997	0	82.27900707574732	0	22.41390480377813
0	190.5	0	82.3529229060261	0	21.80821387966052
0	190.68749999999997	0	82.41536142183611	0	21.222852933532927
0	190.99999999999997	0	82.53585796182516	0	20.33378679931528
0	191.18749999999994	0	82.62382687657873	0	19.691111572458972
0	191.49999999999997	0	82.71387497772321	0	19.001979861893414
0	191.81249999999997	0	82.83000409630519	0	18.09612034703235
0	192.18749999999997	0	82.9331503831138	0	17.511006445944815
0	193.0	0	82.97701693518839	0	16.903544939091603
0	194.24999999999994	0	83.0339087259396	0	16.40091523142323
0	195.12499999999997	0	82.94458599680524	0	15.780282917082426
0	195.99999999999994	0	83.03233860403267	0	15.455242374029327
0	197.06249999999994	0	83.12561947636975	0	15.07836423565545
0	198.12499999999994	0	83.23884851819632	0	14.904954410934838
0	198.93749999999997	0	83.37329115407266	0	14.772040213514115
0	199.8125	0	83.47450830897542	0	14.66190191016266
0	201.12499999999994	0	83.63931890009265	0	14.708932908196243
0	202.49999999999997	0	83.82925051397798	0	14.830651324564904
0	203.43749999999994	0	83.8677856693504	0	14.709218569967636
0	204.81249999999997	0	84.03392562957309	0	14.86022893039887
0	205.74999999999997	0	84.11267161453539	0	14.810605442745167
0	207.12499999999997	0	84.23347477528993	0	14.898581300542563
0	208.25	0	84.47332023296337	0	14.9508925031179
0	208.87499999999997	0	84.70158204480411	0	14.887078990691705
0	209.74999999999997	0	85.31395371675106	0	14.74549391898626
0	209.56249999999997	0	85.96633162573612	0	14.418820693383768
0	208.68749999999997	0	86.64613798325155	0	13.905643891451197
0	206.6875	0	87.40450260924024	0	13.079667947451503
0	205.37499999999997	0	88.0370640034856	0	12.531919683312402
0	203.18749999999997	0	88.56717772528383	0	11.667605979126776
0	200.74999999999997	0	89.44500317908732	0	10.682381890293625
0	198.24999999999997	0	89.94825173192213	0	9.695653728072605
0	195.74999999999997	0	90.1569797044962	0	8.67237757036008
0	193.125	0	90.59582451350161	0	7.599984833417556
0	190.43749999999997	0	90.69873582467932	0	6.586207960377585
0	187.75	0	90.78591892291624	0	5.528674951070961
0	185.93749999999997	0	90.93430439095084	0	4.758857545358504
0	184.12499999999997	0	90.98462110790337	0	4.089932637936145
0	180.49999999999997	0	90.70706165459738	0	2.7721561882250283
0	178.74999999999997	0	90.68045632601984	0	2.022785992712337
0	176.93749999999997	0	90.51999627872085	0	1.3448822465028183
0	172.43749999999997	0	90.21048648562343	0	-0.21211006767867602
0	169.81249999999997	0	89.9289318290684	0	-1.1450770260482175
0	166.1875	0	89.43253558576193	0	-2.3455406146372533
0	164.375	0	89.14545345286153	0	-3.051459933288424
0	162.56249999999997	0	88.81861883121448	0	-3.7732370313931254
0	159.9375	0	88.2407066644614	0	-4.594725563249806
0	157.18749999999997	0	87.75144051253656	0	-5.510560380747453
0	154.56249999999997	0	87.1514865648816	0	-6.333717452942123
0	152.74999999999997	0	86.7561891335384	0	-6.990067988927931
0	150.99999999999997	0	86.39806574072718	0	-7.623603301458885
0	148.1875	0	85.58031079738278	0	-8.33720301579716
0	145.43749999999997	0	84.88520246786369	0	-9.26290092480711
0	142.68749999999997	0	84.06120880677398	0	-9.944054073442985
0	140.8125	0	83.54035947256187	0	-10.503466917534766
0	137.12499999999997	0	82.46673883380336	0	-11.485494636118595
0	132.43749999999997	0	80.95809690312433	0	-12.568866224009229
0	126.37499999999997	0	78.18433039416082	0	-14.505962520142884
0	122.31249999999996	0	76.2291516320034	0	-15.242478260953572
0	118.49999999999997	0	74.09064900701753	0	-16.054834140831662
0	115.74999999999997	0	72.26803712707118	0	-16.684620531228056
0	113.06249999999999	0	70.49398401162352	0	-17.089494251380295
0	110.49999999999999	0	68.69322813344304	0	-17.398642604087435
0	107.18749999999999	0	66.21612439536548	0	-17.87320971215413
0	104.81249999999997	0	64.24606458608956	0	-18.307917886436083
0	102.68749999999999	0	62.4857159365628	0	-18.449915283736626
0	100.43749999999996	0	60.10213251573749	0	-18.756599386211747
0	98.24999999999997	0	57.620302634590324	0	-19.081420354343887
0	97.24999999999997	0	55.91652877435821	0	-19.525336286906025
0	94.99999999999999	0	53.0558105317284	0	-20.06669720554147
0	93.31249999999997	0	51.049194111661365	0	-20.22056905241283
0	91.62499999999996	0	49.18236853652895	0	-20.317489397624048
0	89.93749999999997	0	47.0044312950089	0	-20.682830958856602
0	88.24999999999996	0	45.03824524247228	0	-20.83236460353509
0	87.18749999999997	0	43.053121020390456	0	-21.11726311202109
0	84.81249999999999	0	39.93017644725729	0	-21.169922209902232
0	82.93749999999997	0	37.78824041743047	0	-21.035932811575563
0	81.06249999999997	0	35.72265705432569	0	-20.89000560537931
0	79.87499999999997	0	33.845310110065576	0	-20.75859696397848
0	77.37499999999999	0	30.569772391339175	0	-20.608233031154935
0	75.43749999999997	0	28.697009265086297	0	-20.1820417608693
0	74.18749999999997	0	27.019146678508193	0	-19.948248617831865
0	72.93749999999999	0	25.25872557841547	0	-19.670233415154424
0	69.87499999999997	0	22.10329568258924	0	-18.75599647297322
0	68.62499999999997	0	20.53816970939917	0	-18.307132320526723
0	67.49999999999997	0	19.03180066098703	0	-17.895176069799437
0	66.37499999999997	0	17.515214581163676	0	-17.43656933697062
0	64.12499999999997	0	15.094427949155605	0	-16.474640250183736
0	63.06249999999997	0	13.070122548761052	0	-15.811958778839516
0	61.49999999999998	0	11.431792074934904	0	-15.051097218514316
0	59.93749999999997	0	9.03486253269627	0	-13.975275621999895
0	58.37499999999998	0	7.611777009582814	0	-13.037297831561146
0	57.437499999999964	0	6.24350503428556	0	-12.23978134289116
0	56.43749999999997	0	4.956064765478239	0	-11.63738038567456
0	53.93749999999997	0	2.0188348110087695	0	-10.07310738316364
0	53.12499999999998	0	0.9791322571616241	0	-9.43236747488599
0	51.87499999999997	0	-0.291889627545765	0	-8.628739164374124
0	50.74999999999997	0	-1.5033961895266332	0	-7.866274350983952
0	50.06249999999998	0	-2.374886965416674	0	-7.316723716217052
0	49.37499999999997	0	-3.2368345715852485	0	-6.8042652036321
0	48.49999999999997	0	-4.045897554284165	0	-6.194215759643541
0	47.74999999999997	0	-4.803447423372529	0	-5.668318243661206
0	47.31249999999997	0	-5.400819347120107	0	-5.318266254836272
0	46.87499999999998	0	-5.923060896278796	0	-4.969786683374224
0	46.37499999999997	0	-6.433503247696645	0	-4.615432277722742
0	46.06249999999997	0	-6.796834269866899	0	-4.3654649972970345
0	45.49999999999997	0	-7.198365725739479	0	-4.002967095788381
0	45.31249999999997	0	-7.422659124501116	0	-3.857452347915225
0	45.18749999999998	0	-7.55121858901838	0	-3.7696906649977024
0	44.99999999999997	0	-7.608686760996865	0	-3.6781981790214573
0	44.99999999999997	0	-7.577447740337938	0	-3.701627444515658
0	45.06249999999998	0	-7.499965139594801	0	-3.7622914255950892
0	45.18749999999998	0	-7.429482078818132	0	-3.8614986873848793
0	45.12499999999997	0	-7.394972470616131	0	-3.8918685071297685
0	45.12499999999997	0	-7.391059083212085	0	-3.8957648563046563
0	45.12499999999997	0	-7.391059083212085	0	-3.8957648563046563
0	45.12499999999997	0	-7.394972470616131	0	-3.8918685071297685
0	45.12499999999997	0	-7.396276933084146	0	-3.8905697240714727
0	45.12499999999997	0	-7.400190320488153	0	-3.886673374896625
0	45.12499999999997	0	-7.402799245424184	0	-3.884075808780033
0	45.12499999999997	0	-7.402799245424184	0	-3.884075808780033
0	45.12499999999997	0	-7.402799245424184	0	-3.884075808780033
0	45.12499999999997	0	-7.402799245424184	0	-3.884075808780033
0	45.12499999999997	0	-7.402799245424184	0	-3.884075808780033
0	45.12499999999997	0	-7.402799245424184	0	-3.884075808780033
0	45.12499999999997	0	-7.402799245424184	0	-3.884075808780033
0	45.12499999999997	0	-7.402799245424184	0	-3.884075808780033
0	45.12499999999997	0	-7.402799245424184	0	-3.884075808780033
0	45.12499999999997	0	-7.402799245424184	0	-3.884075808780033
0	45.12499999999997	0	-7.402799245424184	0	-3.884075808780033
0	45.12499999999997	0	-7.402799245424184	0	-3.884075808780033
0	45.12499999999997	0	-7.402799245424184	0	-3.884075808780033
0	45.12499999999997	0	-7.402799245424184	0	-3.884075808780033
0	45.12499999999997	0	-7.402799245424184	0	-3.884075808780033
0	45.12499999999997	0	-7.402799245424184	0	-3.884075808780033
0	45.12499999999997	0	-7.402799245424184	0	-3.884075808780033
0	45.12499999999997	0	-7.402799245424184	0	-3.884075808780033
0	45.12499999999997	0	-7.402799245424184	0	-3.884075808780033
0	45.12499999999997	0	-7.402799245424184	0	-3.884075808780033
0	45.12499999999997	0	-7.402799245424184	0	-3.884075808780033
0	45.12499999999997	0	-7.402799245424184	0	-3.884075808780033
0	45.12499999999997	0	-7.402799245424184	0	-3.884075808780033
0	45.12499999999997	0	-7.402799245424184	0	-3.884075808780033
0	45.12499999999997	0	-7.402799245424184	0	-3.884075808780033
0	45.12499999999997	0	-7.402799245424184	0	-3.884075808780033
0	45.12499999999997	0	-7.402799245424184	0	-3.884075808780033
0	45.12499999999997	0	-7.402799245424184	0	-3.884075808780033
0	45.12499999999997	0	-7.402799245424184	0	-3.884075808780033
0	45.12499999999997	0	-7.402799245424184	0	-3.884075808780033
0	45.12499999999997	0	-7.402799245424184	0	-3.884075808780033
0	45.12499999999997	0	-7.402799245424184	0	-3.884075808780033
0	45.12499999999997	0	-7.402799245424184	0	-3.884075808780033
0	45.12499999999997	0	-7.402799245424184	0	-3.884075808780033
0	45.12499999999997	0	-7.402799245424184	0	-3.884075808780033
0	45.12499999999997	0	-7.402799245424184	0	-3.884075808780033
0	45.12499999999997	0	-7.402799245424184	0	-3.884075808780033
0	45.12499999999997	0	-7.402799245424184	0	-3.884075808780033
0	45.12499999999997	0	-7.402799245424184	0	-3.884075808780033
0	45.12499999999997	0	-7.402799245424184	0	-3.884075808780033