0	0.0	0	0.0	0	0.0
0	0.0	0	0.0	0	0.0
0	0.0	0	0.0	0	0.0
0	0.0	0	0.0	0	0.0
0	0.0	0	0.0	0	0.0
0	0.0	0	0.0	0	0.0
0	0.0	0	0.0	0	0.0
0	0.0	0	0.0	0	0.0
0	0.0	0	0.0	0	0.0
0	0.0	0	0.0	0	0.0
0	0.0	0	0.0	0	0.0
0	0.0	0	0.0	0	0.0
0	0.0	0	0.0	0	0.0
0	0.0	0	0.0	0	0.0
0	0.0	0	0.0	0	0.0
0	0.0	0	0.0	0	0.0
0	0.0	0	0.0	0	0.0
0	0.0	0	0.0	0	0.0
0	0.0	0	0.0	0	0.0
0	0.0	0	0.0	0	0.0
0	0.0	0	0.0	0	0.0
0	0.0	0	0.0	0	0.0
0	0.0	0	0.0	0	0.0
0	0.0	0	0.0	0	0.0
0	0.0	0	0.0	0	0.0
0	0.0	0	0.0	0	0.0
0	0.0	0	0.0	0	0.0
0	0.0	0	0.0	0	0.0
0	0.0	0	0.0	0	0.0
0	0.0	0	0.0	0	0.0
0	0.0	0	0.0	0	0.0
0	0.0	0	0.0	0	0.0
0	0.0	0	0.0	0	0.0
0	0.0	0	0.0	0	0.0
0	0.0	0	0.0	0	0.0
0	0.0	0	0.0	0	0.0
0	0.0	0	0.0	0	0.0
0	0.0	0	0.0	0	0.0
0	0.0	0	0.0	0	0.0
0	0.0	0	0.0	0	0.0
0	0.0	0	0.0	0	0.0
0	0.0	0	0.0	0	0.0
0	0.0	0	0.0	0	0.0
0	0.0	0	0.0	0	0.0
0	0.0	0	0.0	0	0.0
0	0.0	0	0.0	0	0.0
0	0.0	0	0.0	0	0.0
0	0.0	0	0.0	0	0.0
0	0.0	0	0.0	0	0.0
0	0.0	0	0.0	0	0.0
0	0.0	0	0.0	0	0.0
0	0.0	0	0.0	0	0.0
0	0.0	0	0.0	0	0.0
0	0.0	0	0.0	0	0.0
0	0.0	0	0.0	0	0.0
0	0.0	0	0.0	0	0.0
0	0.0	0	0.0	0	0.0
0	0.0	0	0.0	0	0.0
0	0.0	0	0.0	0	0.0
0	0.0	0	0.0	0	0.0
0	0.0	0	0.0	0	0.0
0	0.0	0	0.0	0	0.0
0	0.0	0	0.0	0	0.0
0	0.0	0	0.0	0	0.0
0	0.0	0	0.0	0	0.0
0	0.0	0	0.0	0	0.0
0	0.0	0	0.0	0	0.0
0	0.0	0	0.0	0	0.0
0	0.0	0	0.0	0	0.0
0	0.0	0	0.0	0	0.0
0	0.0	0	0.0	0	0.0
0	0.0	0	0.0	0	0.0
0	0.0	0	0.0	0	0.0
0	0.0	0	0.0	0	0.0
0	0.0	0	0.0	0	0.0
0	0.0	0	0.0	0	0.0
0	0.0	0	0.0	0	0.0
0	0.0	0	0.0	0	0.0
0	0.0	0	0.0	0	0.0
0	0.0	0	0.0	0	0.0
0	0.0	0	0.0	0	0.0
0	0.0	0	0.0	0	0.0
0	0.0	0	0.0	0	0.0
0	0.0	0	0.0	0	0.0
0	0.0	0	0.0	0	0.0
0	0.0	0	0.0	0	0.0
0	0.0	0	0.0	0	0.0
0	0.0	0	0.0	0	0.0
0	0.0	0	0.0	0	0.0
0	0.0	0	0.0	0	0.0
0	0.0	0	0.0	0	0.0
0	0.0	0	0.0	0	0.0
0	0.0	0	0.0	0	0.0
0	0.0	0	0.0	0	0.0
0	0.0	0	0.0	0	0.0
0	0.0	0	0.0	0	0.0
0	0.0	0	0.0	0	0.0
0	0.0	0	0.0	0	0.0
0	0.0	0	0.0	0	0.0
0	0.0	0	0.0	0	0.0
0	0.0	0	0.0	0	0.0
0	0.0	0	0.0	0	0.0
0	0.0	0	0.0	0	0.0
0	0.0	0	0.0	0	0.0
0	0.0	0	0.0	0	0.0
0	0.0	0	0.0	0	0.0
0	0.0	0	0.0	0	0.0
0	0.0	0	0.0	0	0.0
0	0.0	0	0.0	0	0.0
0	0.0	0	0.0	0	0.0
0	0.0	0	0.0	0	0.0
0	0.0	0	0.0	0	0.0
0	0.0	0	0.0	0	0.0
0	0.0	0	0.0	0	0.0
0	0.0	0	0.0	0	0.0
0	0.0	0	0.0	0	0.0
0	0.0	0	0.0	0	0.0
0	0.0	0	0.0	0	0.0
0	0.0	0	0.0	0	0.0
0	0.0	0	0.0	0	0.0
0	0.0	0	0.0	0	0.0
0	0.0	0	0.0	0	0.0
0	0.0	0	0.0	0	0.0
0	0.0	0	0.0	0	0.0
0	0.0	0	0.0	0	0.0
0	0.0	0	0.0	0	0.0
0	0.0	0	0.0	0	0.0
0	0.0	0	0.0	0	0.0
0	0.0	0	0.0	0	0.0
0	0.0	0	0.0	0	0.0
0	0.0	0	0.0	0	0.0
0	0.0	0	0.0	0	0.0
0	0.0	0	0.0	0	0.0
0	0.0	0	0.0	0	0.0
0	0.0	0	0.0	0	0.0
0	0.0	0	0.0	0	0.0
0	0.0	0	0.0	0	0.0
0	0.0	0	0.0	0	0.0
0	0.0	0	0.0	0	0.0
0	0.0	0	0.0	0	0.0
0	0.0	0	0.0	0	0.0
0	0.0	0	0.0	0	0.0
0	0.0	0	0.0	0	0.0
0	0.0	0	-0.0018407769454627694	0	0.0
0	0.0	0	-0.0018407769454627694	0	0.0
0	0.0	0	-0.0018407769454627694	0	0.0
0	0.0	0	-0.0018407769454627694	0	0.0
0	0.0	0	-0.0018407769454627694	0	0.0
0	0.0	0	-0.0018407769454627694	0	0.0
0	0.0	0	-0.0018407769454627694	0	0.0
0	0.0	0	-0.0018407769454627694	0	0.0
0	0.0	0	-0.0018407769454627694	0	0.0
0	0.0	0	-0.0018407769454627694	0	0.0
0	0.0	0	-0.0018407769454627694	0	0.0
0	0.0	0	-0.0018407769454627694	0	0.0
0	0.0	0	-0.0018407769454627694	0	0.0
0	0.0	0	-0.0018407769454627694	0	0.0
0	0.0	0	-0.0018407769454627694	0	0.0
0	0.0	0	-0.0018407769454627694	0	0.0
0	0.0	0	-0.0018407769454627694	0	0.0
0	0.0	0	-0.0018407769454627694	0	0.0
0	0.0	0	-0.0018407769454627694	0	0.0
0	0.0	0	-0.0018407769454627694	0	0.0
0	0.0	0	-0.0018407769454627694	0	0.0
0	0.0	0	-0.0018407769454627694	0	0.0
0	0.0	0	-0.0018407769454627694	0	0.0
0	0.0	0	-0.0018407769454627694	0	0.0
0	0.0	0	-0.0018407769454627694	0	0.0
0	0.0	0	-0.0018407769454627694	0	0.0
0	0.0	0	-0.0018407769454627694	0	0.0
0	0.0	0	-0.0018407769454627694	0	0.0
0	0.0	0	-0.0018407769454627694	0	0.0
0	0.0	0	-0.0018407769454627694	0	0.0
0	0.0	0	-0.0018407769454627694	0	0.0
0	0.0	0	-0.0018407769454627694	0	0.0
0	0.0	0	-0.0018407769454627694	0	0.0
0	0.0	0	-0.0018407769454627694	0	0.0
0	0.0	0	-0.0018407769454627694	0	0.0
0	0.0	0	-0.0018407769454627694	0	0.0
0	0.0	0	-0.0018407769454627694	0	0.0
0	0.0	0	-0.0018407769454627694	0	0.0
0	0.0	0	-0.0018407769454627694	0	0.0
0	0.0	0	-0.0018407769454627694	0	0.0
0	0.0	0	-0.0018407769454627694	0	0.0
0	0.0	0	-0.0018407769454627694	0	0.0
0	0.0	0	-0.0018407769454627694	0	0.0
0	0.0	0	-0.0018407769454627694	0	0.0
0	0.0	0	-0.0018407769454627694	0	0.0
0	0.0	0	-0.0018407769454627694	0	0.0
0	0.0	0	-0.0018407769454627694	0	0.0
0	0.0	0	-0.0018407769454627694	0	0.0
0	0.0	0	-0.0018407769454627694	0	0.0
0	0.0	0	-0.0018407769454627694	0	0.0
0	0.0	0	-0.0018407769454627694	0	0.0
0	0.0	0	-0.0018407769454627694	0	0.0
0	0.0	0	-0.0018407769454627694	0	0.0
0	0.0	0	-0.0018407769454627694	0	0.0
0	0.0	0	-0.0018407769454627694	0	0.0
0	0.0	0	-0.0018407769454627694	0	0.0
0	0.0	0	-0.0018407769454627694	0	0.0
0	0.0	0	-0.0018407769454627694	0	0.0
0	0.0	0	-0.0018407769454627694	0	0.0
0	0.0	0	-0.0018407769454627694	0	0.0
0	0.0	0	-0.0018407769454627694	0	0.0
0	0.0	0	-0.0018407769454627694	0	0.0
0	0.0	0	-0.0018407769454627694	0	0.0
0	0.0	0	-0.0018407769454627694	0	0.0
0	0.0	0	-0.0018407769454627694	0	0.0
0	0.0	0	-0.0018407769454627694	0	0.0
0	0.0	0	-0.0018407769454627694	0	0.0
0	0.0	0	-0.0018407769454627694	0	0.0
0	0.0	0	-0.0018407769454627694	0	0.0
0	0.0	0	-0.0018407769454627694	0	0.0
0	0.0	0	-0.0018407769454627694	0	0.0
0	0.0	0	-0.0018407769454627694	0	0.0
0	0.0	0	-0.0018407769454627694	0	0.0
0	0.0	0	-0.0018407769454627694	0	0.0
0	0.0	0	-0.0018407769454627694	0	0.0
0	0.0	0	-0.0018407769454627694	0	0.0
0	0.0	0	-0.0018407769454627694	0	0.0
0	0.0	0	-0.0018407769454627694	0	0.0
0	0.0	0	-0.0018407769454627694	0	0.0
0	0.0	0	-0.0018407769454627694	0	0.0018407769454627694
0	0.0625	0	-0.011939136322316074	0	-0.005669686904282437
0	0.125	0	0.005582291423543441	0	-0.007608591811433061
0	0.1875	0	0.0028393140025881436	0	0.006972336901592054
0	0.3125	0	0.008426020136824303	0	0.010411672407378565
0	0.625	0	0.027923460304730273	0	0.0357134729201921
0	0.8124999999999999	0	0.05445036267569827	0	0.07065810663317584
0	1.25	0	0.046389551568152526	0	0.0732096271126384
0	1.5	0	0.05334982034468947	0	0.1041490497759182
0	1.75	0	0.07301429698846809	0	0.13735238875142552
0	2.25	0	0.057037465188191	0	0.12273973470462557
0	2.6875000000000004	0	0.11067588063702341	0	0.15194094728956203
0	3.0625	0	0.15495440844703434	0	0.1553339511429541
0	3.375	0	0.18696172263592878	0	0.1639140697588667
0	4.312500000000001	0	0.13983823331170098	0	0.10847597879049156
0	4.875	0	0.12745966709756396	0	0.11911852775347512
0	5.499999999999999	0	0.1047033085039504	0	0.08227850928221093
0	6.187500000000001	0	0.08925258584598408	0	0.018011194988098778
0	6.875	0	0.08059929800818028	0	0.006189669140270736
0	7.375	0	0.06190384614710101	0	0.026796129732619627
0	8.0625	0	0.01597393812140227	0	0.018775573344664634
0	8.75	0	0.04041292996879006	0	0.06942981342731608
0	9.25	0	0.09636824877282454	0	0.08303191681245593
0	10.312499999999998	0	0.14438058230667328	0	0.005276453682161175
0	10.8125	0	0.19413201469901428	0	0.032405545791158175
0	12.1875	0	0.24462347674322263	0	-0.04252106271665913
0	12.8125	0	0.28282328244059807	0	-0.01635822301179942
0	13.624999999999998	0	0.2363215929659206	0	-0.09193232866194187
0	14.437500000000004	0	0.18927827093556965	0	-0.0697727422059049
0	15.25	0	0.17701776907970088	0	0.2912293635112607
0	15.5625	0	0.13674256050928035	0	0.56782339455907
0	15.812499999999998	0	0.028195080908661962	0	0.9229616022247364
0	15.9375	0	-0.148191393219185	0	1.5921012468616738
0	15.9375	0	-0.3255936613123307	0	2.307185951956465
0	15.9375	0	-0.4410876780299641	0	2.731737289676184
0	15.75	0	-0.6728184893155917	0	3.4566879222600173
0	15.4375	0	-0.8914049534002972	0	4.105479890046975
0	14.999999999999998	0	-1.0871777543997991	0	4.77619158246529
0	14.625	0	-1.2809074861443122	0	5.382761566368636
0	14.0	0	-1.4610991673143323	0	6.126361193667013
0	13.3125	0	-1.6980706252296873	0	6.945500562607619
0	12.625	0	-1.8818650865072546	0	7.662093401354443
0	12.1875	0	-2.074642359024807	0	8.284250374719354
0	11.125	0	-2.305862580646973	0	9.508467090789187
0	10.5625	0	-2.4524939264008956	0	10.293011810969146
0	9.5	0	-2.6038475540072725	0	11.349919435177561
0	8.4375	0	-2.9672195300320228	0	12.828842830084985
0	7.625	0	-3.092342829955676	0	13.703120394850203
0	7.0625	0	-3.2330594253442424	0	14.452828614459179
0	6.187500000000001	0	-3.3982619096479056	0	15.500989882947113
0	5.125	0	-3.4835562728715006	0	16.494835751102315
0	4.375	0	-3.571691070084265	0	17.257471184089567
0	3.625	0	-3.646683156665248	0	18.006643971184804
0	2.5	0	-3.7648472033143623	0	19.13254012349134
0	1.25	0	-3.8094433898179827	0	20.168070185041348
0	0.4375	0	-3.9907514987616786	0	21.17682714402336
0	-0.812500000000024	0	-4.012720965394407	0	22.21166019556428
0	-2.0624999999999973	0	-4.023625840052918	0	23.309708331253475
0	-2.8750000000000107	0	-4.123286505249346	0	24.287408825458506
0	-4.125000000000035	0	-4.030857475458096	0	25.234875929025367
0	-4.937500000000048	0	-4.034536830355856	0	26.086541735431815
0	-6.18750000000002	0	-3.8811357049870328	0	27.10484027467441
0	-7.500000000000003	0	-3.8205663624589454	0	28.418452013662403
0	-8.812500000000036	0	-3.6264639536293934	0	29.422144625528524
0	-11.500000000000009	0	-3.383618615964538	0	31.879189457722084
0	-12.937500000000009	0	-3.1705349840752763	0	32.88980704677062
0	-13.875000000000039	0	-3.0467583048821023	0	33.69138680814986
0	-15.24999999999998	0	-2.808896812255985	0	34.70830651353833
0	-16.250000000000018	0	-2.7018187723613574	0	35.602979620935436
0	-17.812499999999986	0	-2.3786339225125923	0	36.523994132096945
0	-18.812499999999975	0	-2.2221750501477153	0	37.565231271361576
0	-20.87500000000001	0	-1.7299112941714674	0	38.8639060703406
0	-22.43749999999998	0	-1.365339465627367	0	40.009622349835645
0	-24.062500000000007	0	-0.9937267079485086	0	41.17595474197119
0	-25.937500000000014	0	-0.6141307914096279	0	42.464480885309925
0	-27.187500000000043	0	-0.352156123432672	0	43.33982468683374
0	-29.0625	0	0.14472317390550238	0	44.4658087842197
0	-30.93750000000001	0	0.7108789832884606	0	45.40542632105026
0	-32.87499999999998	0	1.219336972607123	0	46.50103607242114
0	-35.37500000000002	0	2.0575191372975965	0	47.78148509833865
0	-37.31249999999999	0	2.7004927571692914	0	48.88545200041639
0	-40.687500000000014	0	3.745263347190055	0	50.70653335658428
0	-42.00000000000005	0	4.193856591984364	0	51.48181227107755
0	-44.00000000000002	0	4.936271394704479	0	52.18259097628482
0	-45.31250000000001	0	5.429794952990129	0	52.880079996866506
0	-47.37500000000004	0	6.292848585926784	0	53.553988215579345
0	-48.68750000000003	0	6.8492274618456666	0	54.15366183940891
0	-50.000000000000014	0	7.393351641034796	0	54.79412020152629
0	-51.312499999999986	0	7.960975968907206	0	55.40780026320216
0	-53.312500000000014	0	8.818595275700162	0	55.96979718972199
0	-54.625	0	9.448885023978255	0	56.67199177548382
0	-55.937499999999986	0	10.033050469524786	0	57.267478810432834
0	-58.00000000000002	0	10.928899244664484	0	57.73747826545539
0	-59.375000000000014	0	11.566935320321427	0	58.18510426139411
0	-60.68750000000004	0	12.227904813681059	0	58.68138842226682
0	-62.75000000000003	0	13.237036632892316	0	59.16582229103844
0	-64.0625	0	13.938880959101965	0	59.54555826832331
0	-65.4375	0	14.656893023147031	0	59.98548210105325
0	-66.75000000000004	0	15.401884709991442	0	60.420176316049535
0	-70.0625	0	17.03777966676645	0	61.089785815302164
0	-72.00000000000001	0	18.001123387246516	0	61.48462217894847
0	-75.31249999999997	0	19.818880272533097	0	62.222215833718074
0	-78.0625	0	21.227507609312756	0	62.71040342917676
0	-79.37500000000003	0	22.010646732288258	0	63.01928125835072
0	-80.81250000000004	0	22.919862984579808	0	63.324356924187576
0	-82.31249999999999	0	23.7437778066936	0	63.49751885347921
0	-85.25000000000004	0	25.381838177994595	0	63.78228725179482
0	-87.50000000000001	0	26.61273110892912	0	63.84775695305478
0	-89.81250000000004	0	27.896032755776105	0	64.02426887967368
0	-92.87500000000001	0	29.614385554349624	0	64.09875906477514
0	-94.49999999999999	0	30.766920133999694	0	64.24545336162275
0	-96.75000000000004	0	31.99958029988912	0	64.09540133067793
0	-98.25	0	32.96346123839847	0	63.99473156997352
0	-100.31250000000004	0	34.17026914478474	0	63.69973962003826
0	-101.56250000000003	0	35.229644862601454	0	63.671126286133074
0	-103.37500000000001	0	36.353152076402004	0	63.43154103254426
0	-105.62500000000003	0	37.99077254386676	0	63.116368128765714
0	-107.125	0	39.21556442612658	0	62.860176216788695
0	-108.56249999999999	0	40.47372245803654	0	62.56014719244892
0	-109.87500000000003	0	41.434839186428306	0	62.16522595974546
0	-110.62499999999999	0	42.248755182003954	0	61.867836148663656
0	-111.25000000000001	0	43.171110638748345	0	61.58536698150984
0	-112.43749999999997	0	44.48413042113378	0	61.052687856499816
0	-113.37500000000001	0	45.637658979391816	0	60.53063045184648
0	-113.93749999999999	0	46.56125349922145	0	60.13150141362555
0	-114.62500000000003	0	47.44561074463945	0	59.69888270448548
0	-115.18749999999999	0	48.586361167294456	0	59.26743162012628
0	-116.06250000000001	0	50.18093859586053	0	58.61620201813977
0	-116.49999999999999	0	51.12391253849823	0	58.23663080763078
0	-117.06250000000001	0	52.10576243298329	0	57.80546463582489
0	-117.6875	0	53.306680909226856	0	57.2909352848992
0	-118.0625	0	54.24352862668045	0	56.86329562879195
0	-118.68749999999999	0	55.27037256461636	0	56.26420651681132
0	-119.06249999999999	0	56.30388945926121	0	55.757833810588565
0	-119.81249999999999	0	57.6264517467429	0	55.01653702100079
0	-120.37499999999997	0	58.90060753350937	0	54.37820990470422
0	-121.06250000000001	0	59.714843695262445	0	53.868901358558574
0	-121.43750000000001	0	60.56419403805145	0	53.375784166805445
0	-122.0	0	61.56895404717526	0	52.81078119499084
0	-122.37499999999999	0	62.49674922477867	0	52.33046800002728
0	-123.125	0	63.70661140407584	0	51.59887457524224
0	-123.9375	0	65.27373019640042	0	50.65503819814892
0	-124.25	0	66.00513804951346	0	50.18762606170086
0	-124.875	0	67.31538837896765	0	49.274690136824084
0	-125.00000000000001	0	67.96401498199698	0	48.84944844504318
0	-125.12500000000003	0	68.40917182605313	0	48.53478704549083
0	-125.25	0	68.888150844847	0	48.18824979211542
0	-125.37500000000001	0	69.21657783270962	0	47.91903651424794
0	-125.5625	0	69.78171779527686	0	47.49027784127429
0	-125.75000000000001	0	70.20998943248931	0	47.1897138862482
0	-126.0	0	70.61230766014215	0	46.893866605039186
0	-126.31249999999999	0	71.01528398381156	0	46.60804123376064
0	-126.75000000000001	0	71.4003629028329	0	46.294633310159114
0	-127.5	0	72.21069977547539	0	45.77918002842392
0	-128.0625	0	72.65391778346216	0	45.42676063887476
0	-128.5	0	73.10027626212363	0	45.09346664067432
0	-128.875	0	73.50447593196341	0	44.78118824193711
0	-129.50000000000003	0	73.90217615928945	0	44.379050116175044
0	-130.06249999999997	0	74.258819488311	0	44.012019886275965
0	-130.43750000000003	0	74.59283500512603	0	43.71596892228157
0	-130.93750000000003	0	74.94639303859674	0	43.357900289199655
0	-131.3125	0	75.30606447780438	0	43.03818772979611
0	-132.375	0	76.18764650733424	0	42.221532536325064
0	-132.9375	0	76.60382651543729	0	41.79164495933155
0	-133.25	0	76.9672287129504	0	41.48118339711227
0	-133.75	0	77.4686834648908	0	41.050597743501555
0	-134.18749999999997	0	77.82016155886889	0	40.70312253952697
0	-134.68749999999997	0	78.2149871720455	0	40.24491367030657
0	-134.9375	0	78.54568366272025	0	39.86412312990407
0	-135.37500000000003	0	78.96619594014587	0	39.287357891611386
0	-135.8125	0	79.26737036079375	0	38.78306796399261
0	-136.375	0	79.6462894269579	0	38.128081445036344
0	-136.75	0	80.01685309195238	0	37.59361444355366
0	-137.43749999999997	0	80.31362741840941	0	37.01962449414013
0	-138.12500000000003	0	80.66606099553941	0	36.39440376801975
0	-138.68750000000003	0	80.95386019649129	0	35.8714445162481
0	-139.4375	0	81.24909537168487	0	35.242741218821905
0	-139.9375	0	81.5653506035222	0	34.67280853341331
0	-140.4375	0	81.77465187139914	0	34.21643367036139
0	-141.25000000000003	0	81.94704022362863	0	33.66358169922924
0	-142.00000000000003	0	82.19791531248153	0	33.00984111149593
0	-142.6875	0	82.47847754452111	0	32.349487590597725
0	-143.1875	0	82.70028139817944	0	31.835957326943806
0	-143.9375	0	82.88548649850968	0	31.242646174222845
0	-145.12499999999997	0	83.28144490170222	0	30.192782430417672
0	-145.68749999999997	0	83.53295877745323	0	29.587541718343868
0	-146.6875	0	83.81490848911842	0	28.728980186074406
0	-147.8125	0	84.1978764258886	0	27.641367436179507
0	-149.0	0	84.63023843281223	0	26.426209237572902
0	-151.06249999999997	0	85.03892696905079	0	24.775675435522352
0	-152.375	0	85.33141619958681	0	23.56195305981123
0	-153.6875	0	85.65979052884175	0	22.211320471526985
0	-155.125	0	85.86362201968325	0	21.037864632938913
0	-157.0	0	86.22308266193063	0	19.286329075293434
0	-159.0625	0	86.37900293512148	0	17.75280703018001
0	-160.0625	0	86.52799939035027	0	16.847587972228578
0	-162.3125	0	86.62008720990151	0	15.269256514721796
0	-163.375	0	86.77008102466195	0	14.288392661899595
0	-165.0625	0	86.76332830185626	0	13.24437598633821
0	-166.25	0	86.8150385850303	0	12.415562506026948
0	-168.0	0	86.82325282729461	0	11.261958970327054
0	-171.125	0	86.78801010893156	0	9.084597358394516
0	-172.8125	0	86.6198062752332	0	7.981736736854964
0	-174.5	0	86.437062452468	0	6.793723681892552
0	-176.75000000000003	0	86.04282618582131	0	5.290474740018411
0	-178.62499999999997	0	85.48503564765099	0	3.9335642145750347
0	-179.62499999999997	0	85.00973868760019	0	2.7987002513575794
0	-180.49999999999997	0	84.61386706443557	0	1.7330535327202585
0	-181.3125	0	84.200783236686	0	0.8002400473969123
0	-182.0625	0	83.63374850193894	0	-0.39073584449992305
0	-182.625	0	83.11272273840592	0	-1.3518943756393762
0	-183.0625	0	82.59296102813515	0	-2.307464736061987
0	-183.6875	0	82.04974193134089	0	-3.3932246178395076
0	-184.25000000000003	0	81.4868297595381	0	-4.509749900715736
0	-184.62499999999997	0	81.08425483245313	0	-5.4991910586695045
0	-185.25	0	80.62378499837097	0	-6.443281694674385
0	-186.06250000000003	0	79.77725364746591	0	-8.236997675090365
0	-186.68750000000003	0	79.05290302221137	0	-9.480148262564764
0	-187.125	0	78.56752643286164	0	-10.490707278452797
0	-187.62499999999997	0	78.16547238728667	0	-11.529850209871624
0	-188.625	0	77.44261945000883	0	-13.165885785319093
0	-189.43749999999997	0	76.92432059538184	0	-14.489818390176513
0	-190.25	0	76.36956435820854	0	-15.874116482980305
0	-191.31250000000003	0	75.68150229632113	0	-17.54538127175907
0	-192.4375	0	74.89629986123032	0	-19.599202745351565
0	-193.0625	0	74.45209176735239	0	-20.71797701565257
0	-194.4375	0	73.70969145549508	0	-22.458929862388644
0	-195.125	0	73.23966079855713	0	-23.587773085210134
0	-195.875	0	72.73035114441116	0	-24.776158274101086
0	-197.00000000000003	0	72.21304467886208	0	-25.905398392968998
0	-198.24999999999997	0	71.54620872334631	0	-27.682899530312504
0	-199.9375	0	70.81136511337982	0	-29.322218674506423
0	-200.75000000000003	0	70.38407310102488	0	-30.15983523663459
0	-201.43750000000003	0	69.93321851408297	0	-30.96897548647628
0	-202.6875	0	69.04960363881527	0	-32.46822107309775
0	-203.375	0	68.43252102485003	0	-33.43407601972603
0	-203.75	0	67.97404285334952	0	-34.04363577524016
0	-204.24999999999997	0	67.37934199684946	0	-34.67320387312071
0	-204.87499999999997	0	66.55123211910924	0	-35.570752491421125
0	-205.24999999999997	0	66.1435707024339	0	-36.052995759484
0	-206.00000000000003	0	65.51341549068594	0	-36.824374591124425
0	-206.75000000000003	0	64.9239630355688	0	-37.46258702352931
0	-207.125	0	64.62422790106433	0	-37.69048543625219
0	-207.125	0	64.56456464420958	0	-37.73024206138405
0	-207.0625	0	64.57596399912332	0	-37.74624836364819
0	-206.99999999999997	0	64.68011755728314	0	-37.625624641907464
0	-206.75000000000003	0	64.89273516656165	0	-37.36526871533828
0	-206.24999999999997	0	65.3190789470216	0	-36.87452688774163
0	-205.6875	0	65.68129554457325	0	-36.34281321019664
0	-205.125	0	66.20828855621134	0	-35.712483118487896
0	-204.75	0	66.65422813437746	0	-35.18751740055527
0	-204.4375	0	67.25261009874257	0	-34.49630526358505
0	-204.3125	0	67.69037665044665	0	-33.86158259090946
0	-203.9375	0	68.13612616425453	0	-33.27921280069956
0	-203.6875	0	68.54646046758282	0	-32.61240218748239
0	-203.3125	0	69.03474916604611	0	-31.77571177356598
0	-202.6875	0	69.72206987186308	0	-30.689228667101386
0	-202.25	0	70.23484366254074	0	-29.804229537403447
0	-201.25	0	71.24490898759512	0	-28.220820340843805
0	-200.5625	0	71.92549129452895	0	-27.000423971548205
0	-200.0	0	72.5639279112884	0	-25.76846358196122
0	-198.9375	0	73.6145459510297	0	-23.870550228104463
0	-197.8125	0	74.67410864627637	0	-21.766405909955452
0	-197.00000000000003	0	75.41911131573201	0	-20.064363854350205
0	-196.125	0	76.11943403145784	0	-18.68858028406661
0	-195.125	0	76.92142122262918	0	-17.10223161876231
0	-194.125	0	77.6721596489181	0	-15.463979925787562
0	-193.375	0	78.17873965917708	0	-14.1357916781384
0	-192.25	0	78.74415459767951	0	-12.799212276033515
0	-191.31250000000003	0	79.23159568554259	0	-11.41428258177897
0	-190.0	0	79.8109024081054	0	-10.006684916106067
0	-189.06250000000003	0	80.2428808999916	0	-8.51041972710021
0	-187.62499999999997	0	80.82456356285071	0	-6.956562840826891
0	-186.1875	0	81.40401093451345	0	-5.320486106948323
0	-184.25000000000003	0	82.1033230841494	0	-3.0201431924498596
0	-183.31250000000003	0	82.37663202691745	0	-1.7641765905746194
0	-181.3125	0	82.86612302485607	0	0.5763605014317656
0	-179.81249999999997	0	83.114253044123	0	2.3470123020849663
0	-177.5625	0	83.49829152560233	0	4.6825811825057295
0	-175.125	0	83.81885457327344	0	7.168995703686059
0	-173.3125	0	83.95027388467432	0	9.147188361548162
0	-172.0	0	83.94850863903662	0	10.581511639521816
0	-169.3125	0	84.20920103060642	0	12.740411228647815
0	-167.9375	0	84.16992676825922	0	14.088805422824844
0	-165.75000000000003	0	84.20295317191056	0	15.984420496785116
0	-164.31249999999997	0	84.14305476345186	0	17.259825104904802
0	-162.8125	0	84.06527141769638	0	18.584190233663907
0	-160.625	0	83.99685089928047	0	20.405708205804796
0	-158.43749999999997	0	83.90410101904875	0	22.077325613812313
0	-156.25	0	83.63234974142232	0	23.767661018568095
0	-154.06249999999997	0	83.23626757657429	0	25.523336476162772
0	-151.875	0	82.83127582885311	0	27.22692030249966
0	-149.625	0	82.56604726572829	0	28.712861547657212
0	-146.5625	0	81.81641326020134	0	31.068323145805536
0	-143.5625	0	81.18304292252981	0	33.118746082940696
0	-141.31249999999997	0	80.62602374434275	0	34.75958191517964
0	-138.625	0	79.89919825374861	0	36.906451827326116
0	-136.1875	0	79.38021532963555	0	38.70088338773327
0	-134.68749999999997	0	79.04850150583867	0	39.83139309454087
0	-133.4375	0	78.79126606920246	0	40.81812774124731
0	-132.625	0	78.54663877429807	0	41.56572154757978
0	-131.62499999999997	0	78.32069632688584	0	42.36992672998424
0	-130.37500000000003	0	77.94743225979995	0	43.448311686115865
0	-129.43750000000003	0	77.65175628346941	0	44.15206885741612
0	-128.4375	0	77.26223130983956	0	44.88695275075233
0	-127.8125	0	76.80774839396	0	45.54926935033793
0	-126.81250000000001	0	76.22256039435716	0	46.35217730304537
0	-126.12500000000001	0	75.77735786808273	0	46.94963434988685
0	-125.12500000000003	0	75.14473718597353	0	47.72316605466536
0	-124.43749999999999	0	74.67394335588605	0	48.301816948354954
0	-122.99999999999999	0	73.63202339238568	0	49.51836626771959
0	-121.87499999999997	0	72.95006111127577	0	50.39084203703985
0	-120.81249999999999	0	72.08030505193206	0	51.28569012553713
0	-120.00000000000001	0	71.45572853527023	0	51.95179038648372
0	-119.1875	0	70.78655958008244	0	52.621396805651635
0	-118.0625	0	70.01935637534167	0	53.43570002842682
0	-116.87499999999999	0	69.11444216426153	0	54.28006388751234
0	-116.12500000000004	0	68.37106773644078	0	54.874256426322184
0	-114.99999999999997	0	67.59426608575419	0	55.62537233183874
0	-114.25000000000001	0	66.90840732642326	0	56.149824393785146
0	-113.4375	0	66.19626041022404	0	56.74135067867136
0	-111.87499999999999	0	64.7956854289239	0	57.85489252330287
0	-110.68749999999997	0	63.93644678534459	0	58.616813820375064
0	-109.87500000000001	0	63.199031584159144	0	59.153030229520866
0	-109.0625	0	62.375716569662636	0	59.727998617696265
0	-107.37500000000001	0	60.96610279865607	0	60.76117535358453
0	-105.75	0	59.580162202154824	0	61.72338525992204
0	-104.93750000000001	0	58.78136096330663	0	62.1553350327749
0	-103.18749999999997	0	57.38655987454234	0	62.992538549234304
0	-101.37500000000003	0	55.70497876901032	0	63.903306121556604
0	-99.75	0	54.41679702945471	0	64.67511009860341
0	-98.31250000000001	0	53.439656848039775	0	65.34639473515956
0	-97.5	0	52.93387250264095	0	65.69088839855185
0	-97.06249999999999	0	52.689226273133436	0	65.92453261402935
0	-96.5625	0	52.5332010592274	0	66.13991965565721
0	-96.31249999999997	0	52.567120171441594	0	66.26734968860312
0	-96.31249999999997	0	52.79193641177638	0	66.29063224576339
0	-96.43749999999999	0	53.13886598045404	0	66.227167150932
0	-96.5	0	53.41622766997409	0	66.22121794099444
0	-96.5625	0	53.67522678012281	0	66.20036521813923
0	-96.62500000000003	0	54.05716699149389	0	66.1689253689081
0	-96.62500000000003	0	54.27479293318518	0	66.1918308894861
0	-96.68750000000004	0	54.52730174458812	0	66.14706664013019
0	-96.68750000000004	0	54.75904878945398	0	66.14769468364268
0	-96.68750000000004	0	55.07017939601423	0	66.09824033986804
0	-96.62500000000003	0	55.38835033436714	0	66.04664584374015
0	-96.5625	0	55.561369052688484	0	66.02169130336289
0	-96.37499999999999	0	55.802351979871545	0	65.99399291022978
0	-96.25000000000003	0	55.96136679754598	0	65.99433352933207
0	-96.125	0	56.14514465666996	0	66.00151532199018
0	-96.00000000000004	0	56.39737999617395	0	66.00900602380356
0	-95.81250000000001	0	56.79588973948607	0	66.00180382415066
0	-95.68749999999999	0	57.046067144368884	0	66.00902883939102
0	-95.49999999999997	0	57.64881222966952	0	65.97373580974912
0	-95.37499999999999	0	57.9872232017052	0	65.97733005345682
0	-95.24999999999997	0	58.56470795067368	0	66.0085719411636
0	-95.24999999999997	0	59.103179905858504	0	66.01454926934787
0	-95.24999999999997	0	59.57401698927603	0	66.04892374923054
0	-95.18750000000003	0	60.2134623444417	0	66.02917659694248
0	-95.06250000000001	0	60.713024888985636	0	65.99744478647371
0	-94.93750000000003	0	61.362415172508534	0	65.96799330841432
0	-95.0	0	62.47289552450855	0	65.83913592083425
0	-95.06250000000001	0	63.436005427618234	0	65.79938674525087
0	-95.18750000000003	0	64.17752723307737	0	65.75941441517055
0	-95.24999999999997	0	64.8622889746939	0	65.70635083306199
0	-95.31249999999999	0	65.99626018142116	0	65.67274790205659
0	-95.43750000000001	0	66.99905573675588	0	65.59841036681067
0	-95.56249999999997	0	67.81557756285898	0	65.5669215348731
0	-95.74999999999999	0	68.83011421240184	0	65.4780399477335
0	-95.81250000000001	0	69.74521563064816	0	65.45075739880505
0	-95.93750000000003	0	70.68645134203707	0	65.40518199953001
0	-96.00000000000004	0	71.61927909053529	0	65.42118402279432
0	-96.25000000000003	0	73.48269781398575	0	65.47233661913788
0	-96.43749999999999	0	74.77776539201946	0	65.4542892146448
0	-96.68750000000004	0	75.87353708185171	0	65.37451068592857
0	-97.1875	0	78.16938711874894	0	65.21289281532516
0	-98.1875	0	81.16140186731558	0	64.84650470759823
0	-98.87499999999997	0	83.67383516392057	0	64.39453841484374
0	-99.12499999999997	0	86.01880942688673	0	63.89004473413538
0	-99.00000000000001	0	88.55036775719246	0	63.354594455836015
0	-98.75000000000001	0	90.16004923551351	0	62.95056622055078
0	-98.37500000000001	0	91.8577858496742	0	62.50802266653028
0	-97.81249999999999	0	92.91024461259353	0	62.25370120264653
0	-96.93750000000001	0	94.21870438763733	0	61.7964326269883
0	-96.125	0	95.4711037286736	0	61.25692726610824
0	-95.31249999999999	0	96.1559027933661	0	61.00911214110716
0	-94.43750000000001	0	97.07089512625694	0	60.6725447714757
0	-93.5625	0	97.62845867161674	0	60.50934805188325
0	-93.12499999999999	0	98.11060876105395	0	60.343472100909594
0	-92.5	0	98.87949986370175	0	60.26507046598643
0	-92.12499999999999	0	99.49080080178801	0	60.08304494618988
0	-91.74999999999999	0	99.96671832929104	0	60.01600191079963
0	-91.12500000000001	0	100.76388548748078	0	59.99917533536946
0	-90.6875	0	101.46328591042113	0	59.920018213104164
0	-90.3125	0	102.08103219984784	0	59.93965269605651
0	-90.18749999999997	0	102.5518639587935	0	59.89917300174174
0	-90.06250000000001	0	102.89580934165146	0	59.89538808799314
0	-89.87499999999999	0	103.10891454430912	0	59.900798613709355
0	-89.75000000000001	0	103.28907843414153	0	59.89152664032147
0	-89.625	0	103.46731292100476	0	59.89921036704393
0	-89.56249999999999	0	103.59794735499271	0	59.88976438583551
0	-89.49999999999999	0	103.67517849995983	0	59.883792938632595
0	-89.43749999999999	0	103.7448544332414	0	59.898097088891575
0	-89.37499999999996	0	103.7538115541988	0	59.90826580144423
0	-89.37499999999996	0	103.73908621477129	0	59.908105166537496
0	-89.43749999999999	0	103.68957000326984	0	59.9029428142473
0	-89.43749999999999	0	103.63427707019424	0	59.90976342234026
0	-89.43749999999999	0	103.57169367015304	0	59.90914899150679
0	-89.43749999999999	0	103.52204930225268	0	59.90313899642951
0	-89.43749999999999	0	103.47974961580326	0	59.899041975569155
0	-89.43749999999999	0	103.4613788764284	0	59.89517988414512
0	-89.43749999999999	0	103.45957433118208	0	59.891480436177005
0	-89.43749999999999	0	103.47798121354714	0	59.89166115112803
0	-89.43749999999999	0	103.48532589499807	0	59.89357412534494
0	-89.43749999999999	0	103.48532589499807	0	59.89357412534494
0	-89.43749999999999	0	103.48530782350296	0	59.895414813581446
0	-89.43749999999999	0	103.47419140810352	0	59.902669137556856
0	-89.49999999999999	0	103.47992174487422	0	59.89448176932667
0	-89.49999999999999	0	103.47198062766401	0	59.96068296166065
0	-89.81250000000001	0	103.52783434708974	0	59.9754519083878
0	-90.06250000000001	0	103.52106318563462	0	60.01787404857578
0	-90.50000000000001	0	103.51881212576514	0	60.0723956623764
0	-90.87500000000003	0	103.4962655384301	0	60.10946183765311
0	-91.31249999999997	0	103.49005229724263	0	60.11803065189148
0	-91.56250000000003	0	103.42395990260054	0	60.17278246847474
0	-92.06249999999999	0	103.30781539193089	0	60.241478497837115
0	-92.5	0	103.23410117952068	0	60.26130077559449
0	-92.875	0	103.01714217203198	0	60.32849609869904
0	-93.25	0	102.66598683809684	0	60.33113597036586
0	-93.5625	0	101.9619497452782	0	60.38678603290874
0	-93.68750000000001	0	101.50677180070792	0	60.417884015886685
0	-93.81249999999999	0	100.89598995939504	0	60.439379228467146
0	-93.74999999999996	0	100.05057804376841	0	60.51782627081256
0	-93.5625	0	99.08139175369833	0	60.56875027738822
0	-93.06249999999999	0	97.97364608096204	0	60.72649312002883
0	-92.625	0	96.66640811689729	0	60.888266258753816
0	-91.68749999999999	0	94.76476519936125	0	61.19693303158738
0	-91.18749999999996	0	93.56328109908328	0	61.27939079800696
0	-90.62500000000003	0	92.18840515825104	0	61.391979492016944
0	-89.75000000000001	0	90.1692569992519	0	61.54560576847263
0	-89.12499999999999	0	88.65493844749003	0	61.66743936774573
0	-88.12499999999999	0	86.91971182978395	0	61.81049412440223
0	-87.50000000000001	0	85.46120372548693	0	61.853800334498374
0	-86.81249999999996	0	83.7841695253025	0	61.92279379946051
0	-85.81249999999996	0	81.86499851872458	0	62.055132203215436
0	-84.87499999999999	0	79.67313287413522	0	62.085869983980196
0	-84.18749999999999	0	77.9030514797385	0	61.997041386399786
0	-82.50000000000001	0	74.62614797618622	0	62.01127335891077
0	-81.24999999999999	0	71.4652439025468	0	61.66441286892448
0	-80.56249999999999	0	69.8589263706479	0	61.47645423942082
0	-79.625	0	67.98957355035844	0	61.2960828611556
0	-78.62499999999997	0	65.50152896044997	0	60.9015336137884
0	-77.56250000000003	0	63.55244913363629	0	60.71737674867519
0	-76.87499999999999	0	61.89551521332525	0	60.45035590947216
0	-76.18749999999999	0	60.240747878776325	0	60.11422160536568
0	-74.68750000000001	0	56.982392936526665	0	59.66750030534518
0	-73.4375	0	54.751129436499205	0	59.32212575335689
0	-72.18750000000003	0	52.697332344240955	0	58.9840748309324
0	-70.43750000000003	0	49.908330657475695	0	58.44773468345771
0	-69.06249999999999	0	47.45248687781246	0	57.75234962146157
0	-67.75000000000001	0	45.46857933481999	0	57.26185299240287
0	-66.37499999999997	0	43.07306399365991	0	56.6013398158413
0	-64.375	0	40.224522176242154	0	55.92326310018581
0	-63.250000000000036	0	38.21839198587315	0	55.19835079509284
0	-60.99999999999997	0	34.895178836141284	0	54.21493488275607
0	-59.93750000000003	0	33.21945994635168	0	53.63899358643323
0	-58.937499999999986	0	31.921765328492498	0	53.197113139599495
0	-58.06250000000002	0	30.63412468858934	0	52.692300168005374
0	-57.625	0	29.84967349681901	0	52.33974844775577
0	-57.000000000000014	0	28.926604711823174	0	51.954257240181235
0	-56.37500000000003	0	28.007414351755873	0	51.575910566188895
0	-55.99999999999997	0	27.369332671915906	0	51.29598082643898
0	-55.8125	0	26.947002287140112	0	51.07835458826435
0	-55.500000000000014	0	26.555008530283327	0	50.93581453584262
0	-55.374999999999986	0	26.215697290318168	0	50.75937434167055
0	-55.187500000000014	0	25.94723184830844	0	50.63208323289277
0	-55.0625	0	25.798360165345663	0	50.57149881215692
0	-55.0625	0	25.737999084209044	0	50.529331579561756
0	-55.0625	0	25.729854614465626	0	50.52813291035907
0	-55.0625	0	25.766071263147598	0	50.55343324991617
0	-55.0625	0	25.81134207400006	0	50.585058674362536
0	-55.0625	0	25.933097036038056	0	50.64541457653613
0	-54.999999999999986	0	26.037267465567943	0	50.69217269092553
0	-54.87499999999997	0	26.0763674418141	0	50.696903454373754
0	-54.56250000000003	0	26.105624461824075	0	50.603822795457916
0	-53.93749999999999	0	26.0148244261461	0	50.576134883690074
0	-52.875	0	25.973435513856632	0	50.53858739897309
0	-52.312499999999964	0	26.030881064817972	0	50.474262689932765
0	-51.68750000000003	0	26.108114202890373	0	50.40993584119942
0	-50.4375	0	26.140183934246846	0	50.45634949692821
0	-49.49999999999998	0	26.30650816575284	0	50.533248045727575
0	-48.499999999999986	0	26.33678855117071	0	50.61233791727933
0	-47.437499999999986	0	26.44890434179805	0	50.73974937099968
0	-46.37499999999999	0	26.5998969687882	0	50.809932564641215
0	-45.62500000000004	0	26.820197515875073	0	50.84818673806275
0	-44.93749999999999	0	27.032332373251975	0	50.98795076657415
0	-43.87499999999999	0	27.060821574705802	0	51.064523232871004
0	-43.12499999999999	0	27.233596372297267	0	51.220655530834705
0	-42.125	0	27.31346927372459	0	51.41584310717369
0	-40.6875	0	27.573689850006286	0	51.55893840693575
0	-39.62500000000001	0	27.88424601502149	0	51.76927279751424
0	-38.56250000000001	0	27.992616808309222	0	51.82812458183242
0	-37.93750000000002	0	28.244038487814596	0	52.010755373429866
0	-36.624999999999986	0	28.725751976276786	0	52.43500580909735
0	-35.06250000000002	0	29.083095274212308	0	52.96374802461338
0	-34.12500000000004	0	29.35020260917502	0	53.22253389458099
0	-33.56250000000001	0	29.684966074630772	0	53.59087615881309
0	-32.62499999999998	0	29.92380233674072	0	53.942355078564155
0	-31.999999999999996	0	30.192204756766603	0	54.28734198605073
0	-31.12499999999997	0	30.355630224958574	0	54.685076444634454
0	-30.562499999999993	0	30.713184342927246	0	55.05173330576685
0	-29.93750000000001	0	30.97716796629811	0	55.46940928042758
0	-29.062499999999986	0	31.167055534499646	0	55.90898659880206
0	-28.125000000000007	0	31.357177393463793	0	56.28693957884218
0	-27.49999999999997	0	31.571583606818013	0	56.71530352943138
0	-26.874999999999982	0	31.91246338363627	0	57.21568132306736
0	-25.687500000000018	0	32.14929626439958	0	57.71524260298987
0	-24.437499999999993	0	32.56171456771911	0	58.3994986975873
0	-23.875000000000014	0	32.82899876264151	0	58.92188538982779
0	-22.93749999999999	0	32.99408234757854	0	59.36322668904151
0	-22.3125	0	33.27357983786886	0	59.79609363568718
0	-21.437499999999975	0	33.50422289650584	0	60.23520598694036
0	-20.81250000000004	0	33.84330499403864	0	60.72306318824313
0	-19.250000000000025	0	34.25638035748468	0	61.59148325294438
0	-18.250000000000036	0	34.299360126471804	0	61.993426939248494
0	-17.375000000000014	0	34.56992562155703	0	62.637436165625914
0	-16.437500000000032	0	34.78495786883791	0	63.224048967072726
0	-15.812499999999996	0	35.11415822128103	0	63.674525142247425
0	-14.875000000000018	0	35.26902448985891	0	64.05006413386184
0	-13.81250000000002	0	35.33760146420575	0	64.45892822372072
0	-13.125000000000023	0	35.665290422487466	0	65.05935189753673
0	-12.125000000000036	0	35.75599117708093	0	65.53062334830533
0	-11.437499999999988	0	36.006781326208014	0	66.01345103478229
0	-10.187500000000016	0	36.19773931659075	0	66.69947008606051
0	-9.187499999999975	0	36.36515376337283	0	67.17334569043064
0	-7.874999999999994	0	36.62888427165014	0	68.10299543036555
0	-6.8124999999999964	0	36.79141694976944	0	68.84266062502243
0	-5.875000000000016	0	36.86452318788028	0	69.30100801950442
0	-4.749999999999959	0	37.031330093984934	0	69.703659682213
0	-3.499999999999986	0	37.379953777229794	0	70.39263997058093
0	-2.124999999999995	0	37.34465498617198	0	70.70557807613474
0	-0.7500000000000042	0	37.43967879427837	0	71.01209722993055
0	1.187500000000015	0	37.63758738685041	0	71.62185319916448
0	3.0625000000000147	0	37.75235042643593	0	72.2217309048715
0	4.312500000000016	0	37.73730143134818	0	72.4281079421042
0	5.437500000000014	0	37.84452190113176	0	72.82940464223931
0	6.187500000000016	0	38.06662213210709	0	73.09801167531022
0	7.187500000000014	0	38.08308692464403	0	73.30927218295672
0	7.750000000000014	0	38.21141069536353	0	73.53909760733649
0	8.625000000000014	0	38.23853741331761	0	73.61013802337537
0	9.187500000000014	0	38.30500132123891	0	73.85828051069551
0	9.875000000000014	0	38.38402211811659	0	74.01060842755415
0	10.812500000000016	0	38.48716546314639	0	74.12187847212275
0	11.250000000000014	0	38.518880041389366	0	74.29235648282811
0	11.687500000000014	0	38.53652828564903	0	74.35329811889122
0	12.000000000000014	0	38.54089415700195	0	74.40245566947051
0	12.312500000000014	0	38.55876561948405	0	74.43957060629278
0	12.500000000000014	0	38.55521019784076	0	74.46098856069045
0	12.687500000000014	0	38.52027053203042	0	74.47911860731803
0	12.687500000000014	0	38.51896363406591	0	74.51844821613093
0	12.687500000000014	0	38.517750745931295	0	74.52383570536428
0	12.625000000000014	0	38.52508559958544	0	74.49543621226881
0	12.625000000000014	0	38.522196288660766	0	74.43253828062532
0	12.625000000000014	0	38.5493112880955	0	74.33674672769776
0	12.687500000000014	0	38.612030643361095	0	74.20355312044529
0	12.812500000000012	0	38.64277853922444	0	74.07434733301294
0	12.937500000000012	0	38.710043187301515	0	73.8345444283577
0	13.375000000000014	0	38.7705889070392	0	73.37120685898648
0	13.625000000000012	0	38.93219072694609	0	72.88138784084454
0	14.250000000000012	0	39.06965993342779	0	72.14019915586233
0	15.437500000000012	0	39.268834147005414	0	70.84925914314277
0	16.12500000000001	0	39.39873976623493	0	70.11517949848877
0	16.750000000000014	0	39.675317882118435	0	69.27064945987132
0	17.87500000000001	0	39.983855967396636	0	68.12875049095346
0	19.000000000000014	0	40.4269160062781	0	66.81192601923583
0	20.125000000000014	0	40.895113047155604	0	65.49402797370898
0	20.937500000000014	0	41.31818770638243	0	64.45223009528027
0	22.12500000000001	0	41.81530796754845	0	63.104928391693576
0	23.25000000000001	0	42.3403440192622	0	61.83639289705856
0	24.43750000000001	0	42.99998959880742	0	60.36968425989677
0	25.68750000000001	0	43.41481293829571	0	59.192796425325575
0	26.81250000000001	0	43.93873215995468	0	57.97715289433696
0	27.81250000000001	0	44.576501077873495	0	56.78237385066504
0	28.50000000000001	0	45.03924098984363	0	55.9828186916618
0	29.125000000000014	0	45.54179506639993	0	55.27742911919805
0	30.56250000000001	0	46.312219087532156	0	53.911789617755346
0	31.375000000000014	0	46.89722837753784	0	53.02076705841469
0	31.81250000000001	0	47.313761070492404	0	52.43548275529344
0	32.750000000000014	0	47.93330158623766	0	51.42716488135038
0	33.37500000000002	0	48.29692660590118	0	50.79678741342364
0	33.68750000000001	0	48.714266173299194	0	50.19815969204578
0	34.187500000000014	0	49.32428809139194	0	49.29626392566063
0	34.37500000000001	0	49.785866691727335	0	48.69936043700317
0	34.50000000000002	0	50.17720269609053	0	48.12145698091453
0	34.562500000000014	0	50.568612616302396	0	47.53928651955057
0	34.562500000000014	0	50.89964993035125	0	47.058748040523
0	34.562500000000014	0	51.23075462997932	0	46.60731472254842
0	34.562500000000014	0	51.53292261086577	0	46.17841770494366
0	34.562500000000014	0	51.88039897710907	0	45.758380224981956
0	34.625000000000014	0	52.30478456471159	0	45.26607730436517
0	34.625000000000014	0	52.623397105316336	0	44.85972701304505
0	34.625000000000014	0	52.90836016602032	0	44.45027455433394
0	34.625000000000014	0	53.24006540160985	0	43.99256655199084
0	34.625000000000014	0	53.50342435721475	0	43.624120752892225
0	34.562500000000014	0	53.79769604887476	0	43.27489189686568
0	34.562500000000014	0	54.187482683116635	0	42.825883983736055
0	34.625000000000014	0	54.538176326298746	0	42.349805865876576
0	34.687500000000014	0	55.3033820610775	0	41.34129259604764
0	34.750000000000014	0	55.653939641386444	0	40.8450032591347
0	34.812500000000014	0	56.22920187511436	0	40.25609914576295
0	34.750000000000014	0	56.50860586832992	0	40.06923590341012
0	34.50000000000002	0	56.648025959419016	0	40.10094622320651
0	34.37500000000001	0	56.75326447845707	0	40.09743900359926
0	34.37500000000001	0	56.8089114757484	0	40.05521586123512
0	34.43750000000001	0	56.80193408589113	0	40.02794697096988
0	34.50000000000002	0	56.77428401893388	0	40.024413390813926
0	34.562500000000014	0	56.743332651114116	0	40.0386902984536
0	34.562500000000014	0	56.65136847172953	0	40.14298383189407
0	34.50000000000002	0	56.55438213145514	0	40.2752832846509
0	34.37500000000001	0	56.34291471265025	0	40.54578101476524
0	33.937500000000014	0	56.08926377821928	0	40.97301725362899
0	33.56250000000001	0	55.79136589136039	0	41.40588662198975
0	33.00000000000001	0	55.43437632580132	0	41.9501593325729
0	32.375000000000014	0	55.11581231198137	0	42.4950353177363
0	31.250000000000007	0	54.216037710317075	0	43.733363790879814
0	30.56250000000001	0	53.6860162884548	0	44.46291172584344
0	29.75000000000001	0	53.290985457567274	0	45.150504037745854
0	28.937500000000014	0	52.72067139761185	0	45.99781515421552
0	28.37500000000001	0	52.22337592788522	0	46.694891335578234
0	27.437500000000014	0	51.79755232148154	0	47.57064398361415
0	26.375000000000014	0	51.23025684051603	0	48.677868345369546
0	25.43750000000001	0	50.71786991205525	0	49.66695005539833
0	24.687500000000014	0	50.19777670751488	0	50.59014323844874
0	23.93750000000001	0	49.76060404752646	0	51.42263907275453
0	22.750000000000014	0	49.106998670711405	0	52.81266382514741
0	21.500000000000014	0	48.6044984610971	0	54.021008636919575
0	20.187500000000014	0	48.17050451632318	0	55.280988472777686
0	19.375000000000014	0	47.66557938016486	0	56.4179874376047
0	18.500000000000014	0	47.17524647990457	0	57.53839522368294
0	17.18750000000001	0	46.78089740479674	0	58.7475252552319
0	15.875000000000014	0	46.178116273581615	0	60.21936541101741
0	15.000000000000012	0	45.72387379275596	0	61.375858745632776
0	13.187500000000014	0	45.16444702203763	0	63.271534522287865
0	11.437500000000012	0	44.6022154372647	0	65.15434111020714
0	10.500000000000014	0	44.23850473971652	0	66.43621926769677
0	8.750000000000012	0	43.84730151725578	0	68.36339383804345
0	6.875000000000012	0	43.44234739983968	0	70.59620057862858
0	5.562500000000012	0	43.07062867788978	0	72.23859646559505
0	3.500000000000013	0	42.72143511506657	0	74.30582003137177
0	1.9375000000000127	0	42.5510420148646	0	75.9384135539447
0	0.2500000000000127	0	42.430427047934835	0	77.5807032896389
0	-1.4999999999999802	0	42.254904300536964	0	79.36826981308404
0	-3.2499999999999734	0	42.08020216806462	0	81.29040160753489
0	-5.124999999999984	0	42.23288508788872	0	82.7949012928931
0	-6.3749999999999565	0	42.14505710661379	0	84.0935302315105
0	-8.374999999999986	0	42.184692540833616	0	85.85352051029976
0	-10.437499999999972	0	42.19498199905546	0	87.8687065758577
0	-12.624999999999975	0	42.46598659622179	0	89.44549486327823
0	-15.687500000000002	0	42.73410720483655	0	91.8237863676101
0	-19.062499999999968	0	43.26863195637907	0	94.2384814110246
0	-20.749999999999954	0	43.42828378550035	0	95.52405170605104
0	-23.31249999999996	0	43.92030770695402	0	97.23463661360749
0	-27.749999999999975	0	44.88827971358272	0	99.95240124516383
0	-30.437499999999954	0	45.65538072893475	0	101.57243056669188
0	-33.3125	0	46.383744001246846	0	103.32353497910722
0	-35.18749999999996	0	46.93754547930564	0	104.60121448383809
0	-38.06249999999996	0	47.84847256171104	0	105.99641258703122
0	-40.99999999999997	0	48.91003171979264	0	107.25839966152111
0	-43.93749999999998	0	49.93612493938586	0	108.72730385987599
0	-45.93749999999996	0	50.62261239256828	0	109.94913426661041
0	-50.9375	0	52.65662789257335	0	111.77362745338642
0	-52.999999999999986	0	53.5312826022639	0	112.60338933880242
0	-55.06249999999997	0	54.53801288050141	0	113.60987340415662
0	-59.37499999999997	0	56.23275108477187	0	114.89530290590646
0	-61.437500000000014	0	57.347869318836835	0	115.87069284732397
0	-65.68749999999996	0	59.21181422666074	0	116.83911378400819
0	-68.74999999999997	0	60.665400925133156	0	117.69979274262577
0	-71.68749999999999	0	61.90916155077397	0	118.07651095309276
0	-74.56249999999999	0	63.109664297232165	0	118.5690631350128
0	-76.43749999999999	0	64.06348439164253	0	119.05022227386938
0	-79.24999999999999	0	65.18347251150509	0	119.2730339120611
0	-81.9375	0	66.45044374372634	0	119.6610957650929
0	-85.56249999999996	0	67.9807260804339	0	119.8920148034805
0	-87.43749999999997	0	68.86125273042852	0	120.06991272353449
0	-90.125	0	69.99233916859062	0	120.06028525136502
0	-92.74999999999994	0	70.98466727428321	0	119.96926301994606
0	-96.24999999999999	0	72.48963068047247	0	119.86295407422672
0	-97.93749999999997	0	73.22517373933783	0	119.98860077280514
0	-100.62499999999994	0	74.22619236509176	0	119.81618763109742
0	-103.31249999999997	0	75.23180397744132	0	119.61546128484439
0	-105.99999999999994	0	76.21507427970187	0	119.30662393288051
0	-107.81249999999994	0	76.94459741832708	0	119.19806133250195
0	-110.49999999999997	0	77.76291828068325	0	118.71165820196767
0	-113.24999999999996	0	78.86756033670422	0	118.5847219415329
0	-115.99999999999999	0	79.8487914378292	0	118.10012141937237
0	-117.8125	0	80.53702166739284	0	117.82530974715101
0	-121.5	0	81.81771925183475	0	117.06291596159853
0	-123.3125	0	82.4190554199882	0	116.60598008082718
0	-125.99999999999997	0	83.3117006024623	0	116.0100247166491
0	-127.81249999999999	0	83.9683914677449	0	115.66618881353067
0	-131.43749999999997	0	84.95776374167103	0	114.74704992715996
0	-133.24999999999997	0	85.48353976211199	0	114.25454935575958
0	-135.06249999999997	0	85.99124913072802	0	113.77458654765732
0	-136.81249999999997	0	86.39104821423935	0	113.2752481569372
0	-140.1875	0	87.055717607795	0	112.39664472877215
0	-142.62499999999997	0	87.58428405264219	0	111.88899667758032
0	-144.12499999999997	0	87.84580828180835	0	111.4956044498292
0	-146.3125	0	88.02731445962128	0	110.92486606427633
0	-148.18749999999994	0	88.16870158148112	0	110.48251278613598
0	-149.31249999999997	0	88.23126012947803	0	110.26867712622845
0	-150.74999999999997	0	88.19963564516209	0	109.90391491756994
0	-152.0	0	88.21515328677428	0	109.62165033834667
0	-153.12499999999997	0	88.24709243796943	0	109.3463969415232
0	-153.87499999999997	0	88.36326076229909	0	109.01418598696242
0	-155.75	0	88.44547791497855	0	107.7378353973552
0	-156.3125	0	88.51078016978191	0	107.10393901954048
0	-157.06249999999997	0	88.54088527099384	0	106.31364973194205
0	-157.49999999999997	0	88.7255880487531	0	105.30934516251956
0	-158.31249999999997	0	89.05708808780963	0	103.59965997298274
0	-158.81249999999997	0	89.31189523772372	0	102.41025782414908
0	-159.125	0	89.65256518435332	0	101.30230180182686
0	-159.5625	0	89.94908284437076	0	100.16058179043189
0	-159.93749999999994	0	90.50489765693763	0	98.68338469891425
0	-160.24999999999994	0	90.95849730558436	0	97.29072975607583
0	-160.43749999999997	0	91.42840728921921	0	96.04684975810181
0	-160.62499999999997	0	91.84326427391201	0	95.04692834769762
0	-160.9375	0	92.22289596240027	0	93.73237238216358
0	-161.31249999999997	0	92.81016288947053	0	92.17945071926658
0	-161.62499999999997	0	93.24118032976308	0	90.85753731650256
0	-161.87499999999997	0	93.66787828532188	0	89.5227225621618
0	-162.74999999999994	0	94.7947577427293	0	86.29105201814393
0	-163.43749999999997	0	95.54628982943615	0	83.79440812159598
0	-164.31249999999997	0	96.43473164956357	0	81.42182102799923
0	-165.06249999999994	0	97.1601742298452	0	79.26350410449416
0	-166.0625	0	97.88636560034927	0	77.10437445224407
0	-167.62499999999997	0	98.78805840609704	0	74.28602839597364
0	-168.93749999999997	0	99.38593137156998	0	71.9623726897021
0	-170.31249999999997	0	99.86248453193794	0	69.97584718522232
0	-172.18749999999997	0	100.63383784253902	0	67.22789430985242
0	-174.93749999999997	0	100.99178107743768	0	64.46679908433444
0	-176.37499999999997	0	101.38680525334782	0	62.44390471971284
0	-178.62499999999997	0	101.56569853390613	0	60.4663290662763
0	-181.62499999999997	0	102.04001678067067	0	56.9758023621139
0	-183.93749999999997	0	101.97762158639837	0	54.71109467592402
0	-185.49999999999997	0	101.93991003438528	0	53.00510268577342
0	-190.24999999999997	0	101.56213889008593	0	48.640620035442915
0	-191.81249999999997	0	101.38957976152146	0	46.56257694302198
0	-194.12499999999997	0	100.91161719909404	0	44.46026153573445
0	-196.375	0	100.3698354229728	0	42.43963457859601
0	-197.87499999999997	0	99.93039709051044	0	40.68892629654738
0	-199.99999999999997	0	99.26147519085742	0	38.8606421226918
0	-201.31249999999997	0	98.70927916909581	0	37.205757781599864
0	-203.99999999999997	0	97.64718051898504	0	34.287918207714775
0	-205.875	0	96.872196863035	0	32.14006517233848
0	-208.31249999999997	0	95.64343647318984	0	29.42770142082985
0	-210.06249999999997	0	94.64891141272905	0	27.55545431951643
0	-211.12499999999997	0	94.03429245112393	0	26.234874449199026
0	-213.31249999999997	0	92.54296278195497	0	23.548022960655402
0	-214.9375	0	91.40630806607462	0	21.869477912729266
0	-216.49999999999997	0	90.15422886648166	0	19.92214325315939
0	-217.56249999999997	0	89.25190315680457	0	18.4898190205653
0	-219.125	0	88.20162579020688	0	17.091257956699383
0	-221.18749999999997	0	86.12218723181728	0	14.203624580977005
0	-223.12499999999997	0	84.36717284262164	0	12.313721636537778
0	-224.06249999999997	0	83.09659512494382	0	10.696036908099837
0	-225.99999999999994	0	81.33268832174217	0	8.852176422882671
0	-227.87499999999997	0	79.09248292101839	0	6.519909310308638
0	-229.24999999999997	0	77.56821625362028	0	5.216883449867706
0	-230.99999999999997	0	75.42462656082064	0	3.1691150414226654
0	-231.875	0	74.06467146585648	0	1.8382081554792538
0	-233.06249999999997	0	72.62368918686474	0	0.592045082054826
0	-234.43749999999997	0	70.48012459664349	0	-1.109584298095964
0	-235.3125	0	68.78797972529047	0	-2.334287144231468
0	-235.87500000000003	0	67.615885266263	0	-3.146114862573614
0	-236.37500000000003	0	65.7610047084831	0	-4.290803083008784
0	-236.62500000000003	0	64.34750701502168	0	-5.217732989370187
0	-236.62500000000003	0	63.44323492632887	0	-5.698801489081902
0	-236.43750000000003	0	61.64028117775824	0	-6.832847431543871
0	-236.0625	0	60.51059118402794	0	-7.457132148362523
0	-235.62500000000003	0	59.71219821638554	0	-7.937835760673273
0	-235.00000000000003	0	58.71730554480567	0	-8.414056585028552
0	-233.9375	0	57.83921985236282	0	-9.038609176972104
0	-232.99999999999997	0	57.444553046127716	0	-9.184027552051472
0	-232.31249999999997	0	56.79947164665336	0	-9.478363763554722
0	-230.62499999999994	0	56.07341999221592	0	-9.853688766004366
0	-229.49999999999991	0	55.59033517093583	0	-10.074472802624612
0	-227.7499999999999	0	55.21907101026279	0	-10.392425464855291
0	-226.81249999999994	0	54.807622267151906	0	-10.448420779954452
0	-225.87499999999991	0	54.44225768809173	0	-10.507445013121876
0	-224.37499999999994	0	54.24683469151699	0	-10.653714831770436
0	-223.43749999999994	0	53.917255948989336	0	-10.83796493071478
0	-222.37499999999994	0	53.602338995786994	0	-10.938457794711518
0	-221.37499999999991	0	53.40705438851799	0	-11.047918970337184
0	-219.81249999999991	0	53.247537288132946	0	-11.238342260032901
0	-217.81249999999991	0	52.87092123734427	0	-11.575117641572552
0	-215.74999999999991	0	52.34016017578491	0	-11.886539159468477
0	-214.18749999999991	0	52.01920214147792	0	-12.028810700102042
0	-212.56249999999991	0	51.632901978537284	0	-12.214036947385758
0	-210.87499999999991	0	51.30187291294549	0	-12.435749473638097
0	-209.18749999999991	0	51.13820513519901	0	-12.630583587572966
0	-207.49999999999994	0	50.91703034457529	0	-12.857271078342432
0	-206.37499999999991	0	50.666830647221666	0	-13.061013878661543
0	-204.7499999999999	0	50.380738656136074	0	-13.182237036014316
0	-203.68749999999991	0	50.0435427726879	0	-13.415447364250387
0	-202.56249999999991	0	49.817023584141104	0	-13.623421253572499
0	-200.87499999999991	0	49.75287409107896	0	-13.703190887205915
0	-199.74999999999994	0	49.39142304082229	0	-13.938222834592823
0	-198.06249999999994	0	49.239345815483944	0	-14.14955943500646
0	-195.74999999999991	0	49.074569489592854	0	-14.286592188790392
0	-194.06249999999991	0	48.606457950704865	0	-14.648608367177278
0	-192.37499999999994	0	48.61173813518777	0	-14.77205102115844
0	-191.37499999999994	0	48.24366560004054	0	-15.204313344635286
0	-189.43749999999991	0	47.85045297153398	0	-15.948270247477309
0	-187.12499999999991	0	47.67821561471474	0	-17.008921053497723
0	-185.4999999999999	0	47.32298532165867	0	-18.658693628130628
0	-184.56249999999991	0	46.91255469245444	0	-20.7574505480211
0	-184.24999999999994	0	46.748348479732535	0	-22.106722555296578
0	-184.31249999999991	0	46.5173669647577	0	-24.719989670936535
0	-184.68749999999991	0	46.38530425786866	0	-26.74884509631328
0	-184.99999999999991	0	46.270515827062844	0	-28.33589822852828
0	-185.4374999999999	0	46.06371426114194	0	-29.87762821935922
0	-185.74999999999991	0	45.95615054610756	0	-31.480660975581984
0	-185.99999999999994	0	45.81526398691531	0	-32.791607323630345
0	-186.24999999999991	0	45.658999461168904	0	-34.05087235574952
0	-186.43749999999997	0	45.59952672360973	0	-35.178253144487485
0	-186.62499999999991	0	45.538746164867305	0	-36.13151734623576
0	-186.87499999999994	0	45.45481691147072	0	-37.16577068734077
0	-186.99999999999991	0	45.369510729375705	0	-38.15333692235506
0	-187.2499999999999	0	45.2562091774717	0	-39.11177694580544
0	-187.43749999999991	0	45.15066087924862	0	-40.06185948567951
0	-187.62499999999991	0	45.04271137879104	0	-40.801827262050494
0	-187.68749999999991	0	44.95142289902847	0	-41.42675352958105
0	-187.81249999999991	0	44.84228260929052	0	-42.179410252133515
0	-187.93749999999994	0	44.75005364981523	0	-42.60173063402465
0	-187.93749999999994	0	44.70633158539057	0	-42.91531088644736
0	-187.99999999999991	0	44.66145865291061	0	-43.15265313927848
0	-188.06249999999991	0	44.627348730978554	0	-43.41753567550976
0	-188.06249999999991	0	44.63002262615773	0	-43.477407351895955
0	-188.06249999999991	0	44.629506276322665	0	-43.48105251607603
0	-188.06249999999991	0	44.63157167566292	0	-43.46647185935577
0	-188.06249999999991	0	44.636993348931085	0	-43.4281976354651
0	-187.99999999999991	0	44.663660200266406	0	-43.35187661916695
0	-187.99999999999991	0	44.67054768324862	0	-43.28964310308518
0	-187.99999999999991	0	44.67743516623083	0	-43.227409587003415
0	-187.99999999999991	0	44.6781939071442	0	-43.102972111020925
0	-187.81249999999991	0	44.7603528996383	0	-42.80912266871334
0	-187.56249999999994	0	44.870098620411824	0	-42.47962386136033
0	-187.2499999999999	0	45.014647709363544	0	-42.04458305300517
0	-186.43749999999997	0	45.34095894315905	0	-41.30560218216994
0	-185.74999999999991	0	45.626232964623135	0	-40.57080492986609
0	-185.31249999999991	0	45.83327869239786	0	-39.93103217023106
0	-184.49999999999994	0	46.12857053112759	0	-39.04624310787283
0	-183.87499999999994	0	46.37194434835344	0	-38.32722844152238
0	-183.24999999999991	0	46.58265189588393	0	-37.475161821220915
0	-182.18749999999994	0	46.93503452960871	0	-36.451744761903456
0	-180.68749999999994	0	47.48311781215208	0	-34.65159613895039
0	-179.93749999999991	0	47.73616697612295	0	-33.72041005632508
0	-178.81249999999994	0	48.08357040352707	0	-32.413730018510044
0	-177.56249999999994	0	48.43204649062225	0	-30.964111998910518
0	-176.81249999999991	0	48.61783826502822	0	-29.9108335213439
0	-175.62499999999991	0	48.893981544456786	0	-28.69367343575181
0	-173.93749999999994	0	49.24975127927495	0	-26.671222877268196
0	-173.06249999999991	0	49.38844715368968	0	-25.497701117878535
0	-171.81249999999991	0	49.61036941452808	0	-24.24419508559788
0	-170.49999999999994	0	49.79986832387274	0	-22.757204583835218
0	-169.62499999999991	0	49.846418318250876	0	-21.435521208452812
0	-168.74999999999991	0	49.91349072921207	0	-20.35656234745443
0	-167.43749999999991	0	50.02696861172477	0	-18.84002520323515
0	-166.12499999999991	0	50.12155766013179	0	-17.485940738483915
0	-164.74999999999991	0	50.12611320096727	0	-15.785462983617514
0	-163.37499999999991	0	50.01884383563068	0	-14.004870869166972
0	-162.43749999999994	0	49.88430032630036	0	-12.735016277267261
0	-161.06249999999991	0	49.821432660062655	0	-11.320784633895288
0	-159.18749999999991	0	49.61725815695942	0	-8.975039308457362
0	-158.24999999999991	0	49.38858142711754	0	-7.6161021210767785
0	-156.81249999999994	0	49.22424989916556	0	-6.229070986814291
0	-155.31249999999994	0	48.9143055533023	0	-4.516746877415519
0	-154.37499999999991	0	48.5401749262008	0	-3.2451890491875903
0	-152.87499999999994	0	48.24612895410219	0	-1.6551303082193853
0	-151.93749999999994	0	47.69316071522977	0	-0.20879716801907522
0	-149.93749999999994	0	47.11821262900997	0	1.9882788948615726
0	-148.49999999999994	0	46.61807671963451	0	3.541954215622087
0	-147.43749999999991	0	46.072345429703134	0	4.787315927534108
0	-146.37499999999997	0	45.53676837251045	0	5.929516196051978
0	-144.74999999999994	0	44.810749824823986	0	7.502423574296232
0	-142.12499999999991	0	43.972128873280106	0	9.73462661075063
0	-140.8124999999999	0	43.292483499308375	0	10.944617801437797
0	-139.24999999999991	0	42.55267924482541	0	12.323013377050588
0	-138.62499999999991	0	42.16274658470377	0	12.876515125291519
0	-137.87499999999991	0	41.90641029828925	0	13.40361699261626
0	-137.43749999999991	0	41.6254113438267	0	13.78658643561133
0	-136.81249999999994	0	41.284712207187916	0	14.28645424580151
0	-136.31249999999994	0	41.12185272773082	0	14.636352850624979
0	-135.93749999999991	0	41.03869984845749	0	14.877198700905783
0	-135.74999999999991	0	41.1357205545777	0	14.920887575165342
0	-135.93749999999991	0	41.354308671798044	0	14.681021489456286
0	-135.99999999999991	0	41.48333498281091	0	14.554651646065837
0	-136.18749999999991	0	41.72309360374698	0	14.314743795628377
0	-136.24999999999991	0	41.90658919812078	0	14.138553710084068
0	-136.24999999999991	0	42.022481825199726	0	14.020152647891283
0	-136.18749999999991	0	42.22866424229049	0	13.78959402981438
0	-136.06249999999991	0	42.3335541535181	0	13.597072331505968
0	-135.74999999999991	0	42.3865248772095	0	13.51857213330525
0	-135.43749999999991	0	42.450929090270755	0	13.489953012440859
0	-135.31249999999994	0	42.52322020880412	0	13.463455934615903
0	-135.18749999999991	0	42.61498638667924	0	13.42527039097479
0	-135.24999999999994	0	42.715860351770175	0	13.354006481867359
0	-135.37499999999994	0	42.769260720443604	0	13.279597827674907
0	-135.37499999999994	0	42.765381483678745	0	13.283528178802857
0	-135.37499999999994	0	42.74207198684768	0	13.301903893641917
0	-135.37499999999994	0	42.72914119763153	0	13.315005064068378
0	-135.37499999999994	0	42.72922638823669	0	13.328021043889654
0	-135.43749999999991	0	42.724654104269845	0	13.307825121904372
0	-135.43749999999991	0	42.723362455233264	0	13.309136648697573
0	-135.43749999999991	0	42.723362455233264	0	13.309136648697573
0	-135.43749999999991	0	42.723362455233264	0	13.309136648697573
0	-135.43749999999991	0	42.723362455233264	0	13.309136648697573
0	-135.43749999999991	0	42.723362455233264	0	13.309136648697573
0	-135.43749999999991	0	42.723362455233264	0	13.309136648697573
0	-135.43749999999991	0	42.723362455233264	0	13.309136648697573
0	-135.43749999999991	0	42.723362455233264	0	13.309136648697573
0	-135.43749999999991	0	42.723362455233264	0	13.309136648697573
0	-135.43749999999991	0	42.723362455233264	0	13.309136648697573
0	-135.43749999999991	0	42.723362455233264	0	13.309136648697573
0	-135.43749999999991	0	42.723362455233264	0	13.309136648697573
0	-135.43749999999991	0	42.723362455233264	0	13.309136648697573
0	-135.43749999999991	0	42.723362455233264	0	13.309136648697573
0	-135.43749999999991	0	42.723362455233264	0	13.309136648697573
0	-135.43749999999991	0	42.723362455233264	0	13.309136648697573
0	-135.43749999999991	0	42.723362455233264	0	13.309136648697573
0	-135.43749999999991	0	42.723362455233264	0	13.309136648697573
0	-135.43749999999991	0	42.723362455233264	0	13.309136648697573
0	-135.43749999999991	0	42.723362455233264	0	13.309136648697573
0	-135.43749999999991	0	42.723362455233264	0	13.309136648697573
0	-135.43749999999991	0	42.723362455233264	0	13.309136648697573
0	-135.43749999999991	0	42.723362455233264	0	13.309136648697573
0	-135.43749999999991	0	42.723362455233264	0	13.309136648697573
0	-135.43749999999991	0	42.723362455233264	0	13.309136648697573
0	-135.43749999999991	0	42.723362455233264	0	13.309136648697573
0	-135.43749999999991	0	42.723362455233264	0	13.309136648697573
0	-135.43749999999991	0	42.723362455233264	0	13.309136648697573
0	-135.43749999999991	0	42.723362455233264	0	13.309136648697573
0	-135.43749999999991	0	42.723362455233264	0	13.309136648697573
0	-135.43749999999991	0	42.723362455233264	0	13.309136648697573
0	-135.43749999999991	0	42.723362455233264	0	13.309136648697573
0	-135.43749999999991	0	42.723362455233264	0	13.309136648697573
0	-135.43749999999991	0	42.723362455233264	0	13.309136648697573
0	-135.43749999999991	0	42.723362455233264	0	13.309136648697573
0	-135.43749999999991	0	42.723362455233264	0	13.309136648697573
0	-135.43749999999991	0	42.723362455233264	0	13.309136648697573
0	-135.43749999999991	0	42.723362455233264	0	13.309136648697573
0	-135.43749999999991	0	42.723362455233264	0	13.309136648697573
0	-135.43749999999991	0	42.723362455233264	0	13.309136648697573
0	-135.43749999999991	0	42.723362455233264	0	13.309136648697573
0	-135.43749999999991	0	42.723362455233264	0	13.309136648697573
0	-135.43749999999991	0	42.723362455233264	0	13.309136648697573
0	-135.43749999999991	0	42.723362455233264	0	13.309136648697573
0	-135.43749999999991	0	42.723362455233264	0	13.309136648697573
0	-135.43749999999991	0	42.723362455233264	0	13.309136648697573
0	-135.43749999999991	0	42.723362455233264	0	13.309136648697573
0	-135.43749999999991	0	42.723362455233264	0	13.309136648697573
0	-135.43749999999991	0	42.723362455233264	0	13.309136648697573
0	-135.43749999999991	0	42.723362455233264	0	13.309136648697573
0	-135.43749999999991	0	42.723362455233264	0	13.309136648697573
0	-135.43749999999991	0	42.723362455233264	0	13.309136648697573
0	-135.43749999999991	0	42.723362455233264	0	13.309136648697573
0	-135.43749999999991	0	42.723362455233264	0	13.309136648697573
0	-135.43749999999991	0	42.723362455233264	0	13.309136648697573
0	-135.43749999999991	0	42.723362455233264	0	13.309136648697573
0	-135.43749999999991	0	42.723362455233264	0	13.309136648697573
0	-135.43749999999991	0	42.723362455233264	0	13.309136648697573
0	-135.43749999999991	0	42.723362455233264	0	13.309136648697573
0	-135.43749999999991	0	42.723362455233264	0	13.309136648697573
0	-135.43749999999991	0	42.723362455233264	0	13.309136648697573
0	-135.43749999999991	0	42.723362455233264	0	13.309136648697573
0	-135.43749999999991	0	42.723362455233264	0	13.309136648697573
0	-135.43749999999991	0	42.723362455233264	0	13.309136648697573
0	-135.43749999999991	0	42.723362455233264	0	13.309136648697573
0	-135.43749999999991	0	42.723362455233264	0	13.309136648697573
0	-135.43749999999991	0	42.723362455233264	0	13.309136648697573
0	-135.43749999999991	0	42.723362455233264	0	13.309136648697573
0	-135.43749999999991	0	42.723362455233264	0	13.309136648697573
0	-135.43749999999991	0	42.723362455233264	0	13.309136648697573
0	-135.43749999999991	0	42.723362455233264	0	13.309136648697573
0	-135.43749999999991	0	42.723362455233264	0	13.309136648697573
0	-135.43749999999991	0	42.723362455233264	0	13.309136648697573
0	-135.43749999999991	0	42.723362455233264	0	13.309136648697573
0	-135.43749999999991	0	42.723362455233264	0	13.309136648697573
0	-135.43749999999991	0	42.723362455233264	0	13.309136648697573
0	-135.43749999999991	0	42.723362455233264	0	13.309136648697573
0	-135.43749999999991	0	42.723362455233264	0	13.309136648697573
0	-135.43749999999991	0	42.723362455233264	0	13.309136648697573
0	-135.43749999999991	0	42.723362455233264	0	13.309136648697573
0	-135.43749999999991	0	42.723362455233264	0	13.309136648697573
0	-135.43749999999991	0	42.723362455233264	0	13.309136648697573
0	-135.43749999999991	0	42.723362455233264	0	13.309136648697573
0	-135.43749999999991	0	42.723362455233264	0	13.309136648697573
0	-135.43749999999991	0	42.723362455233264	0	13.309136648697573
0	-135.43749999999991	0	42.723362455233264	0	13.309136648697573
0	-135.43749999999991	0	42.723362455233264	0	13.309136648697573
0	-135.43749999999991	0	42.723362455233264	0	13.309136648697573
0	-135.43749999999991	0	42.723362455233264	0	13.309136648697573
0	-135.43749999999991	0	42.723362455233264	0	13.309136648697573
0	-135.43749999999991	0	42.723362455233264	0	13.309136648697573
0	-135.43749999999991	0	42.723362455233264	0	13.309136648697573
0	-135.43749999999991	0	42.723362455233264	0	13.309136648697573
0	-135.43749999999991	0	42.723362455233264	0	13.309136648697573
0	-135.43749999999991	0	42.723362455233264	0	13.309136648697573
0	-135.43749999999991	0	42.723362455233264	0	13.309136648697573
0	-135.43749999999991	0	42.723362455233264	0	13.309136648697573
0	-135.43749999999991	0	42.723362455233264	0	13.309136648697573
0	-135.43749999999991	0	42.723362455233264	0	13.309136648697573
0	-135.43749999999991	0	42.723362455233264	0	13.309136648697573
0	-135.43749999999991	0	42.723362455233264	0	13.309136648697573
0	-135.43749999999991	0	42.723362455233264	0	13.309136648697573
0	-135.43749999999991	0	42.723362455233264	0	13.309136648697573
0	-135.43749999999991	0	42.723362455233264	0	13.309136648697573
0	-135.43749999999991	0	42.723362455233264	0	13.309136648697573
0	-135.43749999999991	0	42.723362455233264	0	13.309136648697573
0	-135.43749999999991	0	42.723362455233264	0	13.309136648697573
0	-135.43749999999991	0	42.723362455233264	0	13.309136648697573
0	-135.43749999999991	0	42.723362455233264	0	13.309136648697573
0	-135.43749999999991	0	42.723362455233264	0	13.309136648697573
0	-135.43749999999991	0	42.723362455233264	0	13.309136648697573
0	-135.43749999999991	0	42.723362455233264	0	13.309136648697573
0	-135.43749999999991	0	42.723362455233264	0	13.309136648697573
0	-135.43749999999991	0	42.723362455233264	0	13.309136648697573
0	-135.43749999999991	0	42.723362455233264	0	13.309136648697573
0	-135.43749999999991	0	42.723362455233264	0	13.309136648697573
0	-135.43749999999991	0	42.723362455233264	0	13.309136648697573
0	-135.43749999999991	0	42.723362455233264	0	13.309136648697573
0	-135.43749999999991	0	42.723362455233264	0	13.309136648697573
0	-135.43749999999991	0	42.723362455233264	0	13.309136648697573
0	-135.43749999999991	0	42.723362455233264	0	13.309136648697573
0	-135.43749999999991	0	42.723362455233264	0	13.309136648697573
0	-135.43749999999991	0	42.723362455233264	0	13.309136648697573
0	-135.43749999999991	0	42.723362455233264	0	13.309136648697573
0	-135.43749999999991	0	42.723362455233264	0	13.309136648697573
0	-135.43749999999991	0	42.723362455233264	0	13.309136648697573
0	-135.43749999999991	0	42.723362455233264	0	13.309136648697573
0	-135.43749999999991	0	42.723362455233264	0	13.309136648697573
0	-135.43749999999991	0	42.723362455233264	0	13.309136648697573
0	-135.43749999999991	0	42.723362455233264	0	13.309136648697573
0	-135.43749999999991	0	42.723362455233264	0	13.309136648697573
0	-135.43749999999991	0	42.723362455233264	0	13.309136648697573
0	-135.43749999999991	0	42.723362455233264	0	13.309136648697573
0	-135.43749999999991	0	42.723362455233264	0	13.309136648697573
0	-135.43749999999991	0	42.723362455233264	0	13.309136648697573
0	-135.43749999999991	0	42.723362455233264	0	13.309136648697573
0	-135.43749999999991	0	42.723362455233264	0	13.309136648697573
0	-135.43749999999991	0	42.723362455233264	0	13.309136648697573
0	-135.43749999999991	0	42.723362455233264	0	13.309136648697573
0	-135.43749999999991	0	42.723362455233264	0	13.309136648697573
0	-135.43749999999991	0	42.723362455233264	0	13.309136648697573