0	0.0	0	0.0	0	0.0
0	0.0	0	0.0	0	0.0
0	0.0	0	0.0	0	0.0
0	0.0	0	0.0	0	0.0
0	0.0	0	0.0	0	0.0
0	0.0	0	0.0	0	0.0
0	0.0	0	0.0	0	0.0
0	0.0	0	0.0	0	0.0
0	0.0	0	0.0	0	0.0
0	0.0	0	0.0	0	0.0
0	0.0	0	0.0	0	0.0
0	0.0	0	0.0	0	0.0
0	0.0	0	0.0	0	0.0
0	0.0	0	0.0	0	0.0
0	0.0	0	0.0	0	0.0
0	0.0	0	0.0	0	0.005522330836388308
0	0.0	0	-0.0018407769454627694	0	0.011044661672776616
0	0.0	0	-0.0018407769454627694	0	0.011044661672776616
0	0.0625	0	-0.0193263354325344	0	-0.018563144283380326
0	0.0625	0	-0.0193263354325344	0	-0.018563144283380326
0	0.0625	0	-0.0193263354325344	0	-0.018563144283380326
0	0.0625	0	-0.0193263354325344	0	-0.018563144283380326
0	0.0625	0	-0.0193263354325344	0	-0.018563144283380326
0	0.0625	0	-0.0193263354325344	0	-0.018563144283380326
0	0.0625	0	-0.0193263354325344	0	-0.018563144283380326
0	0.0625	0	-0.0193263354325344	0	-0.018563144283380326
0	0.0625	0	-0.019332359359807205	0	-0.013040816732534995
0	0.0625	0	-0.019354447093140822	0	0.007207717620564557
0	0.0625	0	-0.019384566729504844	0	0.034819355374791215
0	0.0625	0	-0.030479421225135545	0	0.08082670377729005
0	0.0625	0	-0.048965490782499774	0	0.15259688218070333
0	0.0625	0	-0.06563688817443106	0	0.24829915461353733
0	0.0625	0	-0.09705658010195017	0	0.36423389759341007
0	0.125	0	-0.138439874427774	0	0.4542053295873695
0	0.125	0	-0.1552437685088624	0	0.5627747673649026
0	0.1875	0	-0.17095444255777098	0	0.6527853385154718
0	0.3125	0	-0.1875109465610276	0	0.7058051440068448
0	0.375	0	-0.2052845454719709	0	0.7791849376438724
0	0.6874999999999999	0	-0.3387307708619322	0	0.9333698386388114
0	0.75	0	-0.3625462717409672	0	1.010240783280062
0	0.875	0	-0.41889675867127124	0	1.1195658614434219
0	1.0	0	-0.46979546669039884	0	1.2159797851092886
0	1.125	0	-0.5250631199499113	0	1.3434997121637007
0	1.1875	0	-0.554579269191992	0	1.497409607957411
0	1.3125	0	-0.5944522278716754	0	1.6656175936857416
0	1.4375	0	-0.6323559320387678	0	1.8098594076929844
0	1.6249999999999998	0	-0.6886211498197381	0	1.9883188439101103
0	1.8125	0	-0.7366864000046771	0	2.183446083992313
0	2.0	0	-0.7700858528844005	0	2.42315404572824
0	2.25	0	-0.7880116422394031	0	2.7129600007880077
0	2.5	0	-0.7746132626733214	0	3.0188475102193686
0	2.7499999999999996	0	-0.7559496927585977	0	3.297465153597437
0	3.0625	0	-0.7466273126102229	0	3.5369102044283567
0	3.375	0	-0.750397247288248	0	3.7148599113848784
0	3.8125	0	-0.7834956904139238	0	3.9515015673727807
0	4.187500000000001	0	-0.801001581420701	0	4.154255224026198
0	4.5625	0	-0.812860522031607	0	4.335288805886609
0	5.125	0	-0.8711990040944547	0	4.474801639865108
0	6.5625	0	-1.0674730284564542	0	4.802531107487607
0	7.375	0	-1.1873888896166915	0	4.831607935495954
0	8.1875	0	-1.2588637514166037	0	4.901329359833426
0	8.75	0	-1.3101897627378107	0	4.961085616048159
0	9.624999999999998	0	-1.393802101128915	0	4.991625521729686
0	10.5	0	-1.4001524677661896	0	4.999735508634425
0	11.4375	0	-1.45070129572912	0	4.976160611834407
0	12.0625	0	-1.4419780933582595	0	5.050024474504756
0	12.999999999999998	0	-1.5230314069580968	0	5.04054297143169
0	13.687499999999998	0	-1.543871612893904	0	5.124837936354277
0	14.625	0	-1.6289361424332596	0	5.1404573484156995
0	15.5	0	-1.7197160198517216	0	5.288962992759728
0	16.3125	0	-1.8457283445484358	0	5.361436887666776
0	16.8125	0	-1.937580599517465	0	5.565187954999908
0	17.1875	0	-1.9937293197490602	0	5.814769657126701
0	17.8125	0	-2.111688070798977	0	6.057655268783554
0	18.1875	0	-2.1869594355299635	0	6.433108714294193
0	18.687500000000004	0	-2.2412068070538416	0	6.858539174340891
0	19.5625	0	-2.370251917666716	0	7.9353736202266365
0	20.062500000000004	0	-2.455515720691325	0	8.357653201044565
0	21.0	0	-2.6048464816726336	0	8.880977676034771
0	21.375	0	-2.727842366951701	0	9.229251775467942
0	21.75	0	-2.8025099142654057	0	9.62464657714955
0	22.312500000000004	0	-2.887424648314666	0	9.974410896617968
0	22.687499999999996	0	-2.9324797519316292	0	10.367651096717251
0	23.062499999999996	0	-2.9941417343260555	0	10.736608259468001
0	23.75	0	-3.0454274786581275	0	10.975781180504539
0	24.25	0	-3.038490307695531	0	11.300688340367337
0	24.750000000000004	0	-3.0618915605220733	0	11.596751408223229
0	25.625	0	-3.1682473363703245	0	11.810943044689814
0	26.187500000000004	0	-3.21971395168227	0	12.141128838251147
0	26.687500000000004	0	-3.2397097794514127	0	12.463567610809056
0	27.5	0	-3.319869056186107	0	12.72893093042754
0	28.062500000000004	0	-3.2740609915151766	0	13.189940986583284
0	28.875000000000007	0	-3.225890059944161	0	13.477141561313388
0	29.437500000000004	0	-3.212758635167105	0	13.878322888154818
0	30.124999999999996	0	-3.2264427343886477	0	14.200557472499117
0	32.0625	0	-3.135281590147901	0	14.948328994316604
0	33.125	0	-3.1500398344557916	0	15.311531627615413
0	34.0625	0	-3.2541117683887744	0	15.576266700207773
0	34.6875	0	-3.3294096495381273	0	16.014881860588485
0	35.25	0	-3.365706701960814	0	16.424934804275313
0	36.125	0	-3.434723988699467	0	16.823218428171618
0	36.6875	0	-3.4253975837190698	0	17.33125497486792
0	37.625	0	-3.4156969931905983	0	17.77053356247818
0	38.25	0	-3.3995795096018884	0	18.22675626399151
0	39.31249999999999	0	-3.3175701952585723	0	18.44070136005725
0	40.0	0	-3.2510977982212244	0	18.790000339072463
0	41.125	0	-3.1111194017777315	0	19.00419370430023
0	42.3125	0	-2.858862785246599	0	19.272611037447504
0	43.06249999999999	0	-2.6529942367940653	0	19.573588462991346
0	44.24999999999999	0	-2.475579033447575	0	19.606720810514787
0	45.0	0	-2.2774698042403383	0	19.911815936535913
0	46.12499999999999	0	-2.1069352994055373	0	20.061759103586624
0	46.8125	0	-2.0079712940690615	0	20.36128945875612
0	47.75	0	-1.9574907158445907	0	20.542429603566344
0	49.62500000000001	0	-1.6823089399966167	0	21.46939567052693
0	50.6875	0	-1.478990011006154	0	21.824369035292612
0	51.74999999999999	0	-1.2756448886340512	0	21.974574119731273
0	52.5625	0	-1.0823348963016877	0	22.248370799776303
0	53.37500000000001	0	-0.9079292390932694	0	22.38440983130353
0	54.6875	0	-0.6876437296926566	0	22.6204514688167
0	55.87500000000001	0	-0.4318278050221205	0	22.888411527354158
0	57.1875	0	-0.2175838188701927	0	23.1645145598751
0	58.4375	0	0.048299719265769286	0	23.518349626511977
0	59.31250000000001	0	0.22315592055092592	0	23.75877634439171
0	60.1875	0	0.4335454647539645	0	24.107310191330726
0	61.50000000000001	0	0.8561517842246797	0	24.40179584980885
0	62.875	0	1.2677227570084915	0	24.577598732000958
0	63.8125	0	1.6429959125361888	0	24.92331835969409
0	64.8125	0	2.027971875077405	0	25.27424715663623
0	66.25	0	2.525088222717761	0	25.506115984106803
0	67.75	0	3.0727228821419015	0	25.811724943150953
0	68.75	0	3.5256964137286824	0	26.22438911015543
0	72.375	0	4.787987879719496	0	26.643654159804424
0	73.4375	0	5.360068705201415	0	27.23625918676528
0	76.125	0	6.4188643824011	0	27.757487289393
0	77.1875	0	6.9138137608771615	0	28.10676514156449
0	78.3125	0	7.474071420377685	0	28.487629787811137
0	80.43750000000001	0	8.40874329909691	0	29.0900646183666
0	82.0	0	9.01813564728481	0	29.281118988237285
0	82.9375	0	9.412917134147596	0	29.592962434519908
0	84.37499999999999	0	9.96028839977074	0	29.791710164372176
0	85.3125	0	10.378532818691843	0	30.11727244945485
0	86.75	0	10.912839028731476	0	30.488770332955347
0	87.62499999999999	0	11.240151919578892	0	30.830892977121756
0	88.49999999999999	0	11.577778703960243	0	31.140231981927812
0	89.8125	0	12.011258552751144	0	31.24024207960603
0	90.6875	0	12.345923754916672	0	31.57127536078953
0	91.5625	0	12.695610000804159	0	32.04714944433086
0	92.87500000000001	0	13.137830571530117	0	32.31734867145051
0	93.75000000000001	0	13.43835825351629	0	32.74071357404671
0	96.5	0	14.360256437759745	0	33.66909157909511
0	97.62499999999999	0	14.7439636719404	0	34.13442516132663
0	98.375	0	15.017865175690611	0	34.57191868023446
0	99.18750000000001	0	15.30479308422679	0	34.96406143244867
0	100.6875	0	15.847078720903399	0	35.40907037890235
0	101.43750000000001	0	16.18580945642156	0	36.07225256025607
0	102.1875	0	16.529325496155117	0	36.63374610332148
0	103.0	0	16.883476700976665	0	37.13619604716177
0	104.25	0	17.40991807910161	0	37.614555290553405
0	105.0625	0	17.79968659269373	0	38.183930886244234
0	105.9375	0	18.186076404614422	0	38.807796468212985
0	107.18750000000001	0	18.68587987581371	0	39.348251992671166
0	108.0	0	19.02829659142774	0	39.931664182244894
0	108.875	0	19.38738172226011	0	40.47406574725507
0	110.0625	0	19.820857217428106	0	40.94598351750958
0	110.87500000000001	0	20.034455129073795	0	41.542403979488164
0	111.9375	0	20.330288800270555	0	42.113970598521874
0	113.0	0	20.648433229364393	0	42.49087059980382
0	114.0	0	20.898999275039873	0	43.005393298956974
0	115.31249999999999	0	21.239368226616495	0	43.84503648721465
0	116.25	0	21.51519142790005	0	44.359388965929256
0	116.8125	0	21.732096430180416	0	44.757123969435206
0	118.0625	0	22.264611813701247	0	45.643907756354324
0	118.93750000000003	0	22.627090407633364	0	46.11401023262771
0	119.49999999999999	0	22.86699179671524	0	46.67169679525795
0	120.375	0	23.24345160708739	0	47.21937324568383
0	121.125	0	23.60243435020569	0	47.81348446332704
0	121.6875	0	23.89195008911708	0	48.32784947478764
0	122.37499999999999	0	24.326325097146416	0	48.89307107090697
0	123.125	0	24.82970366050008	0	49.44125227450164
0	123.56249999999999	0	25.340886974765436	0	50.18397075091414
0	124.375	0	25.966082291160465	0	50.72993838291057
0	124.9375	0	26.46651565101867	0	51.23049954003004
0	125.50000000000001	0	27.008322322922155	0	51.778779238100576
0	126.24999999999999	0	27.625885758513206	0	52.38014378002077
0	126.87499999999999	0	28.048060089525553	0	53.07703645753328
0	127.4375	0	28.4444424593271	0	53.85406600276489
0	128.3125	0	29.068491233449787	0	54.580918066008344
0	130.74999999999997	0	30.56894327560176	0	56.54254888873492
0	131.5	0	30.848673696582903	0	57.27024313318262
0	132.1875	0	31.076721393363215	0	57.88952685831802
0	133.1875	0	31.40386570291601	0	58.42586085122133
0	133.75	0	31.569985125559608	0	58.93809521205493
0	134.75	0	31.949870751564916	0	59.48039855875444
0	135.375	0	32.17674201427203	0	60.04446538263297
0	136.4375	0	32.51910039524936	0	60.686724699180246
0	137.43750000000003	0	32.806064342653215	0	61.332819470435204
0	138.0625	0	32.95530135254352	0	62.051626109100376
0	139.0	0	33.27555163998151	0	62.56090007537132
0	139.56249999999997	0	33.42730880969208	0	63.047373493984324
0	140.0625	0	33.54835574344943	0	63.50194317535355
0	140.5625	0	33.56632058784489	0	63.96042929198987
0	141.06250000000003	0	33.58139650490209	0	64.43471895586201
0	141.8125	0	33.58988912102279	0	64.94986133831526
0	142.24999999999997	0	33.494805643450505	0	65.53447668094236
0	143.125	0	33.577217379497455	0	66.15125682493486
0	144.0	0	33.704857570794005	0	66.88188867130395
0	146.18749999999997	0	34.13546068628534	0	68.83697773484201
0	147.4375	0	34.43720630975784	0	69.69707027950338
0	148.25	0	34.5134459886803	0	70.62138129304927
0	149.75	0	34.90849414199062	0	71.65456356421006
0	150.4375	0	34.999705599219794	0	72.41062088762048
0	151.4375	0	35.18183028692359	0	73.14341137152189
0	152.06250000000003	0	35.20220331070191	0	73.86740359369195
0	153.0	0	35.33790123371878	0	74.60791115752832
0	153.6875	0	35.35812715503483	0	75.27500403276542
0	154.6875	0	35.436580708688304	0	76.13776340273695
0	155.6875	0	35.55097504683575	0	76.91815471987454
0	156.375	0	35.50032663988596	0	77.62687495504817
0	157.18749999999997	0	35.508640960453626	0	78.28004732951624
0	157.875	0	35.435564075532426	0	78.8397924831578
0	158.1875	0	35.27139395404936	0	79.18776274891405
0	158.4375	0	35.083888192296946	0	79.4801600264274
0	158.75	0	34.972939450687186	0	79.73535657102552
0	159.125	0	34.89762517404941	0	79.99543540076624
0	159.6875	0	34.72542717339423	0	80.4313895727347
0	160.125	0	34.74751560556936	0	80.6436186208198
0	160.375	0	34.703681167234855	0	80.82398292193824
0	160.9375	0	34.60104553976923	0	81.20596308164616
0	161.18749999999997	0	34.53059933975615	0	81.41721878192493
0	161.5	0	34.49250159040697	0	81.69271589026889
0	161.8125	0	34.49256287529381	0	81.95884572950668
0	162.25	0	34.55254872138113	0	82.267248864563
0	162.5625	0	34.56523834206452	0	82.64212649609887
0	163.0625	0	34.660787554582406	0	83.02781781915195
0	163.5	0	34.73167834269092	0	83.44932522765406
0	163.8125	0	34.7392528396234	0	83.87908346502078
0	164.24999999999997	0	34.79073538823541	0	84.26141430018895
0	164.6875	0	34.792357742279016	0	84.73331154940534
0	164.99999999999997	0	34.70682279358512	0	85.24476972834164
0	165.375	0	34.62668694840123	0	85.80105971463026
0	165.9375	0	34.63092690586633	0	86.35526864263237
0	166.4375	0	34.577358499302186	0	86.87482190654019
0	166.75000000000003	0	34.463599311039765	0	87.28618352493376
0	168.25	0	34.227394576917526	0	88.72431976124335
0	168.74999999999997	0	34.14319342444854	0	89.22257827962555
0	169.1875	0	34.07151148093691	0	89.68133778403995
0	169.625	0	34.004304707495564	0	90.13246282153492
0	170.25	0	34.021519982964975	0	90.61825585342487
0	170.625	0	33.94805902788217	0	91.07707667963464
0	171.0625	0	33.88686325102281	0	91.5292415055823
0	171.4375	0	33.817659228500226	0	91.93882089218556
0	171.87499999999997	0	33.7874578045708	0	92.34383006303389
0	172.18749999999997	0	33.76552442330467	0	92.68009383383388
0	172.3125	0	33.767498341195456	0	92.8547031914678
0	172.375	0	33.78893629556332	0	92.93740174716166
0	172.375	0	33.80172255651807	0	92.96354799873878
0	172.3125	0	33.789267948759644	0	92.97437890447868
0	172.3125	0	33.79000667086305	0	92.97985160285522
0	172.3125	0	33.79000667086305	0	92.97985160285522
0	172.3125	0	33.79000667086305	0	92.97985160285522
0	172.3125	0	33.79000667086305	0	92.97985160285522
0	172.3125	0	33.79000667086305	0	92.97985160285522
0	172.3125	0	33.78803674525397	0	92.96525774051781
0	172.24999999999997	0	33.770791489420944	0	92.87086455538089
0	172.24999999999997	0	33.76955033700333	0	92.86174473988112
0	172.24999999999997	0	33.76955033700333	0	92.86174473988112
0	172.24999999999997	0	33.76415397875639	0	92.89034533879806
0	172.24999999999997	0	33.7629020076764	0	92.92209740294786
0	172.3125	0	33.77867510007961	0	92.96282762580411
0	172.3125	0	33.77734334868971	0	92.9667223320896
0	172.3125	0	33.77537342308063	0	92.9521284697522
0	172.24999999999997	0	33.75122244056575	0	92.90326090552925
0	172.24999999999997	0	33.74948482718109	0	92.89049316382956
0	172.24999999999997	0	33.750650448545784	0	92.87175707186296
0	172.24999999999997	0	33.75521576562685	0	92.85070055582936
0	172.24999999999997	0	33.753726382725716	0	92.83975677722964
0	172.24999999999997	0	33.753478152242195	0	92.83793281412969
0	172.24999999999997	0	33.76243608697376	0	92.82185172642892
0	172.18749999999997	0	33.74508032418439	0	92.79622512226716
0	172.18749999999997	0	33.743328784390634	0	92.78345928360551
0	172.18749999999997	0	33.74604743842688	0	92.76264802008274
0	172.18749999999997	0	33.75505997753048	0	92.7335411117283
0	172.24999999999997	0	33.76426155318507	0	92.73985740817344
0	172.24999999999997	0	33.76185477940277	0	92.74947368464025
0	172.24999999999997	0	33.76392697298624	0	92.75104941725668
0	172.18749999999997	0	33.746471203867465	0	92.7384426626107
0	172.18749999999997	0	33.73803125614855	0	92.75818089480771
0	172.24999999999997	0	33.73353296568021	0	92.79980100577394
0	172.3125	0	33.73843335432878	0	92.82899659347423
0	172.3125	0	33.72482445479591	0	92.83826345025201
0	172.3125	0	33.7161957722373	0	92.84314311934205
0	172.3125	0	33.71072307386077	0	92.84388184144545
0	172.3125	0	33.6877016247332	0	92.82469969565182
0	172.3125	0	33.641065697191586	0	92.79570280872656
0	172.375	0	33.61269608610388	0	92.77178037721228
0	172.5	0	33.579828764039256	0	92.73553634872435
0	172.6875	0	33.55937989088108	0	92.72929369360368
0	172.75	0	33.517311410217886	0	92.66983664415164
0	172.8125	0	33.3697121135207	0	92.65519115701326
0	173.125	0	33.19238531997537	0	92.89603001923363
0	173.5	0	32.99316995697005	0	93.1548220880097
0	174.5625	0	32.85855127961848	0	93.41018047041511
0	174.62500000000003	0	32.8642677761887	0	93.34506799362912
0	174.75	0	32.89852477149584	0	93.33664852967877
0	174.75	0	32.93630574498875	0	93.28511512249199
0	174.62500000000003	0	32.939897998107405	0	93.24197877685185
0	174.62500000000003	0	32.94746524013572	0	93.26345367363427
0	174.5625	0	32.93127089463003	0	93.27780186702122
0	174.5625	0	32.931968621890654	0	93.28513184197868
0	174.5625	0	32.93380111563001	0	93.28495741016353
0	174.5625	0	32.932754524739074	0	93.27396244772734
0	174.5625	0	32.932754524739074	0	93.27396244772734
0	174.5625	0	32.934587018478446	0	93.27378801591219
0	174.5625	0	32.93493588210876	0	93.27745300339092
0	174.5625	0	32.93284078096643	0	93.29429431067551
0	174.5625	0	32.917743791833395	0	93.31052414692682
0	174.5625	0	32.91364176513655	0	93.3257073922872
0	174.5625	0	32.91372802136391	0	93.34603925523535
0	174.5625	0	32.908142364558	0	93.36506191988961
0	174.5625	0	32.90665873444895	0	93.3689013391835
0	174.5625	0	32.91023362697941	0	93.42588307691894
0	174.68750000000003	0	32.95304602304182	0	93.50536747311874
0	174.68750000000003	0	32.95381155475667	0	93.55336295832305
0	174.8125	0	32.986148743907336	0	93.6412691489129
0	174.8125	0	32.98164272062764	0	93.6934319680701
0	174.93749999999997	0	33.01080259323292	0	93.78906484696502
0	175.00000000000003	0	33.03078262013575	0	93.85767024812759
0	175.06250000000003	0	33.03996182401592	0	93.95124319002414
0	175.125	0	33.04752570089109	0	94.04865006690486
0	175.1875	0	33.04954737535396	0	94.16869022024126
0	175.31249999999997	0	33.0580996509837	0	94.33263998553113
0	175.5	0	33.05641069925482	0	94.60645478440681
0	175.75	0	33.07107304544531	0	94.89569992140682
0	176.0625	0	33.09719521411022	0	95.25989971274608
0	176.37499999999997	0	33.123176772790046	0	95.67391725462464
0	176.875	0	33.19448285012755	0	96.23146074512114
0	177.3125	0	33.25813084791813	0	96.85775133162115
0	178.12500000000003	0	33.44027674771555	0	97.74829819512526
0	178.9375	0	33.639853015856765	0	98.49723305160583
0	180.0625	0	33.91688537859507	0	99.8868643117293
0	180.9375	0	34.13276756078939	0	100.74062124515595
0	182.43749999999997	0	34.4538172466182	0	102.09962747594476
0	183.0	0	34.539025176032375	0	102.77799761833053
0	183.56249999999997	0	34.63500704241633	0	103.39371773015034
0	184.125	0	34.73759337272367	0	103.97989460440863
0	185.24999999999997	0	34.962484021802595	0	104.91364547454232
0	185.81249999999997	0	35.05478841398506	0	105.50700403542373
0	186.31249999999997	0	35.13630201854212	0	106.0189356357247
0	187.125	0	35.299210831964544	0	106.597391712649
0	187.68749999999997	0	35.39436030114033	0	107.14446482178084
0	188.1875	0	35.464316061278794	0	107.66140214170136
0	189.0	0	35.5928326846699	0	108.32068789493262
0	189.56250000000003	0	35.65057263226028	0	108.91396205790417
0	190.37499999999997	0	35.76920517139628	0	109.59781226590749
0	191.12499999999997	0	35.86825272221791	0	110.26596516258716
0	192.0625	0	35.98781817506643	0	111.08000254875829
0	192.43749999999997	0	35.99743714339529	0	111.55040549394523
0	192.8125	0	36.01731257852375	0	111.96726554241307
0	194.24999999999997	0	36.16067452717388	0	113.29674648793187
0	194.68750000000003	0	36.170076670547154	0	113.77017376461696
0	195.24999999999997	0	36.19830215451745	0	114.27893016537789
0	195.6875	0	36.18963815979213	0	114.75351999178442
0	196.375	0	36.23766663740927	0	115.31583946597236
0	197.0625	0	36.28340534102796	0	115.95128793699585
0	197.75000000000003	0	36.3404647064968	0	116.54886370137974
0	198.25	0	36.35912154929524	0	117.0774804815718
0	198.68749999999997	0	36.371204832335955	0	117.52946422698518
0	199.37499999999997	0	36.40378036971823	0	118.12772572162099
0	200.06250000000003	0	36.43495213842694	0	118.72648569348188
0	200.5625	0	36.423384088107404	0	119.29140827266576
0	201.25	0	36.41615856296226	0	119.97338329106752
0	201.875	0	36.37697180146866	0	120.65123017337996
0	202.3125	0	36.324313104585784	0	121.1598648637084
0	202.9375	0	36.28720523847096	0	121.78511260245078
0	203.37500000000003	0	36.23949347925393	0	122.26280189897962
0	204.125	0	36.22287090002804	0	122.8660584886611
0	204.62500000000003	0	36.15540368726525	0	123.38703245370897
0	206.24999999999997	0	35.99876624909977	0	124.92025840762304
0	206.8125	0	35.82564606734058	0	125.64249009856402
0	207.8125	0	35.666919216636316	0	126.61158885221201
0	208.81249999999997	0	35.53448025334394	0	127.49234058698654
0	209.50000000000003	0	35.36071689896619	0	128.22458268054453
0	210.625	0	35.153993322771626	0	129.26785278234232
0	211.37499999999997	0	35.00622688127684	0	129.9749650334652
0	212.0625	0	34.89030201884588	0	130.6076738347384
0	212.75	0	34.759937696595216	0	131.26079294235325
0	213.4375	0	34.5971723141531	0	131.92033197630616
0	214.49999999999997	0	34.380005415789725	0	132.8475159035361
0	215.875	0	34.04299503098016	0	134.12340955339866
0	216.5625	0	33.8122115048465	0	134.84765346783055
0	217.56249999999997	0	33.57855235860196	0	135.7429056809311
0	218.1875	0	33.33353754101083	0	136.45102521267998
0	219.125	0	33.0684919737295	0	137.37167936338258
0	219.75000000000003	0	32.82690394864649	0	138.09168771771888
0	220.6875	0	32.585851350057794	0	138.96440547531424
0	221.375	0	32.37639926236681	0	139.66720974553144
0	223.81250000000003	0	31.99093724927999	0	141.75749172925697
0	224.56250000000003	0	31.88034556013862	0	142.44118242203442
0	225.62500000000003	0	31.83035293850661	0	143.26666209984413
0	226.37500000000003	0	31.766509970642552	0	143.92484138764135
0	227.375	0	31.67361846454446	0	144.73174964101105
0	228.0	0	31.612924499832154	0	145.38971974754918
0	228.99999999999997	0	31.580062119139487	0	146.15160388539897
0	229.62499999999997	0	31.52844039188745	0	146.70664680610045
0	230.24999999999997	0	31.41936495306348	0	147.30577696841033
0	231.25	0	31.327574128537535	0	148.0883796588783
0	231.9375	0	31.260491680875	0	148.70659228067922
0	232.625	0	31.174022951597657	0	149.30524936651142
0	233.625	0	31.016838811025934	0	150.1470864984252
0	234.6875	0	30.871625270945398	0	150.99308904088863
0	235.375	0	30.761320062050977	0	151.59707860418047
0	236.4375	0	30.598065294591414	0	152.4598801501412
0	237.12500000000003	0	30.421584484817277	0	153.10833731327716
0	238.24999999999997	0	30.19717773863363	0	153.94231125814693
0	238.99999999999997	0	30.018775597354587	0	154.60966875387055
0	239.75	0	29.761911627740158	0	155.30480743350483
0	242.3125	0	29.103535668445552	0	157.38447967672502
0	243.375	0	28.811223433962216	0	158.21035222332614
0	244.0625	0	28.517398334062158	0	158.89291437364042
0	245.12499999999997	0	28.23645083265222	0	159.67438683851987
0	245.81250000000006	0	28.014600544645102	0	160.33392521468286
0	246.49999999999997	0	27.81948436319344	0	160.8996450870413
0	247.56250000000003	0	27.479366169121686	0	161.69661179980324
0	248.3125	0	27.215280402868245	0	162.31175124482814
0	249.37500000000003	0	26.853367330089764	0	163.106175656448
0	250.0625	0	26.517366004266073	0	163.7277302376049
0	251.18750000000003	0	26.062222527347835	0	164.57251174438878
0	251.9375	0	25.730878513088737	0	165.17608493759906
0	252.62499999999997	0	25.438528835016307	0	165.74425514305315
0	253.74999999999997	0	25.033897690385842	0	166.4550541218456
0	254.5	0	24.634196388170057	0	167.0925199464825
0	255.25	0	24.307048395077455	0	167.6704622356825
0	255.9375	0	23.981089058547997	0	168.2535960073249
0	257.0625	0	23.572885197878108	0	168.98510306909324
0	257.75	0	23.236644956662246	0	169.5424415810274
0	258.8125	0	22.81923405782291	0	170.24078659121307
0	261.0625	0	21.762254038834808	0	171.83166359734838
0	261.8125	0	21.312650181576203	0	172.40082619090822
0	262.9375	0	20.738833954357972	0	173.12989734643588
0	264.125	0	20.184679060031492	0	173.8609710633899
0	264.875	0	19.76564965556094	0	174.39829234499922
0	265.5625	0	19.382815799860975	0	174.88360313020272
0	266.3125	0	18.963920783798272	0	175.39054220287343
0	267.5	0	18.358838697669707	0	176.09586267494154
0	268.3125	0	17.845979263225747	0	176.68080200713374
0	269.5625	0	17.217978636079295	0	177.40472836951548
0	270.3125	0	16.736383033795807	0	178.01984037457908
0	271.5625	0	16.068675671320978	0	178.72532996615075
0	272.6875	0	15.424748430900458	0	179.3672726355935
0	273.4375	0	14.947388290459083	0	179.92148664915806
0	274.6875	0	14.316960999734748	0	180.55557525063116
0	275.4375	0	13.782314066867682	0	181.00900222511774
0	276.62500000000006	0	13.095562434579655	0	181.5908246113389
0	277.8125	0	12.412391998361313	0	182.16715424244967
0	278.56250000000006	0	11.878940634353562	0	182.58460190476978
0	281.125	0	10.388531708343885	0	183.86357527960965
0	281.8125	0	9.944035105105757	0	184.30057362075044
0	282.87500000000006	0	9.378202367555144	0	184.7926521877645
0	283.81250000000006	0	8.829063987280081	0	185.3069266394783
0	284.4375	0	8.443287583187573	0	185.70006985454282
0	285.0625	0	8.090658225741326	0	186.10576021956828
0	285.9375	0	7.599955550335527	0	186.63785527675213
0	286.8125	0	7.083237193402945	0	187.1709024775192
0	287.375	0	6.757477789660403	0	187.5730960387442
0	288.25	0	6.310183307331771	0	188.06567860205317
0	288.8125	0	6.055434202777704	0	188.41586089858887
0	289.375	0	5.7953436462246275	0	188.77452100575948
0	290.25	0	5.386597504639187	0	189.20184576924075
0	290.875	0	5.105473724521935	0	189.59947001964747
0	291.49999999999994	0	4.827882811503819	0	189.94393868105269
0	292.3125	0	4.518301627250231	0	190.33499401385427
0	292.87500000000006	0	4.344152560968608	0	190.67832493878936
0	293.5	0	4.1734706087963325	0	191.06744782798037
0	294.5625	0	3.8831166540558617	0	191.6086566267205
0	296.25	0	3.578877710233354	0	192.69092047413164
0	297.0	0	3.4136413158552497	0	193.07241130358344
0	297.6875	0	3.3762387260196425	0	193.5800801415135
0	298.125	0	3.4803406479360737	0	193.98849003560014
0	298.68749999999994	0	3.4762922690246323	0	194.36906011636094
0	299.125	0	3.5124844624312326	0	194.7256794817465
0	299.75000000000006	0	3.4628310138147658	0	195.12134209387347
0	300.125	0	3.5846639729789658	0	195.56988049472508
0	300.5625	0	3.649031521285966	0	195.98024502766316
0	300.875	0	3.776244841885476	0	196.3472224183616
0	301.25	0	3.859552097291985	0	196.70153455211093
0	301.8125	0	3.8340515621439963	0	197.02311258391103
0	302.5	0	3.7709531689692084	0	197.42419078246155
0	302.9375	0	3.8189087719574184	0	197.81555821275103
0	303.5625	0	3.770475525938015	0	198.15905909735028
0	303.9375	0	3.7975434474300562	0	198.47343434956002
0	304.5625	0	3.7149270537887618	0	198.85696678551756
0	305.0	0	3.7083308292047237	0	199.21128690765943
0	305.5625	0	3.6498405035633503	0	199.61376397952031
0	306.6875	0	3.526288513414874	0	200.50513933960633
0	307.31249999999994	0	3.4484364158616443	0	200.9602576949501
0	307.75	0	3.473230049775207	0	201.4467824193169
0	308.375	0	3.440449779168171	0	201.92471854915584
0	308.8125	0	3.4637360707410956	0	202.40814545382028
0	309.25	0	3.425629988139153	0	202.9070861266144
0	309.9375	0	3.2840284485438236	0	203.36914317967836
0	310.375	0	3.236905480233177	0	203.7867752782917
0	310.875	0	3.1718211521391084	0	204.17811691831542
0	311.4375	0	3.0819493001866016	0	204.6312453688044
0	312.1875	0	2.9198887340781026	0	205.01312432864566
0	312.75	0	2.8526090968628677	0	205.35793926798115
0	313.3125	0	2.761647065713697	0	205.7880001085849
0	314.1875	0	2.5626068541872433	0	206.33583482771365
0	315.0625	0	2.264975736551857	0	206.76008204148516
0	315.6875	0	2.0414370455595106	0	207.1693111543648
0	316.6875	0	1.6364814850528477	0	207.60118676830487
0	317.625	0	1.2338938738376188	0	208.00057643088522
0	318.25	0	0.9587890558308145	0	208.23935613968553
0	319.0	0	0.6146116578157549	0	208.4705458083974
0	321.5	0	-0.6365043209169913	0	209.02295887805047
0	322.81249999999994	0	-1.3218019978885398	0	209.19769014734425
0	324.25	0	-2.0057697308301714	0	209.3079116494556
0	325.125	0	-2.484545295273809	0	209.47107099257175
0	326.50000000000006	0	-3.1407496332470837	0	209.55122661604767
0	327.9375	0	-3.8246134551741324	0	209.62228975836342
0	328.875	0	-4.332172692548995	0	209.75015008937365
0	330.375	0	-5.050567742967689	0	209.78906959435395
0	331.3125	0	-5.509281251487732	0	209.91401140309503
0	332.75000000000006	0	-6.132633877491734	0	209.97924365794123
0	334.1875	0	-6.739972028185245	0	210.0224172366057
0	335.0625	0	-7.090857106208459	0	210.16723488718858
0	336.06250000000006	0	-7.475677927671389	0	210.19075992663792
0	337.49999999999994	0	-7.975531054225996	0	210.1496536317428
0	338.375	0	-8.278894925702428	0	210.2164046606757
0	339.31250000000006	0	-8.59754516304021	0	210.34241438835951
0	340.625	0	-9.027712528927463	0	210.3483629580614
0	341.49999999999994	0	-9.248458474673596	0	210.46095525559676
0	342.75	0	-9.617092800807523	0	210.55331005242957
0	345.12499999999994	0	-10.204265616955082	0	210.86905907723505
0	346.50000000000006	0	-10.45767646001064	0	211.4206269456281
0	347.5	0	-10.709608437443642	0	211.56846172731332
0	348.125	0	-10.820613688449413	0	211.78787207816544
0	349.0	0	-10.994435497420966	0	212.05963335339908
0	349.87499999999994	0	-11.170811133925591	0	212.42561639283784
0	350.4375	0	-11.281665137149982	0	212.6950050339064
0	351.125	0	-11.393542358191748	0	212.88603628519434
0	351.75	0	-11.499068059832096	0	213.11195177635207
0	352.74999999999994	0	-11.741557568098576	0	213.23332654685782
0	353.4375	0	-11.858559096390097	0	213.45089177771396
0	354.5	0	-12.063575315361886	0	213.68267566028308
0	355.18750000000006	0	-12.22945609383411	0	213.86503842842984
0	356.1875	0	-12.497685694868254	0	213.98582076916358
0	356.9375	0	-12.689450372702701	0	214.19161971198395
0	357.81250000000006	0	-12.900313183683295	0	214.41687467942788
0	358.43749999999994	0	-13.102966547991773	0	214.78556148069737
0	359.18749999999994	0	-13.325337178441789	0	215.19747309207
0	360.6875	0	-13.75959621498567	0	216.54204637877552
0	361.125	0	-13.950984603223194	0	217.22215462314333
0	361.4375	0	-14.066182541193871	0	217.76359094119957
0	361.75	0	-14.194326527514447	0	218.34459911548328
0	362.125	0	-14.346421486805212	0	218.9367498900676
0	362.3125	0	-14.497688049519747	0	219.68186498210235
0	362.56249999999994	0	-14.65050483901344	0	220.34885294421494
0	362.68749999999994	0	-14.763506383371645	0	221.1006607782107
0	362.8125	0	-14.905395437055931	0	221.96698940431418
0	362.9375	0	-15.013546041089345	0	222.70212558417367
0	363.0625	0	-15.14234087604898	0	223.5244881779573
0	363.0625	0	-15.252527562982547	0	224.51587760483957
0	363.0625	0	-15.351503035255623	0	225.29771815497682
0	363.00000000000006	0	-15.439129730796989	0	226.07482104154454
0	363.00000000000006	0	-15.56568533476574	0	226.906891466778
0	363.00000000000006	0	-15.700075649741375	0	227.74776780784796
0	362.875	0	-15.825982674208198	0	228.80333139973524
0	362.75	0	-15.941422376915936	0	229.59787011486983
0	362.5625	0	-16.274308831164735	0	231.71893184512479
0	362.4375	0	-16.403903907477257	0	232.75097426554888
0	362.3125	0	-16.482528113935444	0	233.51813670456815
0	362.24999999999994	0	-16.593236342188842	0	234.29869757016579
0	362.12499999999994	0	-16.654709791670886	0	235.06849843803363
0	362.0624999999999	0	-16.709036039338457	0	235.79057101263425
0	361.99999999999994	0	-16.76918889520388	0	236.59167290961992
0	361.99999999999994	0	-16.909154650585062	0	237.22408224501163
0	361.9374999999999	0	-16.91719158173535	0	237.82990739834997
0	361.99999999999994	0	-16.936114011524268	0	238.32457982254095
0	361.99999999999994	0	-16.89191561948323	0	238.79949130240402
0	362.12499999999994	0	-16.828858346116146	0	239.1257547714495
0	362.31249999999994	0	-16.79065039129115	0	239.3332189589799
0	362.62499999999994	0	-16.740064926937613	0	239.44541175895628
0	362.8749999999999	0	-16.667656812729966	0	239.5240661301676
0	363.1874999999999	0	-16.679731890341653	0	239.53008496410558
0	363.3124999999999	0	-16.67918837224263	0	239.55565702130784
0	363.4999999999999	0	-16.72307542381034	0	239.534121184255
0	363.6249999999999	0	-16.757679378450277	0	239.52796677768262
0	363.5624999999999	0	-16.751050737321577	0	239.5820018381988
0	363.5624999999999	0	-16.758399616714662	0	239.58154431456782
0	363.5624999999999	0	-16.76218843731896	0	239.58315277260058
0	363.5624999999999	0	-16.767814477771527	0	239.5846468497256
0	363.5624999999999	0	-16.775277738072376	0	239.58602654594287
0	363.5624999999999	0	-16.78813827701029	0	239.58522587958862
0	363.5624999999999	0	-16.806510475493024	0	239.58408207051113
0	363.4999999999999	0	-16.81275105394781	0	239.58014856392174
0	363.4374999999999	0	-16.807742367565954	0	239.57320966207055
0	363.4374999999999	0	-16.824571803473344	0	239.54638142737514
0	363.37499999999983	0	-16.836710388259007	0	239.51814260706348
0	363.3124999999999	0	-16.82973014807813	0	239.4781184241833
0	363.3124999999999	0	-16.846464392315482	0	239.3849569907302
0	363.24999999999983	0	-16.854442642945124	0	239.31642222360622
0	363.12499999999983	0	-16.867492985454085	0	239.25514731776678
0	362.99999999999983	0	-16.88802999480501	0	239.19351567387213
0	362.81249999999983	0	-16.9021449758632	0	239.16374447634385
0	362.68749999999983	0	-16.924149829040058	0	239.12428605924765
0	362.4374999999999	0	-16.920352786720905	0	239.11946645914887
0	362.06249999999983	0	-16.9697423159244	0	238.8827543868995
0	361.93749999999983	0	-17.000336208008473	0	238.8138452397544
0	361.81249999999983	0	-17.03403133761701	0	238.72465113023037
0	361.56249999999983	0	-17.058211216788646	0	238.62510201774913
0	361.31249999999983	0	-17.12790103359554	0	238.49516756630902
0	361.0624999999999	0	-17.239232891940624	0	238.31875104380424
0	360.68749999999983	0	-17.29889319735514	0	238.12005205950672
0	360.24999999999983	0	-17.3021597936016	0	237.9461370984827
0	359.93749999999983	0	-17.367139810138106	0	237.7039214646866
0	359.56249999999983	0	-17.45014461966206	0	237.3611675305454
0	359.12499999999983	0	-17.57278060363079	0	237.13573866334244
0	358.81249999999983	0	-17.71895325971312	0	236.7951717650091
0	358.18749999999983	0	-17.734400444707283	0	236.5687082294052
0	357.81249999999983	0	-17.917588938034466	0	236.32049159296687
0	357.37499999999983	0	-18.030277519076122	0	236.1055139125451
0	356.8749999999999	0	-18.08512395885595	0	235.92527682855845
0	356.06249999999983	0	-18.08337497422387	0	235.81995788995354
0	355.2499999999999	0	-18.190665844918794	0	235.63493499593548
0	354.68749999999983	0	-18.327064453611705	0	235.4270471619372
0	352.9374999999999	0	-18.436641520744335	0	234.92422200986735
0	352.43749999999983	0	-18.51558174058697	0	234.70743509174483
0	351.93749999999983	0	-18.570191692910946	0	234.463465970572
0	351.24999999999983	0	-18.55674927568482	0	234.21900300094603
0	350.74999999999983	0	-18.65907256567806	0	233.8358522558662
0	349.99999999999983	0	-18.691254210642605	0	233.56103912667362
0	349.49999999999983	0	-18.83478156712146	0	233.19566303501318
0	348.9999999999999	0	-18.916278002527683	0	232.95762295008535
0	348.12499999999983	0	-18.86165606394075	0	232.76383170877375
0	347.18749999999983	0	-18.853433462573406	0	232.4357601129603
0	346.2499999999999	0	-18.721405632631008	0	232.27486669615624
0	345.6249999999999	0	-18.685799180797993	0	232.0562684109685
0	344.5624999999999	0	-18.452848927925807	0	231.85694020893953
0	343.9374999999999	0	-18.35907312630514	0	231.62261198614368
0	343.24999999999983	0	-18.227710638075465	0	231.45972619659688
0	342.24999999999983	0	-18.014727135056386	0	231.3494119632756
0	341.4999999999998	0	-17.900058928112735	0	231.1342506985829
0	340.4374999999999	0	-17.680469083744335	0	230.8868850627526
0	339.3124999999999	0	-17.428915739709023	0	230.7768200097053
0	337.12499999999983	0	-17.03877810702446	0	230.2488498238381
0	336.43749999999983	0	-16.936309901739346	0	230.0210959042251
0	335.31249999999983	0	-16.682645005810418	0	229.87075032586839
0	334.1874999999999	0	-16.418515330208315	0	229.6312977748705
0	333.43749999999983	0	-16.265312727305638	0	229.37343399826634
0	332.7499999999999	0	-16.142714015081992	0	229.14844981299308
0	331.6874999999999	0	-15.914643184684369	0	228.89448750778723
0	330.9374999999999	0	-15.793087403218033	0	228.59933770197867
0	329.8749999999999	0	-15.52999220891525	0	228.2940974072653
0	329.18749999999983	0	-15.402172996114883	0	228.0739069200409
0	328.43749999999983	0	-15.27480261057353	0	227.83561121977218
0	327.37499999999983	0	-15.008929263181248	0	227.62666655276473
0	326.62499999999983	0	-14.859409974447992	0	227.32079313339796
0	325.49999999999983	0	-14.592252588646351	0	227.07320014516472
0	324.37499999999983	0	-14.352406520141287	0	226.84324882473373
0	323.24999999999983	0	-14.109060249555718	0	226.59113516404497
0	322.43749999999983	0	-13.914738086414213	0	226.3348255394516
0	321.1874999999999	0	-13.522941627857454	0	226.11757449359604
0	319.99999999999983	0	-13.141845440829007	0	225.96683793376977
0	317.49999999999983	0	-12.292299541364917	0	225.43451537700213
0	316.6249999999999	0	-12.012585730716484	0	225.22095350509926
0	315.37499999999983	0	-11.58239155661965	0	225.00947938753373
0	314.0624999999999	0	-11.090569996822085	0	224.78832951531436
0	313.12499999999983	0	-10.689653196177355	0	224.53820364831205
0	311.8124999999998	0	-10.075712497328325	0	224.38018880552116
0	310.81249999999983	0	-9.629990033499832	0	224.19951402340857
0	309.3749999999999	0	-8.993056087356582	0	224.0079413749365
0	307.93749999999983	0	-8.296522620967416	0	223.82223426018902
0	306.8749999999999	0	-7.744099694615361	0	223.65371699242493
0	305.3749999999999	0	-6.976942260528764	0	223.4298452402703
0	304.43749999999983	0	-6.432940190747109	0	223.21266893108861
0	303.43749999999983	0	-5.838683120350374	0	222.9543413416736
0	301.99999999999983	0	-5.049940525806237	0	222.69716447435636
0	301.06249999999983	0	-4.472622904569246	0	222.44155056396175
0	299.68749999999983	0	-3.741779942729838	0	222.05291977748075
0	298.81249999999983	0	-3.2746108292885667	0	221.7801946216064
0	297.4374999999999	0	-2.5597870065128903	0	221.4353778229533
0	296.1249999999999	0	-1.7366357885925874	0	221.00793102881124
0	293.43749999999983	0	0.024000536862151645	0	220.0945087560848
0	292.06249999999983	0	1.0072479953772402	0	219.66875925897858
0	290.68749999999983	0	1.881894777448879	0	219.2190938629993
0	289.8124999999999	0	2.5952118110941917	0	218.8407133988676
0	288.4374999999999	0	3.5488403982505607	0	218.38491603061885
0	287.56249999999983	0	4.222845363970507	0	217.9567972449749
0	286.24999999999983	0	5.136638224699326	0	217.51303568390946
0	284.81249999999983	0	6.199224263593516	0	217.0451454348204
0	283.8749999999999	0	6.93824453231653	0	216.60895004176712
0	282.93749999999983	0	7.639363573536065	0	216.15451511833598
0	281.9999999999999	0	8.350564753876714	0	215.65890813615434
0	280.4999999999999	0	9.253743773204548	0	215.02019112726765
0	278.99999999999983	0	10.120878663493079	0	214.3370948663401
0	277.49999999999983	0	11.252012044120177	0	213.5866150285202
0	275.9999999999999	0	12.15647192590625	0	212.85594548805753
0	274.99999999999983	0	12.99836200679066	0	212.2499863425334
0	273.4374999999999	0	13.93911996107304	0	211.51261911551853
0	271.8749999999999	0	14.778856518013434	0	210.73913535491508
0	268.74999999999983	0	16.68744033096679	0	208.98465909403325
0	267.2499999999999	0	17.534573902230896	0	208.16195016900627
0	266.1874999999999	0	18.248918473553413	0	207.4486078465932
0	264.6874999999999	0	19.067043458081784	0	206.64185164575136
0	263.6249999999999	0	19.886663813457847	0	205.8888829961122
0	262.56249999999983	0	20.51213825079896	0	205.1911631650008
0	261.06249999999983	0	21.291236745582765	0	204.3143963170627
0	260.0624999999999	0	21.883249596583596	0	203.53400144869426
0	258.62499999999983	0	22.59649615624632	0	202.51455914496665
0	257.68749999999983	0	23.204704963047014	0	201.70244553343642
0	256.7499999999999	0	23.782952220370234	0	200.90634724139457
0	255.87499999999983	0	24.308255233028696	0	200.11345422254638
0	254.49999999999983	0	25.011270892604905	0	199.15584656685397
0	253.62499999999983	0	25.589285310417317	0	198.2772228618694
0	252.24999999999983	0	26.227303675439682	0	197.31137138932166
0	251.31249999999986	0	26.779783796889816	0	196.44634421252974
0	250.4374999999999	0	27.22905150845872	0	195.5893783435651
0	249.49999999999986	0	27.746842041206204	0	194.7252185567564
0	248.56249999999986	0	28.310848546845417	0	193.8253733894712
0	247.18749999999983	0	28.897871634099555	0	192.7994503987482
0	244.87499999999983	0	30.174213802698738	0	190.79471979267004
0	243.4999999999999	0	30.84073134456321	0	189.57822580755365
0	242.56249999999986	0	31.39430843852063	0	188.71951711569113
0	241.06249999999983	0	32.021955088008575	0	187.69764921558095
0	240.06249999999986	0	32.634780151088435	0	186.81104859792154
0	238.43749999999983	0	33.33278227618918	0	185.70747012443036
0	236.87499999999983	0	34.03347518602281	0	184.62580533545747
0	235.2499999999999	0	34.78474534623451	0	183.481033657734
0	233.68749999999986	0	35.402021427376006	0	182.46224918870092
0	232.62499999999986	0	36.011606707579126	0	181.56249315905228
0	231.62499999999986	0	36.662091811627114	0	180.62020393960947
0	230.12499999999986	0	37.309028570598	0	179.50858650995696
0	228.62499999999983	0	37.86739280827715	0	178.41326680277785
0	227.56249999999986	0	38.44605766711315	0	177.41525812868056
0	225.99999999999986	0	39.1880995341293	0	176.13608235998822
0	224.93749999999986	0	39.867039005216036	0	175.06918887109475
0	223.24999999999986	0	40.40684995050894	0	173.87405593095247
0	222.06249999999983	0	41.03553091018126	0	172.69137097758275
0	220.31249999999983	0	41.55794380321191	0	171.39714496050732
0	217.18749999999986	0	42.8971743702012	0	168.699842609494
0	214.68749999999986	0	43.70505399819857	0	166.7233990838262
0	213.43749999999983	0	44.30436069103736	0	165.42777329018887
0	211.43749999999983	0	44.89289523576364	0	163.80455554092032
0	210.06249999999983	0	45.416723148577525	0	162.44722675818366
0	208.12499999999986	0	45.86450832758385	0	160.82631616247585
0	206.18749999999986	0	46.32850427896338	0	159.11572317349237
0	204.87499999999983	0	46.753770451417324	0	157.62135218116111
0	203.62499999999986	0	47.07029439738237	0	156.31762542120103
0	201.74999999999983	0	47.37372557584759	0	154.693978690682
0	200.43749999999983	0	47.78179971593435	0	153.25151006235072
0	198.56249999999983	0	48.08001222633266	0	151.58409645251882
0	197.31249999999983	0	48.34288344194938	0	150.27047034291573
0	195.43749999999986	0	48.55262093726432	0	148.5195642284623
0	194.31249999999986	0	48.69690423271916	0	147.30098136174357
0	192.62499999999986	0	48.78858904157898	0	145.8545705736668
0	191.49999999999983	0	48.99821402228074	0	144.45878101184095
0	189.24999999999986	0	49.037946730109255	0	142.54895414124522
0	188.12499999999986	0	49.11681755183856	0	141.2534150600728
0	185.37499999999986	0	49.380569528609314	0	138.4122591468209
0	183.81249999999986	0	49.59841129459164	0	136.5757219407601
0	182.74999999999983	0	49.687899502214144	0	135.34933279199376
0	181.24999999999986	0	49.6603411278693	0	133.87083187037675
0	180.24999999999986	0	49.6998992560325	0	132.64360183429696
0	179.24999999999986	0	49.68738521621067	0	131.3868325199567
0	177.81249999999986	0	49.57178812324967	0	129.97698640460627
0	176.37499999999983	0	49.571494567584224	0	128.13908938706547
0	175.43749999999986	0	49.572225765601026	0	126.90778414203751
0	173.99999999999986	0	49.48221256959159	0	125.53135255439213
0	172.43749999999986	0	49.33933303159389	0	123.83363724048439
0	171.43749999999986	0	49.31780190469534	0	122.45054296259089
0	169.87499999999986	0	49.15763054831496	0	120.92037977556325
0	168.24999999999986	0	49.06522979800387	0	119.17709324396343
0	167.18749999999986	0	48.969043134651216	0	117.45914234356638
0	165.49999999999983	0	48.654766769736725	0	115.77524121866068
0	164.37499999999986	0	48.49389859285945	0	114.3088334454936
0	162.68749999999986	0	48.107726523896396	0	112.54676537721517
0	161.62499999999986	0	47.851603800368956	0	111.10392755750408
0	158.43749999999986	0	47.119458547887426	0	107.28647783505487
0	156.93749999999983	0	46.585884587295574	0	105.37830754620124
0	155.93749999999986	0	46.254349218410404	0	104.02500063590237
0	154.31249999999986	0	45.76222293031605	0	102.59978272296621
0	153.37499999999986	0	45.44273171988388	0	101.41994210980428
0	152.37499999999983	0	45.060442257602375	0	100.0644343259418
0	150.37499999999986	0	44.3115374368213	0	98.30526739929066
0	149.43749999999986	0	44.01687012068222	0	97.17355981940908
0	148.43749999999983	0	43.534734465109175	0	96.00550548741273
0	147.06249999999986	0	42.903268839380914	0	94.8270893264173
0	146.12499999999983	0	42.58832060322762	0	93.48712647220275
0	144.74999999999983	0	42.09116067659412	0	92.21599680090998
0	143.31249999999986	0	41.49077206810132	0	91.02247743363489
0	142.37499999999986	0	41.14253593233726	0	89.88760753551419
0	140.99999999999986	0	40.616795018860785	0	88.6935723275513
0	139.62499999999986	0	40.084490903243264	0	87.57107495086862
0	138.74999999999986	0	39.7481587634112	0	86.69372068124754
0	137.49999999999983	0	39.27232376349334	0	85.89384076795191
0	136.68749999999986	0	38.90505866321693	0	85.18059823578008
0	134.56249999999983	0	37.716290301274285	0	83.43005987101365
0	133.31249999999983	0	36.93811182301783	0	82.56255346517138
0	132.68749999999986	0	36.41093073688484	0	81.82919753980308
0	131.74999999999986	0	35.82096306601132	0	81.2217038227611
0	130.87499999999986	0	35.236482469867454	0	80.39556247261538
0	129.87499999999983	0	34.62501822663165	0	79.41678265675597
0	129.12499999999986	0	34.14835237824373	0	78.62668825789844
0	127.99999999999986	0	33.532613990907976	0	77.81542902326927
0	126.81249999999984	0	32.91887554619852	0	77.04731251604562
0	126.06249999999984	0	32.42921668919144	0	76.16647550646502
0	124.93749999999986	0	31.713687516984972	0	75.3203787839774
0	123.68749999999982	0	31.010303165353502	0	74.53381879149127
0	122.87499999999984	0	30.500710498337536	0	73.68850218238603
0	121.56249999999984	0	29.78266217080694	0	72.78974411381805
0	120.68749999999986	0	29.224339243296853	0	71.92421017756469
0	119.81249999999986	0	28.68565045166405	0	71.2839452722737
0	117.68749999999984	0	27.35231851267753	0	70.11735819540073
0	116.87499999999986	0	26.81289888251712	0	69.36648549063278
0	114.81249999999984	0	25.53449297562458	0	67.87271468025017
0	113.18749999999986	0	24.5151803599362	0	66.91541437189488
0	112.43749999999984	0	23.816053173642533	0	66.2321457369715
0	111.24999999999984	0	22.996480663938424	0	65.7394560395194
0	110.18749999999984	0	22.279033968299494	0	65.22667240088339
0	109.18749999999984	0	21.56400088331443	0	64.7279451771393
0	108.56249999999986	0	21.018806172632775	0	64.32381678779251
0	107.99999999999984	0	20.45074056605873	0	63.96579939393729
0	107.12499999999984	0	19.746279907675984	0	63.74000367332018
0	106.37499999999984	0	19.03005823253813	0	63.56078968922348
0	105.81249999999984	0	18.319393460750614	0	63.44504778457872
0	105.49999999999984	0	17.87574463599871	0	63.36163512700232
0	104.99999999999986	0	17.36338943278307	0	63.26421733872638
0	104.62499999999986	0	16.94314313991582	0	63.165627816306255
0	104.18749999999984	0	16.509211448161846	0	63.053366731641106
0	103.93749999999984	0	16.212742080096838	0	62.93128111699372
0	103.56249999999983	0	15.894826706710479	0	62.83286436294949
0	103.37499999999983	0	15.643920726733587	0	62.69271838738762
0	102.87499999999983	0	15.134606080604897	0	62.47942325808331
0	102.49999999999986	0	14.79581624984547	0	62.320018502229146
0	102.37499999999984	0	14.620327189415736	0	62.19952791106697
0	102.24999999999984	0	14.421524247080363	0	62.05545556340255
0	102.06249999999986	0	14.178126443277455	0	61.906478098485884
0	101.93749999999986	0	13.961585554384126	0	61.76359664262294
0	101.74999999999984	0	13.724503095173088	0	61.626893169386676
0	101.62499999999984	0	13.494365280110399	0	61.456164730705794
0	101.43749999999987	0	13.241784696010463	0	61.31014805790535
0	101.18749999999984	0	12.91158745152979	0	61.145839797798644
0	100.93749999999984	0	12.59883443214892	0	61.005427530189195
0	100.56249999999984	0	12.252840524142409	0	60.89846230815562
0	100.31249999999984	0	11.928554048015652	0	60.74456435281679
0	100.06249999999984	0	11.582085584671082	0	60.597433412735214
0	99.68749999999984	0	11.236666841328635	0	60.483062654813516
0	99.37499999999984	0	10.944800704829824	0	60.33703805296477
0	99.06249999999986	0	10.698665445018802	0	60.19308019069668
0	98.81249999999984	0	10.47566982311907	0	59.969846074021596
0	98.43749999999984	0	10.226749805500525	0	59.78580886859175
0	97.43749999999986	0	9.57423584780166	0	59.21057028167751
0	96.62499999999984	0	9.108357448740856	0	58.97988673498056
0	96.24999999999984	0	8.887355147510464	0	58.84313293907584
0	95.87499999999984	0	8.675491349948278	0	58.71825828959215
0	95.18749999999984	0	8.341468884515924	0	58.57479505784667
0	94.87499999999984	0	8.175775820389793	0	58.43015135205343
0	94.43749999999983	0	7.953268334581579	0	58.24008339532126
0	94.06249999999984	0	7.7481411565424265	0	58.02496504634199
0	93.49999999999986	0	7.489228476214986	0	57.836609658414915
0	93.12499999999986	0	7.2786418445300365	0	57.59338086777728
0	92.37499999999983	0	6.960426672142606	0	57.410957215574506
0	91.87499999999984	0	6.675913211474779	0	57.06837457345786
0	90.93749999999984	0	6.22504160511941	0	56.83480283985835
0	89.99999999999984	0	5.731773096579997	0	56.517176543352846
0	89.31249999999986	0	5.345754593526027	0	56.2204694061126
0	88.18749999999984	0	4.807213980567633	0	56.0281240298201
0	87.43749999999984	0	4.36164174999108	0	55.739664252963486
0	86.68749999999986	0	3.9206802430416032	0	55.4420688299593
0	85.56249999999984	0	3.3717712473355332	0	55.270989579428274
0	83.49999999999984	0	2.102664759859505	0	54.74641973223735
0	82.49999999999984	0	1.4026527632197718	0	54.37895703576485
0	81.24999999999984	0	0.7726779036474658	0	54.20861262359789
0	80.68749999999986	0	0.3752978040219734	0	53.771813754920316
0	79.87499999999984	0	-0.014019614587753082	0	53.50675779136315
0	79.37499999999984	0	-0.30753650148451644	0	53.25570689175407
0	78.62499999999984	0	-0.7042668689144984	0	53.027370719921834
0	78.06249999999984	0	-1.057088459729783	0	52.71689462347607
0	77.31249999999984	0	-1.426116564343455	0	52.56812032976337
0	76.87499999999986	0	-1.7527583130456095	0	52.28188398461509
0	76.18749999999984	0	-2.115134257393648	0	52.13999677399238
0	75.56249999999986	0	-2.582256957627994	0	51.82948067784923
0	74.87499999999984	0	-3.013621887855623	0	51.62868078696961
0	74.37499999999984	0	-3.3617439299371434	0	51.41299772691832
0	73.68749999999984	0	-3.6850239422245377	0	51.322678256338335
0	72.99999999999986	0	-4.140426480926452	0	50.99009145558682
0	72.49999999999986	0	-4.452370168512639	0	50.80003605335627
0	71.68749999999984	0	-4.846026153581862	0	50.693793342964
0	70.12499999999984	0	-5.687155065088587	0	50.35581547189129
0	69.43749999999986	0	-6.039802432597882	0	50.25308660334191
0	68.37499999999984	0	-6.548454436241847	0	50.16427198053515
0	67.31249999999984	0	-6.984739578488977	0	50.171124268620176
0	66.62499999999986	0	-7.313980594633727	0	50.10427256158237
0	65.87499999999984	0	-7.667243611631667	0	50.02179952506587
0	64.68749999999984	0	-8.111540702761664	0	50.056339456667246
0	63.87499999999986	0	-8.572940467501466	0	49.842493777574106
0	62.56249999999985	0	-9.057180425008871	0	49.849830253135586
0	61.749999999999844	0	-9.490086474275236	0	49.63102349008427
0	60.437499999999844	0	-9.947846731201432	0	49.65347534599754
0	59.62499999999984	0	-10.327376147161955	0	49.497052670882866
0	58.43749999999985	0	-10.749485923434568	0	49.46139079170985
0	57.31249999999985	0	-11.241317765392242	0	49.20352467467556
0	56.249999999999844	0	-11.495631642347439	0	49.17474491478263
0	55.62499999999985	0	-11.702403324760468	0	48.94008419054374
0	54.687499999999844	0	-11.933997293284952	0	48.85539257089276
0	53.68749999999985	0	-12.141464561886801	0	48.83150687141247
0	52.81249999999986	0	-12.369082098147583	0	48.726429747822706
0	51.312499999999844	0	-12.84056464869574	0	48.575195669271
0	50.68749999999985	0	-13.043035279281119	0	48.52761348919811
0	49.49999999999985	0	-13.43350027334461	0	48.490718096495236
0	48.37499999999985	0	-13.829354366797268	0	48.46794715098243
0	47.81249999999985	0	-14.051833691050453	0	48.459990953849996
0	46.99999999999985	0	-14.290532481338055	0	48.53847083695545
0	46.43749999999985	0	-14.531807282232313	0	48.50554350090411
0	45.68749999999985	0	-14.75609376536923	0	48.55473675985897
0	44.937499999999844	0	-14.986293987143968	0	48.6054981339921
0	44.374999999999844	0	-15.177291839095819	0	48.62374947634873
0	43.62499999999985	0	-15.350220522245603	0	48.74081749755629
0	42.93749999999985	0	-15.516762001489447	0	48.856864647577346
0	42.499999999999844	0	-15.674307222523566	0	48.933481459339546
0	42.062499999999844	0	-15.801408123499028	0	49.00353112980726
0	41.624999999999844	0	-15.953267908547067	0	49.042220322617005
0	40.99999999999985	0	-16.10581809259282	0	49.135756257686594
0	40.49999999999985	0	-16.261436926094138	0	49.1640268034289
0	40.12499999999985	0	-16.414458251864232	0	49.14926357712951
0	39.062499999999844	0	-16.780842452570244	0	49.222103388041866
0	38.68749999999985	0	-16.98350486250523	0	49.192911851709425
0	37.81249999999985	0	-17.24067494416535	0	49.27522936211356
0	37.187499999999844	0	-17.408242063901874	0	49.302271916383994
0	36.68749999999985	0	-17.46862593402783	0	49.36192560969257
0	36.437499999999844	0	-17.514561173982322	0	49.34928271423065
0	35.999999999999844	0	-17.57630154313489	0	49.389782595303586
0	35.68749999999985	0	-17.67402302259676	0	49.374824103362286
0	35.24999999999985	0	-17.781491172424158	0	49.401463628350534
0	34.74999999999985	0	-17.916253037888794	0	49.436983925054754
0	34.24999999999985	0	-17.991385691990807	0	49.491798270725454
0	33.874999999999844	0	-18.080829660097983	0	49.48815962747293
0	33.687499999999844	0	-18.184030586320223	0	49.422069520451764
0	33.31249999999985	0	-18.26177239802758	0	49.45124805968261
0	33.06249999999985	0	-18.33354826276552	0	49.429335477441796
0	32.687499999999844	0	-18.419783285321188	0	49.44932921747605
0	32.249999999999844	0	-18.545756663167154	0	49.48196598179809
0	31.74999999999985	0	-18.676483226814764	0	49.52139415981375
0	30.937499999999844	0	-18.893930481952687	0	49.60979666568603
0	30.374999999999847	0	-18.999572410148517	0	49.719960464820886
0	29.812499999999844	0	-19.16925613738127	0	49.80020123627706
0	29.124999999999847	0	-19.23413064561696	0	49.99117883590703
0	28.687499999999847	0	-19.305650825584745	0	50.099998035983276
0	28.249999999999844	0	-19.342500551394387	0	50.21291566117175
0	27.81249999999985	0	-19.369699493388477	0	50.287046867176784
0	27.31249999999984	0	-19.339195934136075	0	50.388955290494266
0	26.999999999999844	0	-19.335898205611777	0	50.41205898258125
0	26.562499999999847	0	-19.331038631343024	0	50.504039400601215
0	26.18749999999985	0	-19.337701817083733	0	50.585771755994486
0	25.687499999999847	0	-19.331667533151787	0	50.692001389363355
0	25.12499999999985	0	-19.333101440233346	0	50.80448557082172
0	24.749999999999854	0	-19.361995012560683	0	50.87313801357703
0	24.12499999999985	0	-19.35218079356638	0	51.036311228075455
0	23.687499999999844	0	-19.372889561144504	0	51.14082241634434
0	23.249999999999847	0	-19.379269387193464	0	51.251301767743115
0	22.624999999999847	0	-19.380087972517064	0	51.44782741752773
0	21.687499999999847	0	-19.41759588743203	0	51.80784680757383
0	20.624999999999844	0	-19.475043337188684	0	52.20734893674968
0	20.124999999999847	0	-19.539084401406786	0	52.41830416063655
0	18.937499999999844	0	-19.53933798644109	0	52.920675436748276
0	18.312499999999847	0	-19.548072661700715	0	53.20805867719442
0	17.062499999999844	0	-19.475940560410358	0	53.728991810066525
0	16.499999999999844	0	-19.427233603912107	0	53.942404135501626
0	15.687499999999847	0	-19.342430303505047	0	54.22225513403875
0	15.124999999999849	0	-19.3192372164746	0	54.40137672011117
0	14.374999999999847	0	-19.26665536651519	0	54.63879711402931
0	13.874999999999849	0	-19.226123767347932	0	54.75041049990572
0	13.187499999999847	0	-19.135689182460414	0	54.916787921369405
0	12.562499999999849	0	-19.04720970011859	0	55.0642283458739
0	12.124999999999847	0	-18.992845712401866	0	55.1672467630684
0	11.499999999999845	0	-18.90215099531445	0	55.348601489750315
0	11.062499999999847	0	-18.851305795476055	0	55.449534496498394
0	10.374999999999847	0	-18.77186375711166	0	55.639591029817794
0	9.687499999999847	0	-18.67739679335479	0	55.84019157444138
0	9.249999999999847	0	-18.633813957446787	0	55.97692843119401
0	8.499999999999847	0	-18.512401311585123	0	56.26093031820727
0	6.374999999999847	0	-18.16942847021739	0	57.194221439234745
0	5.374999999999848	0	-18.01454796928682	0	57.64151657401733
0	4.687499999999848	0	-17.94777882094845	0	57.99377687830453
0	3.4374999999998477	0	-17.77365085246275	0	58.570721691568316
0	2.4999999999998472	0	-17.652313410495214	0	59.064233204486634
0	1.1249999999998472	0	-17.38746492232181	0	59.686660932519516
0	-0.18750000000013464	0	-17.11266413980808	0	60.240278656389926
0	-1.1250000000001654	0	-16.941817922664423	0	60.71372596198438
0	-2.062500000000145	0	-16.75229498591499	0	61.15814631831508
0	-3.7500000000001292	0	-16.387287411412704	0	61.89661470701601
0	-4.625000000000151	0	-16.20273153586904	0	62.426302100959546
0	-5.937500000000185	0	-15.855393945994495	0	63.045667810404545
0	-6.812500000000155	0	-15.595880085603005	0	63.540986209218225
0	-8.125000000000137	0	-15.196408608973229	0	64.15739873505889
0	-8.937500000000151	0	-14.939408149357213	0	64.6384548276172
0	-9.812500000000172	0	-14.653036107057785	0	65.12862541418816
0	-11.062500000000146	0	-14.25480465958895	0	65.69064912045181
0	-12.25000000000016	0	-13.874218629824403	0	66.18092510837403
0	-13.062500000000172	0	-13.605783880408998	0	66.56813513354561
0	-15.312500000000135	0	-12.809215909503157	0	67.45864082382329
0	-16.625000000000167	0	-12.308691848450074	0	67.90708612562607
0	-17.56250000000015	0	-11.947707268761967	0	68.17706767099843
0	-18.125000000000178	0	-11.728501604823814	0	68.35060581417406
0	-18.93750000000014	0	-11.46163522025643	0	68.56827747468122
0	-19.437500000000156	0	-11.298066479202761	0	68.6815130540282
0	-20.187500000000163	0	-11.039969705638951	0	68.82558979458511
0	-20.8125000000002	0	-10.810932300619042	0	68.92702451638439
0	-21.25000000000016	0	-10.603834088633416	0	68.98575090523097
0	-21.875000000000146	0	-10.311507772315895	0	69.09989623081343
0	-22.312500000000156	0	-10.047726235374908	0	69.1856597475909
0	-22.68750000000016	0	-9.755064291789465	0	69.2477370669163
0	-23.25000000000014	0	-9.413767617349494	0	69.34281072005606
0	-23.75000000000016	0	-9.092074623928315	0	69.40152192345957
0	-24.125000000000156	0	-8.851779632132747	0	69.46622892039525
0	-24.687500000000135	0	-8.591965097685762	0	69.57703486670435
0	-25.06250000000014	0	-8.426437165506503	0	69.67121347485916
0	-25.687500000000178	0	-8.179489927220711	0	69.79287787068962
0	-26.12500000000019	0	-8.019092822782797	0	69.88542625088617
0	-27.250000000000142	0	-7.6347349276013325	0	70.06264378086709
0	-27.93750000000019	0	-7.364208661500127	0	70.13751015019878
0	-28.687500000000146	0	-7.041796729743889	0	70.20627560263047
0	-29.437500000000146	0	-6.696931067524821	0	70.2565229582497
0	-29.937500000000167	0	-6.451885639439251	0	70.2780760338542
0	-30.75000000000018	0	-6.059450585532177	0	70.2971669383345
0	-31.562500000000195	0	-5.677719070139239	0	70.34332222586845
0	-32.12500000000012	0	-5.405600640676451	0	70.39122129869683
0	-33.06250000000015	0	-4.971309891989834	0	70.50390560069917
0	-33.75000000000015	0	-4.643130000771647	0	70.61841311351972
0	-34.43750000000014	0	-4.285876862261314	0	70.74120380538267
0	-35.56250000000015	0	-3.7479258283668955	0	70.89775599518518
0	-36.31250000000015	0	-3.3344959196746355	0	70.97731857199439
0	-37.062500000000156	0	-2.885851793078203	0	71.0486865204363
0	-38.18750000000016	0	-2.2513586114170447	0	71.1728801434722
0	-39.00000000000013	0	-1.6741656833399543	0	71.27600286243658
0	-40.18750000000019	0	-0.907887506034831	0	71.42901269240804
0	-41.43750000000016	0	-0.1699354667518651	0	71.54165248120786
0	-42.75000000000014	0	0.6486995131114136	0	71.64522483779317
0	-44.93750000000015	0	1.9875822363270816	0	71.77315783223567
0	-46.62500000000018	0	2.966202448213969	0	71.77020716373822
0	-47.875000000000156	0	3.739774598347959	0	71.74141323206649
0	-48.750000000000135	0	4.398216772721586	0	71.72461422370401
0	-50.06250000000016	0	5.245965438335819	0	71.67898039279515
0	-51.25000000000018	0	5.972054503210305	0	71.57766471843713
0	-52.062500000000135	0	6.59665434261651	0	71.49160449394549
0	-53.31250000000016	0	7.464186462256746	0	71.39062510193624
0	-54.50000000000018	0	8.244608259519795	0	71.27963286916177
0	-55.250000000000185	0	8.824533361068582	0	71.16000815865748
0	-56.43750000000014	0	9.685958460780155	0	71.01403614153614
0	-57.18750000000015	0	10.316766234730578	0	70.91481335801812
0	-58.31250000000015	0	11.112480826529875	0	70.76150834234295
0	-59.062500000000156	0	11.731810454479938	0	70.60833809024574
0	-59.812500000000156	0	12.381904648722271	0	70.45652330987733
0	-60.87500000000016	0	13.180195123723013	0	70.2606032383294
0	-62.00000000000016	0	13.941380187323661	0	70.01746179132215
0	-62.75000000000017	0	14.615011908319092	0	69.76202833976355
0	-64.93750000000017	0	16.226545106097113	0	69.23446205559345
0	-65.62500000000011	0	16.831572618428297	0	68.98630002117436
0	-67.00000000000016	0	17.83725844431794	0	68.53522877131246
0	-67.75000000000016	0	18.435989630765647	0	68.27641843030274
0	-68.43750000000016	0	19.046416933631587	0	68.0026181171981
0	-69.56250000000017	0	19.770910177456237	0	67.65623907187934
0	-70.25000000000016	0	20.355052375360906	0	67.36249532957193
0	-71.25000000000014	0	21.05449694308129	0	67.01428844263137
0	-72.25000000000013	0	21.86778633417835	0	66.61688216196484
0	-72.93750000000018	0	22.410616157392365	0	66.30844305511525
0	-73.56250000000011	0	22.969383556313886	0	65.98669391789628
0	-74.56250000000016	0	23.70349005243665	0	65.57573400646018
0	-75.18750000000014	0	24.25996774237569	0	65.21157479810933
0	-75.75000000000017	0	24.7824664000328	0	64.85643398606176
0	-76.37500000000016	0	25.31279784785482	0	64.5101866287862
0	-77.00000000000014	0	25.852096096808637	0	64.15192565762514
0	-77.56250000000018	0	26.413172798915465	0	63.74139875037978
0	-78.37500000000014	0	27.013955345233065	0	63.21318693300408
0	-78.93750000000017	0	27.51849142350132	0	62.74913982437885
0	-79.81250000000013	0	28.21340529974307	0	62.159353160477984
0	-81.18750000000013	0	29.318375200830218	0	61.19632719854528
0	-81.75000000000017	0	29.798972780002984	0	60.72477804435443
0	-82.87500000000016	0	30.708457973477632	0	59.96393389098706
0	-83.81250000000014	0	31.325750979576544	0	59.409898090083445
0	-84.68750000000017	0	31.91315596310884	0	58.85650649931178
0	-85.25000000000018	0	32.39535294912243	0	58.38006764705852
0	-86.06250000000014	0	32.987041226413396	0	57.875195276392134
0	-86.87500000000016	0	33.60659426907759	0	57.394440600072116
0	-87.43750000000014	0	33.99987030881774	0	57.031881254254344
0	-88.00000000000017	0	34.40407962610392	0	56.67180022316308
0	-88.81250000000018	0	34.89173672965098	0	56.22734670305746
0	-89.56250000000014	0	35.33298189988325	0	55.77133570224094
0	-90.00000000000014	0	35.593455548990846	0	55.397272825895755
0	-90.56250000000018	0	35.82255535354705	0	54.98663415421913
0	-91.00000000000014	0	35.966666791051225	0	54.54022092477978
0	-91.18750000000011	0	35.95092226138826	0	54.116213820212664
0	-91.18750000000011	0	35.813550214739486	0	53.706638759077826
0	-91.12500000000016	0	35.58730541122319	0	53.161939940932115
0	-90.93750000000014	0	35.325178751077814	0	52.693729052136064
0	-90.31250000000014	0	34.629675685529726	0	51.6224738596984
0	-89.93750000000014	0	34.29256809111326	0	51.123789297465144
0	-89.25000000000014	0	33.7150536814795	0	50.41841661812146
0	-88.81250000000018	0	33.25855157671071	0	49.83682271426334
0	-88.00000000000017	0	32.69140681923276	0	49.36620844399561
0	-87.43750000000014	0	32.258562271083	0	48.92516579521619
0	-86.43750000000016	0	31.654803852083383	0	48.521680095562346
0	-85.68750000000014	0	31.14349225957206	0	48.06135332664581
0	-84.87500000000013	0	30.677226146262967	0	47.719922439551
0	-83.75000000000014	0	30.132782712670206	0	47.3972838377295
0	-83.00000000000013	0	29.77090898285136	0	47.08472999695024
0	-81.87500000000018	0	29.296018608771607	0	46.89286952704375
0	-81.12500000000017	0	28.957059074094143	0	46.65561281945487
0	-80.43750000000013	0	28.64324447330226	0	46.404641323371465
0	-79.37500000000018	0	28.22817638909684	0	46.22019731624559
0	-78.68750000000013	0	27.966418165075552	0	45.9731162341465
0	-77.81250000000016	0	27.644007297702363	0	45.774794781833464
0	-77.00000000000014	0	27.372675283756646	0	45.57617283598131
0	-76.56250000000018	0	27.210563369781294	0	45.28429012108194
0	-76.00000000000016	0	26.954070010233913	0	45.037503731280786
0	-74.37500000000013	0	26.07784402401146	0	44.50002742375949
0	-73.50000000000016	0	25.50833750492539	0	44.239243792249226
0	-72.68750000000014	0	24.94740509810967	0	44.0974901722905
0	-72.00000000000016	0	24.465703036523728	0	44.03873198997571
0	-71.62500000000016	0	24.104843216776594	0	43.960566846090195
0	-71.00000000000017	0	23.64145891420276	0	43.9568029515996
0	-70.50000000000014	0	23.194550539859943	0	43.925370136016674
0	-70.06250000000013	0	22.793384270898056	0	43.900415342411456
0	-69.62500000000017	0	22.350400662351326	0	43.869233508410574
0	-68.87500000000017	0	21.738537456739305	0	43.865523175074316
0	-68.06250000000016	0	21.062723213208727	0	43.83954667361136
0	-67.25000000000014	0	20.384204507940005	0	43.80672122791011
0	-66.68750000000017	0	19.851912949824747	0	43.741352486556615
0	-66.06250000000018	0	19.281202865633805	0	43.67194423526817
0	-65.0625000000002	0	18.508769424917652	0	43.60016122482351
0	-64.31250000000013	0	17.856791791701696	0	43.47027002892634
0	-63.562500000000135	0	17.278953226901493	0	43.335072318117696
0	-62.43750000000018	0	16.546532829602544	0	43.242324019383084
0	-61.56250000000015	0	15.925163211164206	0	43.07977224590529
0	-58.875000000000185	0	14.085128746478775	0	42.722708130058976
0	-57.437500000000135	0	13.107441345008109	0	42.4067356708176
0	-56.00000000000013	0	12.258992779026418	0	42.21242193145276
0	-55.06250000000015	0	11.615251148519583	0	41.88386549783132
0	-53.50000000000018	0	10.81342286616774	0	41.64847526931643
0	-52.00000000000018	0	10.075192129101612	0	41.32804344312377
0	-51.00000000000019	0	9.60811557442423	0	41.09747890909856
0	-50.00000000000015	0	9.132653195816676	0	40.87939599255028
0	-48.50000000000014	0	8.47571187358552	0	40.69873409637149
0	-47.062500000000135	0	7.899633973502473	0	40.49550373685393
0	-46.125000000000156	0	7.628710195974424	0	40.262015757691294
0	-44.81250000000018	0	7.215930952344736	0	40.03301747085007
0	-43.87500000000014	0	7.029808326680375	0	39.7803587840268
0	-42.500000000000156	0	6.745096862613432	0	39.46858754662917
0	-41.062500000000156	0	6.496116716181988	0	39.06201839937071
0	-39.68750000000016	0	6.252284793747608	0	38.64164008668485
0	-38.750000000000135	0	6.168920988316806	0	38.31904021415329
0	-37.87500000000016	0	6.187862915164275	0	37.954582898863784
0	-36.625000000000135	0	6.1252068729142515	0	37.50051702626878
0	-34.62500000000016	0	6.225522330639794	0	36.627075406039644
0	-33.500000000000156	0	6.239109844077763	0	36.10340307578737
0	-32.437500000000156	0	6.078390824220036	0	35.77342520799097
0	-31.81250000000017	0	6.053309952442374	0	35.50151081878551
0	-31.250000000000142	0	6.083507748302865	0	35.18251719989961
0	-30.43750000000013	0	6.062160661665601	0	34.78538019270051
0	-29.750000000000185	0	5.982795277356105	0	34.49835427228587
0	-29.37500000000013	0	6.000179450989638	0	34.278523464452284
0	-28.93750000000017	0	5.952077767660777	0	34.06637232529892
0	-28.687500000000135	0	5.9698036735707305	0	33.795865853632115
0	-28.18750000000017	0	5.848695713787071	0	33.469050535491974
0	-27.937500000000185	0	5.808139870686197	0	33.17741206971108
0	-27.500000000000124	0	5.690312587312163	0	32.743819161311286
0	-27.12500000000017	0	5.601267354012493	0	32.2797683454579
0	-26.562500000000142	0	5.455001098105093	0	31.701317252337187
0	-25.812500000000135	0	5.271667740782812	0	30.86015569207977
0	-25.31250000000017	0	5.176588145619931	0	30.164860775393404
0	-24.37500000000019	0	4.904416220311376	0	29.385091201145425
0	-23.75000000000015	0	4.852953761753295	0	28.533639017524788
0	-21.750000000000174	0	4.448184075460305	0	26.31403830131251
0	-20.187500000000156	0	4.071941239458528	0	24.697989416486855
0	-19.437500000000153	0	3.9214896426742625	0	23.670243635290554
0	-18.062500000000163	0	3.527401316097657	0	22.43990496649283
0	-17.06250000000012	0	3.30062818545568	0	21.404570572941182
0	-16.437500000000185	0	3.239206230935777	0	20.69597891794965
0	-15.437500000000147	0	3.083420837869231	0	19.750036409809923
0	-15.000000000000135	0	3.042470002997546	0	19.28555403581583
0	-14.625000000000185	0	2.9992050275319846	0	19.016367094975905
0	-14.437500000000156	0	2.9754762901383587	0	18.980236972511648
0	-14.500000000000115	0	3.0335379212514857	0	19.136482163438647
0	-14.562500000000174	0	3.0766787808235905	0	19.24143004245267
0	-14.562500000000174	0	3.0813071556420755	0	19.259246442842038
0	-14.437500000000156	0	3.059957773541775	0	19.228346399543167
0	-14.437500000000156	0	3.0676536096783527	0	19.24347231062348
0	-14.437500000000156	0	3.0704073063655457	0	19.254168183940852
0	-14.437500000000156	0	3.071731002470566	0	19.251926588940087
0	-14.437500000000156	0	3.0692236462769746	0	19.212655234537852
0	-14.312500000000139	0	3.0265269034474	0	19.13587970278213
0	-14.312500000000139	0	3.016970659629047	0	19.09842320855824
0	-14.312500000000139	0	3.009689711957924	0	19.069884927244814
0	-14.312500000000139	0	3.0083245342695855	0	19.064533999498533
0	-14.375000000000151	0	3.0297960888003894	0	19.078174456244763
0	-14.375000000000151	0	3.030710098021496	0	19.081740746501534
0	-14.375000000000151	0	3.0360595334066525	0	19.080369732669876
0	-14.375000000000151	0	3.0462565262525803	0	19.068254974754083
0	-14.312500000000139	0	3.031699566107102	0	19.030033945822534
0	-14.312500000000139	0	3.0386877590926997	0	18.997855190673544
0	-14.312500000000139	0	3.052737333735265	0	18.948676939491154
0	-14.250000000000133	0	3.053189784801655	0	18.872452968822277
0	-14.187500000000174	0	3.0577497045089572	0	18.797110845942647
0	-14.125000000000165	0	3.0685440761439646	0	18.69365127227467
0	-14.000000000000147	0	3.0564722465798266	0	18.563582241388566
0	-13.937500000000139	0	3.0586646972859386	0	18.43961796343902
0	-13.87500000000018	0	3.0565391282309284	0	18.29779517080289
0	-13.687500000000155	0	3.013594180370074	0	18.03880825968177
0	-13.437500000000119	0	2.9637134377768657	0	17.737900082320024
0	-13.00000000000016	0	2.9254857214675383	0	17.04871379535183
0	-12.500000000000139	0	2.8410400830763067	0	16.546007303172768
0	-12.250000000000153	0	2.8333816091058006	0	16.17792755365236
0	-11.875000000000153	0	2.8078641464763963	0	15.700954114354154
0	-11.562500000000158	0	2.770991310789257	0	15.324527951777267
0	-11.312500000000174	0	2.7648531100738665	0	14.979799135270623
0	-10.875000000000112	0	2.7309451933749327	0	14.558019177889541
0	-10.625000000000126	0	2.8184723948814296	0	14.153371491842794
0	-10.312500000000185	0	2.879479408126857	0	13.784238020396911
0	-9.625000000000139	0	2.9816258077714415	0	13.096192258563631
0	-9.000000000000153	0	3.000810197734072	0	12.631543643368325
0	-8.562500000000192	0	3.1177330895477477	0	12.194179482455878
0	-8.062500000000123	0	3.2198161835245545	0	11.699028981341499
0	-7.562500000000153	0	3.3449113103565855	0	11.155890029170678
0	-6.812500000000149	0	3.393775882473478	0	10.520159976764438
0	-6.312500000000129	0	3.498180501146674	0	9.972365105102323
0	-5.81250000000016	0	3.6137288505808103	0	9.432254039174499
0	-4.87500000000018	0	3.8201325043207985	0	8.469151114151094
0	-4.187500000000185	0	3.948382647560264	0	7.779234108320074
0	-3.312500000000163	0	4.0520144415891775	0	6.941975872182645
0	-2.6875000000001257	0	4.193171369052405	0	6.254152449852851
0	-2.125000000000148	0	4.2532998520351	0	5.733179069499343
0	-1.7500000000001457	0	4.353471667465259	0	5.279979446778236
0	-1.06250000000015	0	4.421977130993871	0	4.601395231808008
0	-0.8750000000001745	0	4.4777460033992815	0	4.32583250703073
0	-0.7500000000001569	0	4.532854112319602	0	4.103928317291187
0	-0.6250000000001902	0	4.5795801992898095	0	3.9043320271384134
0	-0.5625000000001813	0	4.6281774662084585	0	3.732518450330948
0	-0.5000000000001724	0	4.697109502295917	0	3.5513779503280167
0	-0.37500000000015477	0	4.7577920010804755	0	3.3703097804451323
0	-0.2500000000001371	0	4.83740548767376	0	3.2040197660857848
0	-0.12500000000017034	0	4.846121544941861	0	3.1190529098687807
0	-1.526666247102488E-13	0	4.816535303851909	0	3.072761219204309
0	-1.526666247102488E-13	0	4.805490642179132	0	3.0985320964407768
0	-1.526666247102488E-13	0	4.763152772433488	0	3.150073850913741
0	-0.12500000000017034	0	4.753655244741657	0	3.253450050070309
0	-0.1875000000001283	0	4.75460995992135	0	3.3161698823417263
0	-0.1875000000001283	0	4.752937862528542	0	3.367717384747015
0	-0.1875000000001283	0	4.752949910363974	0	3.371398918924701
0	-0.1875000000001283	0	4.752949910363974	0	3.371398918924701
0	-0.1875000000001283	0	4.752949910363974	0	3.371398918924701
0	-0.1875000000001283	0	4.752949910363974	0	3.371398918924701
0	-0.1875000000001283	0	4.754778629617386	0	3.3677113608292997
0	-0.1875000000001283	0	4.758454139877356	0	3.3658585459050325
0	-0.1875000000001283	0	4.763976441143878	0	3.3658404741518857
0	-0.1875000000001283	0	4.778666434348321	0	3.3547476802771037
0	-0.1875000000001283	0	4.791449397369043	0	3.3234124723427865
0	-0.1875000000001283	0	4.804196216883478	0	3.2810326618754257
0	-0.12500000000017034	0	4.808413984007021	0	3.1851667051085295
0	-0.0625000000001615	0	4.801733834459377	0	3.102202823723381
0	-0.0625000000001615	0	4.809046738466562	0	3.05617539556331
0	-0.0625000000001615	0	4.823752865511243	0	3.0377515732544333
0	-1.526666247102488E-13	0	4.8246548376295735	0	3.0136851763894845
0	-0.0625000000001615	0	4.858654873921593	0	3.0321921782922128
0	-0.0625000000001615	0	4.860497657747634	0	3.0340309461667454
0	-0.0625000000001615	0	4.860497657747634	0	3.0340309461667454
0	-0.0625000000001615	0	4.8604755700143	0	3.013782411813639
0	-0.0625000000001615	0	4.88806311205944	0	2.9916629819738927
0	-0.0625000000001615	0	4.906454806756195	0	2.9769166954140664
0	-0.0625000000001615	0	4.915648646128815	0	2.96770277628387
0	-0.0625000000001615	0	4.928516005298971	0	2.9511217378010266
0	-0.0625000000001615	0	4.948740443942979	0	2.929010339864311
0	-0.0625000000001615	0	4.976321962060839	0	2.9013685824737223
0	-0.0625000000001615	0	5.0131053514543575	0	2.87187600935407
0	-1.526666247102488E-13	0	5.041566770415991	0	2.8238795691475045
0	-1.526666247102488E-13	0	5.096790078779876	0	2.7981086919110223
0	0.06249999999984733	0	5.147391139019893	0	2.748326646704797
0	0.06249999999984733	0	5.180549200034058	0	2.726273480065051
0	0.06249999999984733	0	5.211886564955515	0	2.685810546946732
0	0.06249999999984733	0	5.234005994795261	0	2.6582230049015987
0	0.06249999999984733	0	5.250589041253855	0	2.643514869881167
0	-1.526666247102488E-13	0	5.286445789801593	0	2.6454919959692167
0	-0.0625000000001615	0	5.309417234797982	0	2.6492848389242405
0	-0.0625000000001615	0	5.311249978745234	0	2.641919727547351
0	-0.12500000000017034	0	5.328703229729439	0	2.6530626659206695
0	-0.12500000000017034	0	5.328683149983809	0	2.6438588030969696
0	-0.12500000000017034	0	5.347034652343446	0	2.61804782769936
0	-0.12500000000017034	0	5.426023218713106	0	2.5424034667326003
0	-0.12500000000017034	0	5.532531006723977	0	2.424361097539922
0	-0.12500000000017034	0	5.593119879344489	0	2.3524384411939043
0	-0.12500000000017034	0	5.666570064223429	0	2.269443037815571
0	-0.12500000000017034	0	5.741889133310991	0	2.19932902644128
0	-0.12500000000017034	0	5.809881255681721	0	2.145798031946158
0	-0.12500000000017034	0	5.876020557640339	0	2.0867487357059447
0	-0.1875000000001283	0	5.959681281369419	0	2.031387837262147
0	-0.1875000000001283	0	6.025647700681937	0	1.9391326217822977
0	-0.12500000000017034	0	6.0648642421729555	0	1.848712640249799
0	-0.12500000000017034	0	6.121843856748251	0	1.809931921967349
0	-0.12500000000017034	0	6.158595052857043	0	1.7803992419489978
0	-0.12500000000017034	0	6.184309645475638	0	1.7545722027548705
0	-0.0625000000001615	0	6.181491765160027	0	1.726827318083452
0	-0.0625000000001615	0	6.201726243682823	0	1.713919799398144
0	-1.526666247102488E-13	0	6.20630173779383	0	1.6861718574037265
0	-1.526666247102488E-13	0	6.2283910611393845	0	1.6788087496218846
0	-1.526666247102488E-13	0	6.250480384484939	0	1.6714456418400285
0	-1.526666247102488E-13	0	6.2615250461577086	0	1.6677640879491005
0	-1.526666247102488E-13	0	6.283614369503263	0	1.6456747646035463
0	-1.526666247102488E-13	0	6.316748354521594	0	1.6272669951489203
0	-1.526666247102488E-13	0	6.351723116485389	0	1.5941330101305962
0	-1.526666247102488E-13	0	6.394060986231033	0	1.5389097017667037
0	-1.526666247102488E-13	0	6.4308765251402855	0	1.4892087242392105
0	-1.526666247102488E-13	0	6.476895948776858	0	1.4321446389298609
0	0.06249999999984733	0	6.5072263869304425	0	1.3620919716372097
0	0.06249999999984733	0	6.556977534281989	0	1.3161267907256244
0	0.06249999999984733	0	6.604883889831744	0	1.2738411535388334
0	0.06249999999984733	0	6.641733542425256	0	1.2425881235991951
0	0.06249999999984733	0	6.696992961497348	0	1.2095143975668567
0	0.12499999999984733	0	6.731081342325869	0	1.1579106586743357
0	0.12499999999984733	0	6.775340202862151	0	1.121191590158558
0	0.18749999999984734	0	6.803962553078773	0	1.0696069948626092
0	0.24999999999984734	0	6.8363266911139675	0	1.0162289435852345
0	0.31249999999984734	0	6.885297710644711	0	0.9684988876019971
0	0.37499999999984734	0	6.943484294643583	0	0.9300863150685726
0	0.43749999999984734	0	7.003533389252092	0	0.8954327919217957
0	0.49999999999984734	0	7.076625674945742	0	0.8425498628268812
0	0.6874999999998472	0	7.177657715176907	0	0.7310600637276776
0	0.9374999999998472	0	7.311117588658856	0	0.6277641856387406
0	1.0624999999998472	0	7.400393115309539	0	0.5683916527290948
0	1.1249999999998472	0	7.4442898904416	0	0.5341358731311088
0	1.1874999999998475	0	7.4492687903803905	0	0.5156910167543005
0	1.1874999999998475	0	7.451109171979622	0	0.515729165569935
0	1.1874999999998475	0	7.451109171979622	0	0.515729165569935
0	1.1874999999998475	0	7.4492687903803905	0	0.5156910167543005
0	1.1874999999998475	0	7.445588027181913	0	0.5156147191230314
0	1.1874999999998475	0	7.445588027181913	0	0.5156147191230314
0	1.1874999999998475	0	7.445588027181913	0	0.5156147191230314
0	1.1874999999998475	0	7.445588027181913	0	0.5156147191230314
0	1.1874999999998475	0	7.445626175997547	0	0.5137743375237994
0	1.1874999999998475	0	7.445702473628816	0	0.5100935743253214
0	1.1874999999998475	0	7.445778771260085	0	0.5064128111268434
0	1.1874999999998475	0	7.445816920075719	0	0.5045724295276115
0	1.1874999999998475	0	7.445816920075719	0	0.5045724295276115
0	1.1874999999998475	0	7.445816920075719	0	0.5045724295276115
0	1.1874999999998475	0	7.445855068891354	0	0.5027320479283796
0	1.1874999999998475	0	7.446045812969526	0	0.4935301399321916
0	1.1874999999998475	0	7.446122110600795	0	0.48984937673371354
0	1.1874999999998475	0	7.446122110600795	0	0.48984937673371354
0	1.1874999999998475	0	7.445778771260084	0	0.5064128111268433
0	1.1874999999998475	0	7.439799840674753	0	0.5283829438707937
0	1.1874999999998475	0	7.422664174047098	0	0.5556453285186468
0	1.1874999999998475	0	7.4035736793733	0	0.5883907091485895
0	1.1249999999998472	0	7.406932988110985	0	0.6438268810985207
0	1.1249999999998472	0	7.397152617545082	0	0.6730929287473257
0	1.0624999999998472	0	7.413684511779134	0	0.717722049150722
0	1.0624999999998472	0	7.415320170396936	0	0.7287989454721303
0	1.1249999999998472	0	7.403554518159635	0	0.7192258806281245
0	1.1249999999998472	0	7.40333767066902	0	0.7302684133372347
0	1.1249999999998472	0	7.403301529420585	0	0.7321088354554292
0	1.1249999999998472	0	7.403301529420585	0	0.7321088354554292
0	1.1249999999998472	0	7.403301529420585	0	0.7321088354554292
0	1.1249999999998472	0	7.403301529420585	0	0.7321088354554292
0	1.1249999999998472	0	7.403301529420585	0	0.7321088354554292
0	1.1249999999998472	0	7.403301529420585	0	0.7321088354554292
0	1.1249999999998472	0	7.403301529420585	0	0.7321088354554292
0	1.1249999999998472	0	7.403301529420585	0	0.7321088354554292
0	1.1249999999998472	0	7.403301529420585	0	0.7321088354554292
0	1.1249999999998472	0	7.403301529420585	0	0.7321088354554292
0	1.1249999999998472	0	7.403301529420585	0	0.7321088354554292
0	1.1249999999998472	0	7.403301529420585	0	0.7321088354554292
0	1.1249999999998472	0	7.403301529420585	0	0.7321088354554292
0	1.1249999999998472	0	7.403301529420585	0	0.7321088354554292
0	1.1249999999998472	0	7.403301529420585	0	0.7321088354554292
0	1.1249999999998472	0	7.403301529420585	0	0.7321088354554292
0	1.1249999999998472	0	7.403301529420585	0	0.7321088354554292
0	1.1249999999998472	0	7.403301529420585	0	0.7321088354554292
0	1.1249999999998472	0	7.403301529420585	0	0.7321088354554292
0	1.1249999999998472	0	7.403301529420585	0	0.7321088354554292
0	1.1249999999998472	0	7.403301529420585	0	0.7321088354554292
0	1.1249999999998472	0	7.403301529420585	0	0.7321088354554292
0	1.1249999999998472	0	7.403301529420585	0	0.7321088354554292
0	1.1249999999998472	0	7.403301529420585	0	0.7321088354554292
0	1.1249999999998472	0	7.403301529420585	0	0.7321088354554292
0	1.1249999999998472	0	7.403301529420585	0	0.7321088354554292
0	1.1249999999998472	0	7.403301529420585	0	0.7321088354554292
0	1.1249999999998472	0	7.403301529420585	0	0.7321088354554292
0	1.1249999999998472	0	7.403301529420585	0	0.7321088354554292
0	1.1249999999998472	0	7.403301529420585	0	0.7321088354554292
0	1.1249999999998472	0	7.403301529420585	0	0.7321088354554292
0	1.1249999999998472	0	7.403301529420585	0	0.7321088354554292
0	1.1249999999998472	0	7.403301529420585	0	0.7321088354554292
0	1.1249999999998472	0	7.403301529420585	0	0.7321088354554292
0	1.1249999999998472	0	7.403301529420585	0	0.7321088354554292
0	1.1249999999998472	0	7.403301529420585	0	0.7321088354554292
0	1.1249999999998472	0	7.403301529420585	0	0.7321088354554292
0	1.1249999999998472	0	7.403301529420585	0	0.7321088354554292
0	1.1249999999998472	0	7.403301529420585	0	0.7321088354554292
0	1.1249999999998472	0	7.403301529420585	0	0.7321088354554292
0	1.1249999999998472	0	7.403301529420585	0	0.7321088354554292
0	1.1249999999998472	0	7.403301529420585	0	0.7321088354554292
0	1.1249999999998472	0	7.403301529420585	0	0.7321088354554292
0	1.1249999999998472	0	7.403301529420585	0	0.7321088354554292
0	1.1249999999998472	0	7.403301529420585	0	0.7321088354554292
0	1.1249999999998472	0	7.403301529420585	0	0.7321088354554292
0	1.1249999999998472	0	7.403301529420585	0	0.7321088354554292
0	1.1249999999998472	0	7.403301529420585	0	0.7321088354554292
0	1.1249999999998472	0	7.403301529420585	0	0.7321088354554292
0	1.1249999999998472	0	7.403301529420585	0	0.7321088354554292
0	1.1249999999998472	0	7.403301529420585	0	0.7321088354554292
0	1.1249999999998472	0	7.403301529420585	0	0.7321088354554292
0	1.1249999999998472	0	7.403301529420585	0	0.7321088354554292
0	1.1249999999998472	0	7.403301529420585	0	0.7321088354554292
0	1.1249999999998472	0	7.403301529420585	0	0.7321088354554292
0	1.1249999999998472	0	7.403301529420585	0	0.7321088354554292
0	1.1249999999998472	0	7.403301529420585	0	0.7321088354554292
0	1.1249999999998472	0	7.40333767066902	0	0.7302684133372347
0	1.1249999999998472	0	7.40333767066902	0	0.7302684133372347
0	1.1249999999998472	0	7.403193105675277	0	0.7376301018099842
0	1.1249999999998472	0	7.403120823178406	0	0.741310946046359
0	1.1249999999998472	0	7.403120823178406	0	0.741310946046359
0	1.1249999999998472	0	7.403120823178406	0	0.741310946046359
0	1.1249999999998472	0	7.403120823178406	0	0.741310946046359
0	1.1249999999998472	0	7.403120823178406	0	0.741310946046359
0	1.1249999999998472	0	7.403120823178406	0	0.741310946046359
0	1.1249999999998472	0	7.403120823178406	0	0.741310946046359
0	1.1249999999998472	0	7.403120823178406	0	0.741310946046359
0	1.1249999999998472	0	7.403120823178406	0	0.741310946046359
0	1.1249999999998472	0	7.403120823178406	0	0.741310946046359
0	1.1249999999998472	0	7.403120823178406	0	0.741310946046359
0	1.1249999999998472	0	7.403120823178406	0	0.741310946046359
0	1.1249999999998472	0	7.403120823178406	0	0.741310946046359
0	1.1249999999998472	0	7.403120823178406	0	0.741310946046359
0	1.1249999999998472	0	7.403120823178406	0	0.741310946046359
0	1.1249999999998472	0	7.403120823178406	0	0.741310946046359
0	1.1249999999998472	0	7.403120823178406	0	0.741310946046359
0	1.1249999999998472	0	7.403120823178406	0	0.741310946046359
0	1.1249999999998472	0	7.403120823178406	0	0.741310946046359
0	1.1249999999998472	0	7.403120823178406	0	0.741310946046359
0	1.1249999999998472	0	7.403120823178406	0	0.741310946046359
0	1.1249999999998472	0	7.403120823178406	0	0.741310946046359
0	1.1249999999998472	0	7.403120823178406	0	0.741310946046359
0	1.1249999999998472	0	7.403120823178406	0	0.741310946046359
0	1.1249999999998472	0	7.403120823178406	0	0.741310946046359
0	1.1249999999998472	0	7.403120823178406	0	0.741310946046359
0	1.1249999999998472	0	7.403120823178406	0	0.741310946046359
0	1.1249999999998472	0	7.403120823178406	0	0.741310946046359
0	1.1249999999998472	0	7.403120823178406	0	0.741310946046359
0	1.1249999999998472	0	7.403120823178406	0	0.741310946046359
0	1.1249999999998472	0	7.403120823178406	0	0.741310946046359
0	1.1249999999998472	0	7.403120823178406	0	0.741310946046359
0	1.1249999999998472	0	7.403120823178406	0	0.741310946046359
0	1.1249999999998472	0	7.403120823178406	0	0.741310946046359
0	1.1249999999998472	0	7.403120823178406	0	0.741310946046359
0	1.1249999999998472	0	7.403120823178406	0	0.741310946046359
0	1.1249999999998472	0	7.403120823178406	0	0.741310946046359
0	1.1249999999998472	0	7.403120823178406	0	0.741310946046359
0	1.1249999999998472	0	7.403120823178406	0	0.741310946046359
0	1.1249999999998472	0	7.403120823178406	0	0.741310946046359
0	1.1249999999998472	0	7.403120823178406	0	0.741310946046359
0	1.1249999999998472	0	7.403120823178406	0	0.741310946046359
0	1.1249999999998472	0	7.403120823178406	0	0.741310946046359
0	1.1249999999998472	0	7.403120823178406	0	0.741310946046359
0	1.1249999999998472	0	7.403120823178406	0	0.741310946046359
0	1.1249999999998472	0	7.403120823178406	0	0.741310946046359
0	1.1249999999998472	0	7.403120823178406	0	0.741310946046359
0	1.1249999999998472	0	7.403120823178406	0	0.741310946046359
0	1.1249999999998472	0	7.403120823178406	0	0.741310946046359
0	1.1249999999998472	0	7.403120823178406	0	0.741310946046359
0	1.1249999999998472	0	7.403120823178406	0	0.741310946046359
0	1.1249999999998472	0	7.403120823178406	0	0.741310946046359
0	1.1249999999998472	0	7.403120823178406	0	0.741310946046359
0	1.1249999999998472	0	7.403120823178406	0	0.741310946046359
0	1.1249999999998472	0	7.403120823178406	0	0.741310946046359
0	1.1249999999998472	0	7.403120823178406	0	0.741310946046359
0	1.1249999999998472	0	7.403120823178406	0	0.741310946046359
0	1.1249999999998472	0	7.403120823178406	0	0.741310946046359
0	1.1249999999998472	0	7.403120823178406	0	0.741310946046359
0	1.1249999999998472	0	7.403120823178406	0	0.741310946046359
0	1.1249999999998472	0	7.403120823178406	0	0.741310946046359
0	1.1249999999998472	0	7.403120823178406	0	0.741310946046359
0	1.1249999999998472	0	7.403120823178406	0	0.741310946046359
0	1.1249999999998472	0	7.403120823178406	0	0.741310946046359
0	1.1249999999998472	0	7.403120823178406	0	0.741310946046359
0	1.1249999999998472	0	7.403120823178406	0	0.741310946046359
0	1.1249999999998472	0	7.403120823178406	0	0.741310946046359
0	1.1249999999998472	0	7.403120823178406	0	0.741310946046359
0	1.1249999999998472	0	7.403120823178406	0	0.741310946046359
0	1.1249999999998472	0	7.403120823178406	0	0.741310946046359
0	1.1249999999998472	0	7.403120823178406	0	0.741310946046359
0	1.1249999999998472	0	7.403120823178406	0	0.741310946046359
0	1.1249999999998472	0	7.403120823178406	0	0.741310946046359
0	1.1249999999998472	0	7.403120823178406	0	0.741310946046359
0	1.1249999999998472	0	7.403120823178406	0	0.741310946046359
0	1.1249999999998472	0	7.403120823178406	0	0.741310946046359
0	1.1249999999998472	0	7.403120823178406	0	0.741310946046359
0	1.1249999999998472	0	7.403120823178406	0	0.741310946046359
0	1.1249999999998472	0	7.403120823178406	0	0.741310946046359
0	1.1249999999998472	0	7.403120823178406	0	0.741310946046359
0	1.1249999999998472	0	7.403120823178406	0	0.741310946046359
0	1.1249999999998472	0	7.403120823178406	0	0.741310946046359
0	1.1249999999998472	0	7.403120823178406	0	0.741310946046359
0	1.1249999999998472	0	7.403120823178406	0	0.741310946046359
0	1.1249999999998472	0	7.403120823178406	0	0.741310946046359
0	1.1249999999998472	0	7.403120823178406	0	0.741310946046359
0	1.1249999999998472	0	7.403120823178406	0	0.741310946046359
0	1.1249999999998472	0	7.403120823178406	0	0.741310946046359
0	1.1249999999998472	0	7.403120823178406	0	0.741310946046359
0	1.1249999999998472	0	7.403120823178406	0	0.741310946046359
0	1.1249999999998472	0	7.403120823178406	0	0.741310946046359
0	1.1249999999998472	0	7.403120823178406	0	0.741310946046359
0	1.1249999999998472	0	7.403120823178406	0	0.741310946046359
0	1.1249999999998472	0	7.403120823178406	0	0.741310946046359
0	1.1249999999998472	0	7.403120823178406	0	0.741310946046359
0	1.1249999999998472	0	7.403120823178406	0	0.741310946046359
0	1.1249999999998472	0	7.403120823178406	0	0.741310946046359
0	1.1249999999998472	0	7.403120823178406	0	0.741310946046359
0	1.1249999999998472	0	7.403120823178406	0	0.741310946046359
0	1.1249999999998472	0	7.403120823178406	0	0.741310946046359
0	1.1249999999998472	0	7.403120823178406	0	0.741310946046359
0	1.1249999999998472	0	7.403120823178406	0	0.741310946046359
0	1.1249999999998472	0	7.403120823178406	0	0.741310946046359
0	1.1249999999998472	0	7.403120823178406	0	0.741310946046359
0	1.1249999999998472	0	7.403120823178406	0	0.741310946046359
0	1.1249999999998472	0	7.403120823178406	0	0.741310946046359
0	1.1249999999998472	0	7.403120823178406	0	0.741310946046359
0	1.1249999999998472	0	7.403120823178406	0	0.741310946046359
0	1.1249999999998472	0	7.403120823178406	0	0.741310946046359
0	1.1249999999998472	0	7.403120823178406	0	0.741310946046359
0	1.1249999999998472	0	7.403120823178406	0	0.741310946046359
0	1.1249999999998472	0	7.403120823178406	0	0.741310946046359
0	1.1249999999998472	0	7.403120823178406	0	0.741310946046359
0	1.1249999999998472	0	7.403120823178406	0	0.741310946046359
0	1.1249999999998472	0	7.403120823178406	0	0.741310946046359
0	1.1249999999998472	0	7.403120823178406	0	0.741310946046359
0	1.1249999999998472	0	7.403120823178406	0	0.741310946046359
0	1.1249999999998472	0	7.403120823178406	0	0.741310946046359
0	1.1249999999998472	0	7.403120823178406	0	0.741310946046359
0	1.1249999999998472	0	7.403120823178406	0	0.741310946046359
0	1.1249999999998472	0	7.403120823178406	0	0.741310946046359
0	1.1249999999998472	0	7.403120823178406	0	0.741310946046359
0	1.1249999999998472	0	7.403120823178406	0	0.741310946046359
0	1.1249999999998472	0	7.403120823178406	0	0.741310946046359
0	1.1249999999998472	0	7.403120823178406	0	0.741310946046359
0	1.1249999999998472	0	7.403120823178406	0	0.741310946046359
0	1.1249999999998472	0	7.403120823178406	0	0.741310946046359
0	1.1249999999998472	0	7.403120823178406	0	0.741310946046359
0	1.1249999999998472	0	7.403120823178406	0	0.741310946046359
0	1.1249999999998472	0	7.403120823178406	0	0.741310946046359
0	1.1249999999998472	0	7.403120823178406	0	0.741310946046359
0	1.1249999999998472	0	7.403120823178406	0	0.741310946046359
0	1.1249999999998472	0	7.403120823178406	0	0.741310946046359
0	1.1249999999998472	0	7.403120823178406	0	0.741310946046359
0	1.1249999999998472	0	7.403120823178406	0	0.741310946046359
0	1.1249999999998472	0	7.403120823178406	0	0.741310946046359
0	1.1249999999998472	0	7.403120823178406	0	0.741310946046359
0	1.1249999999998472	0	7.403120823178406	0	0.741310946046359
0	1.1249999999998472	0	7.403120823178406	0	0.741310946046359
0	1.1249999999998472	0	7.403120823178406	0	0.741310946046359
0	1.1249999999998472	0	7.403120823178406	0	0.741310946046359
0	1.1249999999998472	0	7.403120823178406	0	0.741310946046359
0	1.1249999999998472	0	7.4030123994330985	0	0.7468322124009141
0	1.1249999999998472	0	7.402940116936227	0	0.750513056637289
0	1.1249999999998472	0	7.40109969481804	0	0.7504769153888531
0	1.1249999999998472	0	7.401135836066476	0	0.7486364932706728
0	1.1249999999998472	0	7.401135836066476	0	0.7486364932706728
0	1.1249999999998472	0	7.401135836066476	0	0.7486364932706728
0	1.1249999999998472	0	7.401135836066476	0	0.7486364932706728