0	0.0	0	0.0	0	0.0
0	0.0	0	0.0	0	0.0
0	0.0	0	0.0	0	0.0
0	0.0	0	0.0	0	0.0
0	0.0	0	0.0	0	0.0
0	0.0	0	0.0	0	0.0
0	0.0	0	0.0	0	0.0
0	0.0	0	0.0	0	0.0
0	0.0	0	0.0	0	0.0
0	0.0	0	0.0	0	0.0
0	0.0	0	0.0	0	0.0
0	0.0	0	0.0	0	0.0
0	0.0	0	0.0	0	0.0
0	0.0	0	0.0	0	0.0
0	0.0	0	0.0	0	0.0
0	0.0	0	0.0	0	0.0
0	0.0	0	0.0	0	0.0
0	0.0	0	0.0	0	0.0
0	0.0	0	0.0	0	0.0
0	0.0	0	0.0	0	0.0
0	0.0	0	0.0	0	0.0
0	0.0	0	0.0	0	0.0
0	0.0	0	0.0	0	0.0
0	0.0	0	0.0	0	0.0
0	0.0	0	0.0	0	0.0
0	0.0	0	0.0	0	0.0
0	0.0	0	0.0	0	0.0
0	0.0	0	0.0	0	0.0
0	0.0	0	0.0	0	0.0
0	0.0	0	0.0	0	0.0
0	0.0	0	0.0	0	0.0
0	0.0	0	0.0	0	0.0
0	0.0	0	0.0	0	0.0
0	0.0	0	0.0	0	0.0
0	0.0	0	0.0	0	0.0
0	0.0	0	0.0	0	0.0
0	0.0	0	0.0	0	0.0
0	0.0	0	0.0	0	0.0
0	0.0	0	0.0	0	0.0
0	0.0	0	0.0	0	0.0
0	0.0	0	0.0	0	0.0
0	0.0	0	-0.0018407769454627694	0	0.0
0	0.0	0	-0.0018407769454627694	0	0.0
0	0.0	0	-0.003681553890925539	0	0.0
0	0.0	0	-0.003681553890925539	0	0.0
0	0.0	0	-0.005522330836388308	0	0.0
0	0.0	0	-0.011044661672776616	0	0.0
0	0.0	0	-0.018407769454627694	0	0.003681553890925539
0	0.0	0	-0.023930100291016002	0	0.005522330836388308
0	0.0	0	-0.02945243112740431	0	0.007363107781851078
0	0.0	0	-0.04049709280018093	0	0.012885438618239386
0	0.0	0	-0.04970097752749478	0	0.018407769454627694
0	0.0	0	-0.05154175447295754	0	0.020248546400090463
0	0.0	0	-0.05338253141842031	0	0.020248546400090463
0	0.0	0	-0.05338253141842031	0	0.020248546400090463
0	0.0	0	-0.05338253141842031	0	0.020248546400090463
0	0.0	0	-0.05338253141842031	0	0.0423378697456437
0	-0.0625	0	-0.03596152563348194	0	0.07190759853187871
0	-0.0625	0	-0.03595951765772434	0	0.07374837438216049
0	-0.0625	0	-0.03595951765772434	0	0.07374837438216049
0	-0.0625	0	-0.035949477778936326	0	0.08295225363356938
0	-0.0625	0	-0.03962098960071188	0	0.09216014883649347
0	-0.0625	0	-0.04695999729274777	0	0.1142574909429052
0	-0.0625	0	-0.050613437332704896	0	0.14003236879836528
0	-0.0625	0	-0.05610966119870141	0	0.16396847877930118
0	-0.12500000000000883	0	-0.0460195004734569	0	0.2082614659674582
0	-0.12500000000000883	0	-0.04969301370468533	0	0.2119510429951902
0	-0.12500000000000883	0	-0.05153378626942543	0	0.21195505894431607
0	-0.12500000000000883	0	-0.05153378626942543	0	0.21195505894431607
0	-0.12500000000000883	0	-0.05337455883416553	0	0.21195907489344196
0	-0.12500000000000883	0	-0.05337455883416553	0	0.21195907489344196
0	-0.12500000000000883	0	-0.05337455883416553	0	0.21195907489344196
0	-0.12500000000000883	0	-0.05520729950065385	0	0.21564463597204808
0	-0.12500000000000883	0	-0.057040040167142175	0	0.21933019705065418
0	-0.12500000000000883	0	-0.06254227811573304	0	0.22854610772173237
0	-0.12500000000000883	0	-0.06253424621748126	0	0.23222765285121258
0	-0.12500000000000883	0	-0.06436698688396959	0	0.2359132139298187
0	-0.12500000000000883	0	-0.0662037434995838	0	0.23775800244368467
0	-0.12500000000000883	0	-0.069885288629064	0	0.23776603434193644
0	-0.12500000000000883	0	-0.069885288629064	0	0.23776603434193644
0	-0.12500000000000883	0	-0.06988127267993811	0	0.23960680690667654
0	-0.12500000000000883	0	-0.06988127267993811	0	0.23960680690667654
0	-0.12500000000000883	0	-0.07356281780941833	0	0.23961483880492832
0	-0.12500000000000883	0	-0.07540359037415843	0	0.2396188547540542
0	-0.12500000000000883	0	-0.07724436293889854	0	0.23962287070318009
0	-0.12500000000000883	0	-0.07724436293889854	0	0.23962287070318009
0	-0.12500000000000883	0	-0.07724436293889854	0	0.23962287070318009
0	-0.12500000000000883	0	-0.07724436293889854	0	0.23962287070318009
0	-0.12500000000000883	0	-0.08092590806837875	0	0.23963090260143186
0	-0.12500000000000883	0	-0.08644019386434727	0	0.24332449557828972
0	-0.12500000000000883	0	-0.09011772304470159	0	0.24517330004128163
0	-0.12500000000000883	0	-0.0919584956094417	0	0.2451773159904075
0	-0.12500000000000883	0	-0.09932158586840213	0	0.24519337978691108
0	-0.12500000000000883	0	-0.12136266525577269	0	0.267330841953303
0	-0.12500000000000883	0	-0.13053841643559197	0	0.28023632965211315
0	-0.12500000000000883	0	-0.14523246936050568	0	0.29499463776304113
0	-0.12500000000000883	0	-0.16911833726174225	0	0.3152953433138188
0	-0.12500000000000883	0	-0.20217594039367226	0	0.3503423091281468
0	-0.12500000000000883	0	-0.24258056998805907	0	0.39276842899793873
0	-0.12500000000000883	0	-0.30135276573858805	0	0.4536424340063907
0	-0.12500000000000883	0	-0.35638317712274853	0	0.5421199955876924
0	-0.12500000000000883	0	-0.4757482614429171	0	0.6730758843774226
0	-0.18750000000001768	0	-0.5998351898802021	0	0.8558557733218404
0	-0.18750000000001768	0	-0.7484855302477101	0	0.9944012423199247
0	-0.12500000000000883	0	-0.9365850569254195	0	1.1198480909223971
0	-0.06249999999999999	0	-1.1359021115570858	0	1.2340571254978487
0	1.2424041724466862E-17	0	-1.337212518899095	0	1.3351632630352406
0	0.06250000000000001	0	-1.540475879961594	0	1.4342069610472903
0	0.1875	0	-1.757522134527589	0	1.521580895145069
0	0.25	0	-2.0090887498229346	0	1.6749732342961867
0	0.25	0	-2.2123433467053397	0	1.8508026321600095
0	0.125	0	-2.712253126967926	0	2.2825641959965557
0	0.06250000000000001	0	-2.945706031033916	0	2.453637842258449
0	0.1875	0	-3.170143465615884	0	2.5152168187814206
0	0.25	0	-3.390344883642883	0	2.6356117937125507
0	0.3125	0	-3.6530930521268044	0	2.7794655506183905
0	0.375	0	-3.8809275889500174	0	2.9011724027805728
0	0.4375	0	-4.10703394883234	0	3.0189632102202535
0	0.5	0	-4.327662209045142	0	3.1236703320335324
0	0.625	0	-4.569297977452087	0	3.2091233781772686
0	0.625	0	-4.786262415646731	0	3.3540274869414084
0	0.75	0	-5.072676554020501	0	3.486233260265747
0	0.8125000000000001	0	-5.3644777255890554	0	3.6439629160859583
0	0.875	0	-5.600607440384808	0	3.754361389348693
0	0.9999999999999999	0	-5.900214137800893	0	3.8648444971302203
0	1.1875	0	-6.207939182044158	0	3.957477778891477
0	1.3124999999999998	0	-6.466633535074198	0	4.012038940859873
0	1.4375	0	-6.757034856504064	0	4.079973606384625
0	1.6249999999999998	0	-7.083175962295466	0	4.138446713864826
0	1.75	0	-7.381785021411665	0	4.222973086495765
0	2.0625	0	-8.150477976974567	0	4.448784767829013
0	2.1875	0	-8.458575143945847	0	4.574900916239071
0	2.25	0	-8.760578502266567	0	4.747117996110785
0	2.375	0	-9.138574045049943	0	4.957775631526839
0	2.375	0	-9.403994696754213	0	5.138372613225548
0	2.4375	0	-9.687203327446642	0	5.286472731532813
0	2.5	0	-10.019761052459348	0	5.465281719614372
0	2.5625	0	-10.338115289702566	0	5.651742679521737
0	2.625	0	-10.707686550783663	0	5.866843433376604
0	2.625	0	-11.033663089128696	0	6.0638101068028405
0	2.6875	0	-11.473588255967178	0	6.2807445717677695
0	2.7499999999999996	0	-11.803077089027443	0	6.45459974880531
0	2.8124999999999996	0	-12.201619170788481	0	6.681845112876744
0	2.875	0	-12.641826509611253	0	6.926849608529057
0	2.9374999999999996	0	-13.011842879393157	0	7.12522299726736
0	2.9374999999999996	0	-13.358970436365915	0	7.352555936202225
0	2.9999999999999996	0	-13.788589390545889	0	7.5953390390189695
0	2.9999999999999996	0	-14.202423074650527	0	7.859362919534753
0	3.1875	0	-15.239339737037861	0	8.354284426365616
0	3.2499999999999996	0	-15.585669336420601	0	8.502261982489301
0	3.4375	0	-16.078961767488117	0	8.645562413132003
0	3.5625000000000004	0	-16.40019795168702	0	8.717505953191228
0	3.6875	0	-16.729671432943455	0	8.769781899673243
0	3.7499999999999996	0	-17.063763432180835	0	8.817847152805687
0	3.9375	0	-17.480038997784476	0	8.825686436341961
0	4.062499999999999	0	-17.89712628462495	0	8.829007360785521
0	4.125	0	-18.28928905497289	0	8.83011693411696
0	4.187499999999999	0	-18.74308968508366	0	8.815211714585203
0	4.25	0	-19.18427055160182	0	8.778597886762338
0	4.312499999999999	0	-19.60351884782674	0	8.744999724893134
0	4.187499999999999	0	-20.174038538937065	0	8.76810098138518
0	4.125	0	-20.690248169391737	0	8.771611096011469
0	3.875	0	-21.101492015270868	0	8.836548445542649
0	3.6875	0	-21.584705755791795	0	8.896199437635111
0	3.3125	0	-22.014538944692728	0	8.995668621275032
0	3.1249999999999996	0	-22.421599417553036	0	9.031002380378062
0	2.8124999999999996	0	-22.9843008850898	0	9.048270475161557
0	2.4375	0	-24.010973085232838	0	8.942748071919363
0	2.3125	0	-24.48822443170327	0	8.859269225608086
0	2.125	0	-24.92794384618822	0	8.821258605101127
0	1.8749999999999998	0	-25.714722059331237	0	8.774880565588811
0	1.6875	0	-26.12731796154063	0	8.746560502919012
0	1.5624999999999998	0	-26.502016727715247	0	8.71267367837475
0	1.4375	0	-26.89843724305067	0	8.664330427514788
0	1.3124999999999998	0	-27.267006521354798	0	8.60460395609307
0	1.25	0	-27.749234554678374	0	8.480063024125851
0	1.25	0	-28.199588697807307	0	8.361604570582251
0	1.1875	0	-28.614785781962198	0	8.279487715786253
0	1.1875	0	-29.109781372974663	0	8.177168455603036
0	1.1875	0	-29.516781986564432	0	8.093243772963419
0	1.1875	0	-29.943797904852005	0	7.997857163756396
0	1.1875	0	-30.32449909263356	0	7.8887012221463335
0	1.25	0	-30.74050112158391	0	7.745079256822817
0	1.3124999999999998	0	-31.14921395272862	0	7.612214534060539
0	1.3749999999999998	0	-31.5548239280739	0	7.512118496395693
0	1.5	0	-32.22919298032111	0	7.368972174069123
0	1.6249999999999998	0	-33.3597539059096	0	7.218770241597524
0	1.75	0	-33.95214119710036	0	7.130416842487034
0	1.8124999999999998	0	-34.4170972044965	0	7.067683007133696
0	1.8749999999999998	0	-34.8823217908256	0	7.015481531220796
0	1.9999999999999998	0	-35.622951956588025	0	6.967242707234035
0	2.0625	0	-36.14586687798264	0	6.990639759358372
0	2.0625	0	-36.713600496191944	0	7.053082645045683
0	1.9999999999999998	0	-37.2353932352422	0	7.139985669757924
0	1.8749999999999998	0	-37.71982062314306	0	7.236746486763095
0	1.75	0	-38.22294888041842	0	7.348719028109934
0	1.5624999999999998	0	-38.795214422691615	0	7.466100640174184
0	1.5	0	-39.25756618845239	0	7.502006426124446
0	1.3749999999999998	0	-39.69040007012582	0	7.5673828218712815
0	1.3124999999999998	0	-40.12300244068468	0	7.598115285958396
0	1.3124999999999998	0	-40.690782757797194	0	7.627455593837582
0	1.25	0	-41.163794631418995	0	7.655936249202119
0	1.1875	0	-41.63476611920512	0	7.677609836280595
0	1.1875	0	-42.2963786849067	0	7.708083569849499
0	1.1875	0	-43.47203918747892	0	7.667143042265885
0	1.3124999999999998	0	-44.08103209311598	0	7.549807772633236
0	1.3749999999999998	0	-44.532889179067126	0	7.459649487427946
0	1.4375	0	-44.95023202344303	0	7.3937995717597715
0	1.5	0	-45.360009690082926	0	7.3221664479202175
0	1.5	0	-45.81933252161837	0	7.212544034929912
0	1.5624999999999998	0	-46.27921521525753	0	7.08569281548365
0	1.6249999999999998	0	-46.705404929044796	0	6.942718308856806
0	1.6875	0	-47.186135854971006	0	6.779251835977722
0	1.8124999999999998	0	-47.635284611022946	0	6.573231031649317
0	1.9375	0	-48.219688789396244	0	6.34690557941982
0	1.9999999999999998	0	-48.683445926037166	0	6.196116081121349
0	1.9999999999999998	0	-49.08140722043479	0	6.0938078154264
0	2.0625	0	-49.44868409356461	0	5.980978485211956
0	2.0625	0	-49.9746419707186	0	5.855202904592663
0	2.125	0	-50.36654433990488	0	5.765001205383694
0	2.1875	0	-50.718609237837356	0	5.696153255446988
0	2.3125	0	-51.18844325428184	0	5.599532267877268
0	2.375	0	-51.614932820732264	0	5.554071675774177
0	2.375	0	-52.50447641256466	0	5.590871945034034
0	2.3125	0	-52.830989044480425	0	5.664409783633563
0	2.25	0	-53.13389101998615	0	5.7484392184208835
0	2.125	0	-53.47471140118202	0	5.879743922792816
0	1.9999999999999998	0	-53.94773903890903	0	6.055053975506475
0	1.9375	0	-54.33081008346865	0	6.180368545841149
0	1.8749999999999998	0	-54.669396483697014	0	6.302027425241994
0	1.8124999999999998	0	-55.03831846465537	0	6.399149386012293
0	1.8124999999999998	0	-55.38729713258098	0	6.485716092479538
0	1.75	0	-55.69077931639542	0	6.612861022674764
0	1.6249999999999998	0	-56.05658981724972	0	6.814528584270945
0	1.5624999999999998	0	-56.43158348913977	0	7.008837842891027
0	1.4375	0	-56.756789804284566	0	7.231117150073239
0	1.3124999999999998	0	-57.087432835090304	0	7.468699666388917
0	1.125	0	-57.43631653788094	0	7.74394474037343
0	0.9374999999999999	0	-57.80492294693939	0	8.036561402384294
0	0.6874999999999999	0	-58.12036452027338	0	8.32601508793364
0	0.49999999999999994	0	-58.759333707211894	0	8.751596937741887
0	0.2499999999999999	0	-59.113341738725055	0	9.065361544735762
0	-0.12500000000000222	0	-60.08036841301426	0	9.780610669665327
0	-0.31249999999997785	0	-60.383585662945826	0	10.067992097727242
0	-0.5000000000000043	0	-60.678506041906225	0	10.352618461785093
0	-0.625000000000022	0	-61.083468431569536	0	10.646325237114542
0	-0.7499999999999887	0	-61.42543292547877	0	10.914325676817837
0	-0.8124999999999976	0	-61.70377021509464	0	11.117232782000178
0	-0.8750000000000063	0	-61.97478879794642	0	11.300084131333046
0	-0.9375000000000152	0	-62.216576916192125	0	11.453299644650421
0	-0.9999999999999731	0	-62.42172515357688	0	11.584049549403316
0	-1.062499999999982	0	-62.60482582733871	0	11.703570371463677
0	-1.062499999999982	0	-62.91064670829979	0	11.79209140917222
0	-0.9999999999999731	0	-63.128352735141654	0	11.814165637372469
0	-0.9375000000000152	0	-63.37150880281155	0	11.854828632700094
0	-0.8750000000000063	0	-63.561718287571466	0	11.872325196098489
0	-0.8750000000000063	0	-63.7454090795301	0	11.899063563270401
0	-0.7499999999999887	0	-63.96495762538075	0	11.868528374213815
0	-0.625000000000022	0	-64.14260967081785	0	11.803922330930057
0	-0.3124999999999778	0	-64.44820528281593	0	11.624519283088995
0	-0.12500000000000216	0	-64.67293309717066	0	11.490226351466735
0	0.4375000000000264	0	-65.23254455155427	0	11.074300097379577
0	0.6875000000000263	0	-65.46731615917848	0	10.859240943197381
0	1.0000000000000264	0	-65.72217977099733	0	10.592695860235178
0	1.4375000000000264	0	-66.06039707668629	0	10.288671166047243
0	1.6875000000000264	0	-66.34692232551593	0	10.084484645740813
0	1.9375000000000264	0	-66.65072027062594	0	9.869226528757473
0	2.3125000000000266	0	-66.98712822087305	0	9.65403173976851
0	2.5000000000000266	0	-67.29149439868809	0	9.494776581144885
0	2.812500000000026	0	-67.68076258211569	0	9.298053333119414
0	3.062500000000026	0	-68.05443241661933	0	9.128204705807196
0	3.3125000000000266	0	-68.46926343447468	0	8.946926660085547
0	3.5000000000000266	0	-68.80892456628352	0	8.839065945898579
0	3.6875000000000266	0	-69.15480543902407	0	8.748116120704308
0	3.875000000000027	0	-69.54892425036188	0	8.665661906146958
0	3.9375000000000266	0	-69.8951709819405	0	8.64353794245973
0	4.0000000000000275	0	-70.23050001622632	0	8.623643300742774
0	4.062500000000027	0	-70.58492708444511	0	8.613097383827757
0	4.062500000000027	0	-70.94768182674228	0	8.62793253531226
0	4.062500000000027	0	-71.62164865340135	0	8.659418141805311
0	4.062500000000027	0	-72.28459856959932	0	8.69168620299855
0	3.8125000000000266	0	-73.17142966011208	0	8.847130788664266
0	3.6250000000000266	0	-73.62194515979361	0	8.968397921261365
0	3.5000000000000266	0	-74.08759588566886	0	9.063752065627261
0	3.312500000000027	0	-74.55534673720743	0	9.179063064858397
0	3.1250000000000266	0	-74.97264115233533	0	9.291264204914764
0	2.9375000000000266	0	-75.42912895007294	0	9.419388643119133
0	2.625000000000027	0	-75.84686927754626	0	9.58149384612269
0	2.5000000000000266	0	-76.27609276787946	0	9.653309649970428
0	2.250000000000027	0	-76.77784283712107	0	9.775985435685751
0	2.1250000000000266	0	-77.19900021624106	0	9.845364377440783
0	2.0000000000000266	0	-77.61729835347194	0	9.89365392513535
0	1.875000000000027	0	-78.03303605264145	0	9.926360571136431
0	1.8125000000000269	0	-78.57927662003434	0	9.929470035734228
0	1.750000000000027	0	-79.03873616353182	0	9.926618483317329
0	1.687500000000027	0	-79.59008103184561	0	9.917878037240971
0	1.5625000000000269	0	-80.13782971318754	0	9.940038493948812
0	1.4375000000000269	0	-80.61219187699646	0	9.97444093656104
0	1.3750000000000266	0	-81.26604262986069	0	10.014122107494718
0	1.3125000000000269	0	-81.80505880169294	0	10.029527687141686
0	1.3125000000000269	0	-82.75691243352532	0	10.026131936532982
0	1.3125000000000269	0	-83.20389305445528	0	10.00668466038912
0	1.3125000000000269	0	-83.64074460157448	0	9.94696173548479
0	1.3750000000000266	0	-84.08032230426448	0	9.88471773228266
0	1.4375000000000269	0	-84.88469628198226	0	9.835398410410653
0	1.4375000000000269	0	-85.31902910010064	0	9.826340456876983
0	1.5000000000000269	0	-85.76684648447286	0	9.805270527869451
0	1.5000000000000269	0	-86.19012828654675	0	9.796027911748658
0	1.5625000000000269	0	-86.6632219296945	0	9.75536482158802
0	1.625000000000027	0	-87.11051042169346	0	9.714916495950803
0	1.625000000000027	0	-87.52042099218762	0	9.688555517714269
0	1.687500000000027	0	-88.00083490407242	0	9.64848365735153
0	1.687500000000027	0	-88.46429268526909	0	9.62746344824991
0	1.687500000000027	0	-88.94100976940763	0	9.618943636832547
0	1.625000000000027	0	-89.39763758615089	0	9.644797652249274
0	1.5625000000000269	0	-89.84287112876194	0	9.660411043258678
0	1.5000000000000269	0	-90.32141880726867	0	9.683002899333765
0	1.4375000000000269	0	-90.76820645891009	0	9.690340960217805
0	1.3125000000000269	0	-91.41154852072212	0	9.71269868468505
0	1.250000000000027	0	-91.86141621801164	0	9.69749529042088
0	1.0625000000000269	0	-92.79607036935082	0	9.700821679385909
0	0.937500000000027	0	-93.2159758949315	0	9.703428148987955
0	0.8750000000000269	0	-93.67888165010972	0	9.694653655685537
0	0.7500000000000269	0	-94.13022755467327	0	9.707427113990752
0	0.625000000000027	0	-94.52423083232975	0	9.705242624745116
0	0.375000000000027	0	-94.92262135962808	0	9.745517698355018
0	0.3125000000000269	0	-95.38693974908743	0	9.676852766830413
0	0.12500000000002695	0	-95.85155151162041	0	9.643114839157757
0	0.12500000000002695	0	-96.20293024213122	0	9.546627619508227
0	0.12500000000002695	0	-96.61133276265772	0	9.431608179788393
0	0.06250000000002695	0	-96.90652267323539	0	9.343065395347853
0	0.06250000000002695	0	-97.21934613709237	0	9.243322143553847
0	2.6947746500368625E-14	0	-97.52942694391962	0	9.186394547570218
0	2.6947746500368625E-14	0	-97.82579203213912	0	9.110922692806245
0	-0.062499999999973056	0	-98.11569023444216	0	9.057992840281319
0	-0.062499999999973056	0	-98.37529986860461	0	9.00305268935469
0	2.6947746500368625E-14	0	-98.79987439163223	0	8.861176848346386
0	0.06250000000002695	0	-98.99597544686937	0	8.776150993233289
0	0.2500000000000269	0	-99.41690526166174	0	8.582466747763013
0	0.375000000000027	0	-99.64488714615275	0	8.488661935099064
0	0.4375000000000269	0	-99.82763280779035	0	8.419019567825973
0	0.500000000000027	0	-100.01050720478507	0	8.380470435257891
0	0.500000000000027	0	-100.21674669049538	0	8.387874845729248
0	0.500000000000027	0	-100.40842115742475	0	8.41381483358665
0	0.4375000000000269	0	-100.64186829502434	0	8.469234210296941
0	0.375000000000027	0	-100.83664754349843	0	8.530683329060693
0	0.2500000000000269	0	-100.9772422962928	0	8.602132873399373
0	0.2500000000000269	0	-101.15221885586791	0	8.62529971737504
0	0.2500000000000269	0	-101.34011285891773	0	8.655773375887117
0	0.2500000000000269	0	-101.51324865907026	0	8.678948251741922
0	0.3125000000000269	0	-101.68528806581419	0	8.666828757815308
0	0.375000000000027	0	-101.82783022206597	0	8.647351331900142
0	0.562500000000027	0	-102.01426130699731	0	8.554911432412913
0	0.8750000000000269	0	-102.22612668698433	0	8.425813860521298
0	1.1875000000000269	0	-102.43726672968428	0	8.293721979910437
0	1.5000000000000269	0	-102.71314135164214	0	8.107210041973351
0	2.187500000000027	0	-103.22248233539446	0	7.77686692511816
0	2.4375000000000266	0	-103.43800791921514	0	7.673185460617357
0	2.625000000000027	0	-103.62780871859925	0	7.606951382535488
0	2.7500000000000266	0	-103.79943838066357	0	7.57263405523703
0	2.875000000000027	0	-103.974011502551	0	7.56359387929522
0	3.062500000000027	0	-104.17307033148785	0	7.547004151516245
0	3.1875000000000266	0	-104.34603662203982	0	7.542629394710526
0	3.2500000000000266	0	-104.52097333956982	0	7.556527787559293
0	3.4375000000000275	0	-104.7205093901881	0	7.549664475667174
0	3.5000000000000266	0	-104.85930005501582	0	7.574234889695398
0	3.5625000000000275	0	-105.02155980766825	0	7.589817080140091
0	3.7500000000000266	0	-105.21284117009347	0	7.567646471120881
0	3.875000000000027	0	-105.40043506634602	0	7.560201435464265
0	4.062500000000027	0	-105.61013288800312	0	7.50983586000422
0	4.2500000000000275	0	-105.88967074110417	0	7.457273604679095
0	4.437500000000027	0	-106.10427939027231	0	7.401437073775751
0	4.6250000000000275	0	-106.31870416600339	0	7.344898537946013
0	4.875000000000027	0	-106.61158156425137	0	7.265797133958367
0	5.125000000000027	0	-106.8835943055525	0	7.2057396129911755
0	5.375000000000027	0	-107.27538251182709	0	7.209003789373668
0	5.437500000000027	0	-107.43145925768953	0	7.247633854647138
0	5.5625000000000275	0	-107.67171348197722	0	7.30718755535945
0	5.6250000000000275	0	-107.8616371843891	0	7.388227371003648
0	5.6250000000000275	0	-108.09971758963887	0	7.533099712471481
0	5.6250000000000275	0	-108.29551120204533	0	7.661790419052562
0	5.5625000000000275	0	-108.7202802417416	0	7.960863742506002
0	5.5625000000000275	0	-108.8968985525164	0	8.084223807649261
0	5.500000000000027	0	-109.05554863068707	0	8.239218867508665
0	5.500000000000027	0	-109.21642370334786	0	8.373520907641886
0	5.437500000000027	0	-109.34634663202124	0	8.520312759903186
0	5.375000000000027	0	-109.4319088596799	0	8.630729117479692
0	5.375000000000027	0	-109.5482055700398	0	8.727023626381161
0	5.375000000000027	0	-109.64856971004555	0	8.791536872036978
0	5.375000000000027	0	-109.7575158888026	0	8.829357960120296
0	5.437500000000027	0	-109.87353408943673	0	8.834819263112104
0	5.437500000000027	0	-109.95564552471734	0	8.862136076108325
0	5.500000000000027	0	-110.04521967470583	0	8.881113376972813
0	5.500000000000027	0	-110.15901173453116	0	8.968168855632353
0	5.250000000000027	0	-110.29296494140895	0	9.17637486997468
0	5.1875000000000275	0	-110.39074454042654	0	9.243416719419239
0	5.125000000000027	0	-110.53944978180881	0	9.302294912561077
0	5.0000000000000275	0	-110.66064763005251	0	9.373268017864758
0	4.8125000000000275	0	-110.7659076347273	0	9.462720703856252
0	4.687500000000027	0	-110.8955728162025	0	9.52993373831247
0	4.375000000000027	0	-111.02071266276062	0	9.659496889138024
0	4.1250000000000275	0	-111.10279342664491	0	9.759316871868243
0	4.0000000000000275	0	-111.2268788711033	0	9.813651991909204
0	3.8125000000000266	0	-111.35900802936249	0	9.890118715310669
0	3.5625000000000275	0	-111.49338424864258	0	9.987422654357813
0	3.312500000000027	0	-111.63186679769575	0	10.097956188185732
0	2.9375000000000266	0	-111.86248026667549	0	10.313245747123563
0	2.687500000000027	0	-111.960524563234	0	10.449237283416174
0	2.375000000000027	0	-112.01940088378585	0	10.602226675875444
0	2.187500000000027	0	-112.11960176495485	0	10.71854378357151
0	2.0000000000000266	0	-112.12836296438603	0	10.81626569296116
0	1.937500000000027	0	-112.11291202430516	0	10.872179574909884
0	2.0000000000000266	0	-112.03610618835661	0	10.861831994985701
0	2.0000000000000266	0	-112.03058722157495	0	10.862024721552517
0	2.0000000000000266	0	-112.03058722157495	0	10.862024721552517
0	2.0000000000000266	0	-112.03058722157495	0	10.862024721552517
0	2.0000000000000266	0	-112.03058722157495	0	10.862024721552517
0	2.0000000000000266	0	-112.03058722157495	0	10.862024721552517
0	2.0000000000000266	0	-112.03058722157495	0	10.862024721552517
0	2.0000000000000266	0	-112.03058722157495	0	10.862024721552517
0	2.0000000000000266	0	-112.03058722157495	0	10.862024721552517
0	2.0000000000000266	0	-112.03058722157495	0	10.862024721552517
0	2.0000000000000266	0	-112.030522979386	0	10.860185065958632
0	2.0000000000000266	0	-112.03039449500812	0	10.856505754770865
0	2.0000000000000266	0	-112.03039449500812	0	10.856505754770865
0	2.0000000000000266	0	-112.03039449500812	0	10.856505754770865
0	2.0000000000000266	0	-112.03039449500812	0	10.856505754770865
0	2.0000000000000266	0	-112.02849059722531	0	10.85473034136592
0	2.0000000000000266	0	-112.02645821506462	0	10.849275616773207
0	2.0000000000000266	0	-112.02271466168791	0	10.847564445557198
0	2.0000000000000266	0	-112.0116767281246	0	10.847949898690828
0	2.0000000000000266	0	-111.97918198143874	0	10.814088559618988
0	2.0000000000000266	0	-111.92893310070345	0	10.799266198375365
0	2.0000000000000266	0	-111.8950483937463	0	10.778346690649649
0	2.0000000000000266	0	-111.8811429295661	0	10.749361896470075
0	2.0000000000000266	0	-111.86375088076494	0	10.726024553450031
0	2.0000000000000266	0	-111.83031586913035	0	10.717982634881501
0	2.0000000000000266	0	-111.79720206844043	0	10.719138994282389
0	1.937500000000027	0	-111.7417919341832	0	10.739568131152023
0	1.875000000000027	0	-111.67716059131344	0	10.760237955465776
0	1.875000000000027	0	-111.61460768471872	0	10.762285725599167
0	1.875000000000027	0	-111.5388750958643	0	10.755556138613736
0	1.937500000000027	0	-111.46138193390622	0	10.723046510992832
0	2.0000000000000266	0	-111.37281542199436	0	10.691006887757082
0	2.0625000000000266	0	-111.24496038613111	0	10.642057875843363
0	2.187500000000027	0	-111.13252537539547	0	10.587132465482425
0	2.312500000000027	0	-110.98896807590373	0	10.54107349259231
0	2.375000000000027	0	-110.7555477179661	0	10.532194656209697
0	2.4375000000000266	0	-110.56220689023206	0	10.512651734034886
0	2.4375000000000266	0	-110.36526539272523	0	10.517350268359888
0	2.375000000000027	0	-109.80087682236154	0	10.56668791163673
0	2.250000000000027	0	-109.52666644151405	0	10.656948308433996
0	2.1250000000000266	0	-109.29456855016451	0	10.745040379261729
0	1.937500000000027	0	-109.0369087324045	0	10.862831587305388
0	1.750000000000027	0	-108.80666836664012	0	10.984454290665248
0	1.4375000000000269	0	-108.48463018444244	0	11.217849701804845
0	1.125000000000027	0	-108.16891037084932	0	11.456700312917787
0	0.8750000000000269	0	-107.9012945567458	0	11.654629778711149
0	0.625000000000027	0	-107.62148452811802	0	11.836786769026787
0	0.2500000000000269	0	-107.2850500864566	0	12.061789859651306
0	-0.12499999999999956	0	-106.69429722135396	0	12.351308095947376
0	-0.43749999999999284	0	-106.30953111276531	0	12.560734709788836
0	-0.6250000000000193	0	-105.94898594891052	0	12.739454550261934
0	-0.9375000000000127	0	-105.56604782400272	0	12.952938749535233
0	-1.1249999999999882	0	-105.23558128994054	0	13.103351206573777
0	-1.3749999999999727	0	-104.89836682975644	0	13.254149022776904
0	-1.5624999999999991	0	-104.52317143132035	0	13.373223377576766
0	-1.749999999999975	0	-104.1999453410829	0	13.457678590290675
0	-2.062499999999968	0	-103.71001891605822	0	13.580698463713212
0	-2.375000000000012	0	-102.65836168518527	0	13.681458443616412
0	-2.437500000000021	0	-102.22541028769237	0	13.705541119561497
0	-2.562499999999988	0	-101.79675448352202	0	13.738222930552006
0	-2.624999999999997	0	-101.39578990123053	0	13.743931594073366
0	-2.6875000000000058	0	-100.82219534874643	0	13.69502988834102
0	-2.624999999999997	0	-100.3906369520133	0	13.60508491082868
0	-2.562499999999988	0	-99.94539125440525	0	13.491048567034968
0	-2.4999999999999787	0	-99.5455755232197	0	13.388699544689683
0	-2.375000000000012	0	-99.12212992478551	0	13.258481199482244
0	-2.312500000000003	0	-98.63201335910188	0	13.150123421435383
0	-2.2499999999999942	0	-98.19673938239973	0	13.094198952183431
0	-2.2499999999999942	0	-97.73033746222097	0	13.055609801490762
0	-2.1874999999999853	0	-97.28160676714725	0	13.012543285940835
0	-2.1874999999999853	0	-96.8366038975333	0	12.991860988398447
0	-2.1874999999999853	0	-96.2965124780621	0	12.952809577924645
0	-2.1874999999999853	0	-95.88871989123787	0	12.922495909173929
0	-2.1874999999999853	0	-95.49571305059926	0	12.890904901656079
0	-2.1874999999999853	0	-95.12265895221573	0	12.867444519208114
0	-2.1874999999999853	0	-94.70538813946142	0	12.844137282038407
0	-2.1249999999999765	0	-93.67222436413098	0	12.765140157754825
0	-2.1874999999999853	0	-93.29686841136846	0	12.780412739233226
0	-2.1874999999999853	0	-92.9380379624261	0	12.770390502110692
0	-2.1874999999999853	0	-92.57375946904207	0	12.758318043197425
0	-2.2499999999999942	0	-92.06145907989648	0	12.740168357644523
0	-2.2499999999999942	0	-91.67039855985308	0	12.706381575838028
0	-2.312500000000003	0	-91.2691073033361	0	12.67557464546073
0	-2.2499999999999942	0	-90.9044154532161	0	12.60584362005718
0	-2.1874999999999853	0	-90.50410428103056	0	12.549889696158246
0	-2.1874999999999853	0	-90.124043751066	0	12.51695108778021
0	-2.1249999999999765	0	-89.74340052252481	0	12.475060184172513
0	-2.1249999999999765	0	-89.32576325608765	0	12.461405687932634
0	-2.1249999999999765	0	-88.8855058126056	0	12.46164821371731
0	-2.1249999999999765	0	-88.49334867887052	0	12.456307339265136
0	-2.1249999999999765	0	-87.8944188838372	0	12.413821411952172
0	-2.1249999999999765	0	-87.4816209836816	0	12.369031738748989
0	-2.1249999999999765	0	-87.0431381842076	0	12.321446976941777
0	-1.999999999999959	0	-86.66177255295166	0	12.226813740646927
0	-1.937500000000001	0	-86.25281741111995	0	12.150220840788283
0	-1.8749999999999922	0	-85.86527827946693	0	12.09135373001289
0	-1.6250000000000078	0	-84.88926594880776	0	11.982095733493008
0	-1.6250000000000078	0	-84.4629646728928	0	12.014198325091844
0	-1.6875000000000167	0	-83.99112373076223	0	12.064888848620802
0	-1.7499999999999745	0	-83.5788881687895	0	12.089262960593214
0	-1.8124999999999833	0	-83.21121646759867	0	12.099864868307593
0	-1.8124999999999833	0	-82.75125247385782	0	12.085309469097728
0	-1.7499999999999745	0	-82.34310582004221	0	12.034028781953392
0	-1.6875000000000167	0	-81.92047474956982	0	11.973560404142253
0	-1.562499999999999	0	-81.49727516868376	0	11.900976101674868
0	-1.49999999999999	0	-81.0717731270236	0	11.87128350264262
0	-1.49999999999999	0	-80.63773956354434	0	11.85071089404107
0	-1.4374999999999813	0	-80.19932400206916	0	11.821159213061382
0	-1.49999999999999	0	-79.71135518250883	0	11.861918403553275
0	-1.562499999999999	0	-79.19942098940152	0	11.90149276712614
0	-1.6250000000000078	0	-78.76883921797076	0	11.926244175048003
0	-1.6875000000000167	0	-78.35688145519612	0	11.941867489171896
0	-1.7499999999999745	0	-77.51771859366903	0	11.95550750060064
0	-1.8124999999999833	0	-76.94484714392605	0	11.992766426156573
0	-1.8749999999999922	0	-76.39669589852305	0	12.002584618937163
0	-2.1249999999999765	0	-74.98137027469402	0	12.110866061492322
0	-2.2499999999999942	0	-74.42065806393394	0	12.135163026147707
0	-2.375000000000012	0	-73.69436656412331	0	12.15137133764692
0	-2.375000000000012	0	-73.12904694369391	0	12.144505757091093
0	-2.437500000000021	0	-72.52189988534833	0	12.148276180339423
0	-2.4999999999999787	0	-71.95313975520894	0	12.158588058781627
0	-2.624999999999997	0	-71.3947377226971	0	12.208810419082361
0	-2.6875000000000058	0	-70.87995726824961	0	12.245595429506986
0	-2.8124999999999725	0	-70.33813347866061	0	12.33167210926487
0	-2.9374999999999902	0	-69.88235340220069	0	12.42467769003168
0	-3.124999999999966	0	-69.42333693425995	0	12.564096646943854
0	-3.250000000000034	0	-68.96958331840945	0	12.711913919288975
0	-3.4375000000000098	0	-68.47145939423895	0	12.911065373418731
0	-3.750000000000003	0	-67.94518190506162	0	13.15025781625012
0	-3.9374999999999787	0	-67.46944775933123	0	13.372545510341457
0	-4.250000000000023	0	-67.05803327655681	0	13.595522516044587
0	-4.437499999999998	0	-66.67973271125994	0	13.791820269903894
0	-4.624999999999974	0	-66.31839617436722	0	13.973529128257008
0	-4.749999999999992	0	-65.99779062510115	0	14.130025732536678
0	-5.062499999999985	0	-65.59908169519505	0	14.309742932611803
0	-5.4999999999999964	0	-64.59390157303496	0	14.537502012115413
0	-5.562499999999954	0	-64.22554046837587	0	14.590539402995482
0	-5.687499999999972	0	-63.765736005933334	0	14.681910259217288
0	-5.812499999999989	0	-63.43199984379155	0	14.74812583419266
0	-6.062500000000025	0	-63.02814017801852	0	14.870525752969467
0	-6.25	0	-62.67221350483477	0	14.922692380390087
0	-6.437499999999976	0	-62.3296203810388	0	14.951136017326988
0	-6.562499999999994	0	-61.92653823128606	0	14.92912735376565
0	-6.625000000000003	0	-61.60757989315721	0	14.858862198450314
0	-6.625000000000003	0	-61.272107165219985	0	14.747625433073894
0	-6.625000000000003	0	-60.9016341922612	0	14.602673102995032
0	-6.562499999999994	0	-60.587409300385694	0	14.460771130993912
0	-6.499999999999985	0	-60.298894967034386	0	14.351801882506688
0	-6.437499999999976	0	-60.027922511786095	0	14.25069743314816
0	-6.437499999999976	0	-59.71601654170228	0	14.174750790058482
0	-6.374999999999967	0	-59.398573953464364	0	14.074319037483203
0	-6.374999999999967	0	-59.02927104964387	0	13.981195790000303
0	-6.374999999999967	0	-58.71646485526618	0	13.912907006386959
0	-6.374999999999967	0	-58.36097954195221	0	13.828736466518512
0	-6.187499999999991	0	-57.38316591032148	0	13.348308541407144
0	-6.000000000000016	0	-56.91835264125284	0	13.039920638029367
0	-5.874999999999998	0	-56.4634437727387	0	12.741171702657851
0	-5.562499999999954	0	-56.076759156225634	0	12.36993980466176
0	-5.31249999999997	0	-55.73461991203936	0	12.039945195723645
0	-5.0000000000000275	0	-55.42995544006471	0	11.685563544696137
0	-4.624999999999974	0	-55.14534541418751	0	11.30901188504963
0	-4.374999999999989	0	-54.801565298205624	0	10.96279044756455
0	-4.125000000000005	0	-54.4299799503135	0	10.623557689214255
0	-3.750000000000003	0	-54.122214004292154	0	10.285300035113725
0	-3.5000000000000187	0	-53.778649756170296	0	9.998183227161027
0	-3.312499999999992	0	-53.52788658451503	0	9.780439693909106
0	-2.9999999999999987	0	-53.24133530224057	0	9.482730913773882
0	-2.8124999999999725	0	-52.92587106578418	0	9.203280689312631
0	-2.562499999999988	0	-52.64927524960777	0	8.926871453081452
0	-2.375000000000012	0	-52.34866528494924	0	8.680019504396256
0	-2.062499999999968	0	-52.107236089976176	0	8.421991562533389
0	-1.8749999999999922	0	-51.79477857253265	0	8.190346658487128
0	-1.6250000000000078	0	-51.48111976997616	0	7.952563313169733
0	-1.3749999999999725	0	-51.12968172141539	0	7.713427605667133
0	-0.9375000000000125	0	-50.236170115393314	0	7.281828989761917
0	-0.8750000000000037	0	-49.93413693692121	0	7.232896028708413
0	-0.8124999999999949	0	-49.616934287793484	0	7.208010638227522
0	-0.749999999999986	0	-49.29777973068066	0	7.188968868754341
0	-0.749999999999986	0	-48.8721388803734	0	7.218374683396447
0	-0.6875000000000281	0	-48.45843830548345	0	7.24456941778038
0	-0.6875000000000281	0	-48.04542716248616	0	7.29852250502268
0	-0.749999999999986	0	-47.59450470537369	0	7.37743876487382
0	-0.8124999999999949	0	-47.09022970428439	0	7.445902893984131
0	-0.8124999999999949	0	-46.653435170830015	0	7.480209547779345
0	-0.8750000000000037	0	-46.120094595780444	0	7.5127020228048
0	-0.9375000000000125	0	-45.652873582267105	0	7.55305932049023
0	-0.9375000000000125	0	-45.219746540524774	0	7.582792131078503
0	-0.9999999999999705	0	-44.77827684479397	0	7.621248947320052
0	-0.9375000000000125	0	-44.29670761888703	0	7.626119347277987
0	-0.9375000000000125	0	-43.84004521806569	0	7.631533723029737
0	-0.9375000000000125	0	-43.34856332856713	0	7.627173198436472
0	-0.9999999999999705	0	-42.834823076914695	0	7.57599798506285
0	-0.9999999999999705	0	-41.730153108714966	0	7.367086992260016
0	-0.9375000000000125	0	-41.41082632494194	0	7.260469136449708
0	-0.8750000000000037	0	-41.0511801925539	0	7.137016773596092
0	-0.749999999999986	0	-40.67978414591799	0	6.999336170591217
0	-0.5625000000000103	0	-40.292852716860544	0	6.844180534732132
0	-0.4374999999999927	0	-39.880303703471256	0	6.700855817683496
0	-0.31249999999997496	0	-39.4230842815619	0	6.576597409755492
0	-0.1875000000000082	0	-39.04453700754867	0	6.481206672478247
0	-0.06249999999999055	0	-38.66197045476716	0	6.41056775200366
0	9.454695752319283E-15	0	-38.237733960632774	0	6.366252856926583
0	0.1250000000000094	0	-37.79236005612447	0	6.293321255717674
0	0.2500000000000094	0	-37.35787265611762	0	6.221313291156943
0	0.3750000000000094	0	-36.82005150938197	0	6.106749535289263
0	0.5000000000000094	0	-36.348295341450864	0	6.003825661599523
0	0.6250000000000094	0	-35.85614069624724	0	5.913196542444783
0	0.7500000000000094	0	-35.41350228350484	0	5.8248314941519785
0	0.8750000000000093	0	-34.92451752878988	0	5.725250434936486
0	0.9375000000000095	0	-34.51436310251598	0	5.689482361083123
0	1.1250000000000095	0	-34.08520079867816	0	5.6091284590949115
0	1.4375000000000093	0	-32.801169665045784	0	5.618573509953146
0	1.4375000000000093	0	-32.39440057933569	0	5.698752670371298
0	1.4375000000000093	0	-31.940379730621014	0	5.730400960078219
0	1.5000000000000095	0	-31.479076570876693	0	5.7294543832003555
0	1.5625000000000093	0	-31.01142821237891	0	5.769696130951493
0	1.5625000000000093	0	-30.567982975185085	0	5.849926303472984
0	1.5625000000000093	0	-30.141299343216325	0	5.93706510735567
0	1.4375000000000093	0	-29.710883416203668	0	6.07703264075087
0	1.3125000000000093	0	-29.35457800253881	0	6.243815747444776
0	1.0000000000000093	0	-28.96077599099084	0	6.474126105107416
0	0.6875000000000094	0	-28.487334932999005	0	6.736360232814366
0	0.3750000000000095	0	-28.140326379427115	0	6.938109514354085
0	0.1250000000000094	0	-27.807415853216188	0	7.119770910546034
0	-0.18749999999998385	0	-27.45301947383369	0	7.330970767014581
0	-0.31249999999995065	0	-27.182306408366234	0	7.504641697013044
0	-0.6249999999999949	0	-26.887049718271115	0	7.721155044146187
0	-0.8749999999999792	0	-26.617050802367036	0	7.932964676124824
0	-1.1249999999999638	0	-26.32244573054791	0	8.121036357680858
0	-1.6249999999999838	0	-25.716122344386903	0	8.384794581032063
0	-1.8124999999999594	0	-25.166271142173674	0	8.470936890313833
0	-1.8124999999999594	0	-24.901331881778937	0	8.462552980368951
0	-1.8124999999999594	0	-24.593342288325026	0	8.417814488575617
0	-1.6249999999999838	0	-24.336293989770322	0	8.312514675779774
0	-1.562499999999975	0	-23.91732356681595	0	8.186779442104314
0	-1.2499999999999305	0	-23.59469783332854	0	7.994947276437383
0	-0.9374999999999882	0	-23.224080304921426	0	7.770972864985648
0	-0.6875000000000038	0	-22.815313198191994	0	7.588801762595577
0	-0.4374999999999684	0	-22.46924676138374	0	7.465964367624349
0	-0.2499999999999419	0	-22.00350033422854	0	7.373326098847719
0	-0.12499999999997512	0	-21.563850732476535	0	7.316871310840589
0	4.2539918864574535E-14	0	-21.111233732646614	0	7.252172025950186
0	0.06250000000004254	0	-20.666730736155383	0	7.180730377352707
0	0.18750000000004255	0	-20.171671204066936	0	7.021930827818363
0	0.3750000000000425	0	-19.771208530470684	0	6.863995231515328
0	0.5000000000000425	0	-19.40059485697737	0	6.738098746459716
0	0.6250000000000425	0	-18.970540993503867	0	6.5731574281880105
0	0.6875000000000425	0	-18.55774810510269	0	6.438065674877453
0	0.8750000000000425	0	-17.812646173489703	0	6.182098313131977
0	0.8750000000000425	0	-17.084316245369102	0	5.987030902139959
0	0.8750000000000425	0	-16.702139206396147	0	5.915546174496706
0	0.7500000000000425	0	-16.26375924552636	0	5.8994666053439015
0	0.5000000000000425	0	-15.74501853600036	0	5.915583663997646
0	0.3750000000000425	0	-15.28792416246145	0	5.8581017313044175
0	0.18750000000004255	0	-14.789470443327279	0	5.795715819937
0	0.12500000000004255	0	-14.138012932750174	0	5.618718072141879
0	0.12500000000004255	0	-13.640683064340273	0	5.472540573226661
0	0.12500000000004255	0	-12.93711036564609	0	5.291838181883481
0	0.18750000000004255	0	-12.488676656579623	0	5.13486204051033
0	0.2500000000000425	0	-12.058499653909802	0	4.987498701760126
0	0.3750000000000425	0	-11.60522793862911	0	4.815316798923193
0	0.5000000000000425	0	-11.118505159489343	0	4.657298651398538
0	0.5000000000000425	0	-10.600736434449374	0	4.601069198311999
0	0.4375000000000425	0	-10.10855909760308	0	4.6233720664774465
0	0.2500000000000425	0	-9.54365634917927	0	4.720124499153346
0	4.2539918864574535E-14	0	-8.931525538410558	0	4.801660995366802
0	-0.06249999999995746	0	-7.977005050577646	0	4.697672803272131
0	0.06250000000004254	0	-7.248677256034546	0	4.488347881678282
0	0.12500000000004252	0	-6.7838480950568405	0	4.382460566517344
0	0.12500000000004252	0	-6.325391311759281	0	4.335600451166448
0	0.06250000000004254	0	-5.913982324290526	0	4.32698171423702
0	-0.06249999999995748	0	-5.488886387450473	0	4.343357556241446
0	-0.24999999999993305	0	-5.022441365600314	0	4.380387205525129
0	-0.4374999999999596	0	-4.544867458245022	0	4.384512697856086
0	-0.5624999999999772	0	-4.125488142690681	0	4.3383285299087895
0	-0.6874999999999949	0	-3.5760308338630895	0	4.223395298971075
0	-0.8124999999999616	0	-3.1570377412574193	0	4.156974806637304
0	-0.8749999999999705	0	-2.790865759302794	0	4.076038221052977
0	-0.9374999999999795	0	-2.417916114652748	0	3.9596105334422806
0	-0.9374999999999795	0	-2.0977809603842874	0	3.834705346439417
0	-0.9374999999999795	0	-1.7809654476058616	0	3.7319467624558404
0	-0.9999999999999374	0	-1.4332353261682989	0	3.6597355781255487
0	-0.9999999999999374	0	-1.015915175604308	0	3.519895098787783
0	-0.9999999999999374	0	-0.6905556023763908	0	3.3853419119930814
0	-0.9374999999999795	0	-0.16018758440072012	0	3.043302198927427
0	-0.9999999999999374	0	0.2055391536067554	0	2.823492645204486
0	-1.1249999999999551	0	0.4030882096053895	0	2.744400350773912
0	-1.2499999999999218	0	0.6125113395503836	0	2.61674325412443
0	-1.2499999999999218	0	0.8300523340962591	0	2.376320959323323
0	-1.1874999999999638	0	0.9860570245495637	0	2.1520106344162455
0	-1.1874999999999638	0	1.1637532426292252	0	1.9310688729583707
0	-1.2499999999999218	0	1.3541550437569843	0	1.7374059723855035
0	-1.1874999999999638	0	1.5223256206100984	0	1.4815436079097926
0	-1.1249999999999551	0	1.7014563255691932	0	1.2090849437622402
0	-0.9999999999999374	0	1.825976263276739	0	1.0059653529400283
0	-0.9374999999999795	0	1.9677246410753007	0	0.8543868821457818
0	-0.7499999999999529	0	2.0721700970909054	0	0.6832481669606176
0	-0.6249999999999861	0	2.162440289574895	0	0.5623342300989735
0	-0.49999999999996847	0	2.240281872537089	0	0.4564549190148228
0	-0.3749999999999508	0	2.2837617579312957	0	0.38594727254745603
0	-0.312499999999942	0	2.2864153721075002	0	0.367388444186929
0	-0.3749999999999508	0	2.2984591195116453	0	0.39321734124894475
0	-0.3749999999999508	0	2.2818924818398902	0	0.3933257711872228
0	-0.3749999999999508	0	2.2800517443208066	0	0.39333781895814257
0	-0.3749999999999508	0	2.274577722847234	0	0.4007369123472381
0	-0.3749999999999508	0	2.267250916083658	0	0.4063073159881682
0	-0.3749999999999508	0	2.250684278411903	0	0.40641574592644625
0	-0.3749999999999508	0	2.241480590816484	0	0.4064759847810452
0	-0.3749999999999508	0	2.2304361657019807	0	0.4065482714065639
0	-0.43749999999995964	0	2.233324544143789	0	0.4361157930282439
0	-0.43749999999995964	0	2.213160922222455	0	0.44731474538086285
0	-0.49999999999996847	0	2.219702726956192	0	0.46764328387354437
0	-0.49999999999996847	0	2.219702726956192	0	0.46764328387354437
0	-0.43749999999995964	0	2.2054421208134776	0	0.4179135116441871
0	-0.43749999999995964	0	2.2052734524554536	0	0.39582483226199217
0	-0.43749999999995964	0	2.1684449311219596	0	0.3942652229101821
0	-0.49999999999996847	0	2.1455233784157026	0	0.4130100415695261
0	-0.49999999999996847	0	2.1233867053478193	0	0.40768068427088533
0	-0.49999999999996847	0	2.1122782098004795	0	0.4004142384857712
0	-0.5624999999999774	0	2.1169874417002768	0	0.4189129770965607
0	-0.5624999999999774	0	2.0948991828622034	0	0.41912983503778556
0	-0.5624999999999774	0	2.0726482805682114	0	0.4027804988504555
0	-0.5624999999999774	0	2.070518448410072	0	0.3733475585614599
0	-0.5624999999999774	0	2.070428090934562	0	0.3641441173789292
0	-0.5624999999999774	0	2.0592936040400147	0	0.35504910516701094
0	-0.5624999999999774	0	2.040796364199443	0	0.3460263789355009
0	-0.5624999999999774	0	2.0112911379300384	0	0.34079345814761547
0	-0.6249999999999861	0	1.9718284641296753	0	0.3579282466442521
0	-0.687499999999995	0	1.9083657698915726	0	0.3661897645546658
0	-0.8124999999999618	0	1.8385023582494964	0	0.3821808387467839
0	-0.8749999999999706	0	1.741503207776457	0	0.35802483720385875
0	-0.9374999999999795	0	1.6773723892062953	0	0.31686720353370457
0	-0.9374999999999795	0	1.5878221915814446	0	0.24469166044675456
0	-0.9999999999999374	0	1.491514755991298	0	0.14893328008253637
0	-1.0624999999999463	0	1.4243996971948563	0	0.043531220897052386
0	-1.0624999999999463	0	1.3537767714194666	0	-0.09139990758076644
0	-0.9999999999999374	0	1.3011317631942196	0	-0.2894510801684417
0	-0.9374999999999795	0	1.2579737465156944	0	-0.48402923230596684
0	-0.8749999999999706	0	1.2257822471882476	0	-0.6953874794787167
0	-0.7499999999999529	0	1.159184604248695	0	-0.928584873622079
0	-0.6249999999999861	0	1.0972404613727549	0	-1.2521747967024794
0	-0.43749999999995964	0	1.0382587711652183	0	-1.5889982658630823
0	-0.3749999999999508	0	1.0197444646153553	0	-1.710507036187022
0	-0.3749999999999508	0	1.0100709139540642	0	-1.782235560576695
0	-0.43749999999995964	0	1.0273838837206155	0	-1.8080029715071253
0	-0.43749999999995964	0	1.0162270984575021	0	-1.8226444235829102
0	-0.43749999999995964	0	1.0125456518938032	0	-1.8226163121899062
0	-0.43749999999995964	0	1.0126299860728152	0	-1.8115719724988082
0	-0.43749999999995964	0	1.0128127101273412	0	-1.7876425698347642
0	-0.43749999999995964	0	1.0128689329133491	0	-1.7802796767073652
0	-0.43749999999995964	0	1.0128689329133491	0	-1.7802796767073652
0	-0.43749999999995964	0	1.0147096561951987	0	-1.7802937324038672
0	-0.43749999999995964	0	1.0147096561951987	0	-1.7802937324038672
0	-0.43749999999995964	0	1.0147096561951987	0	-1.7802937324038672
0	-0.43749999999995964	0	1.0147096561951987	0	-1.7802937324038672
0	-0.43749999999995964	0	1.0147096561951987	0	-1.7802937324038672
0	-0.43749999999995964	0	1.0165503794770483	0	-1.7803077881003693
0	-0.43749999999995964	0	1.0165503794770483	0	-1.7803077881003693
0	-0.43749999999995964	0	1.0165784908700524	0	-1.7766263415366703
0	-0.43749999999995964	0	1.0168455491035902	0	-1.7416525991815284
0	-0.49999999999996847	0	1.0146657304025326	0	-1.6476142418986957
0	-0.5624999999999774	0	0.9977645971453241	0	-1.5663140537637954
0	-0.6249999999999861	0	1.0010067371223115	0	-1.50730483297472
0	-0.6249999999999861	0	1.0175928233416007	0	-1.5056448798163544
0	-0.5624999999999774	0	1.0365549308162603	0	-1.53910290894662
0	-0.49999999999996847	0	1.02250111812582	0	-1.5648884191141832
0	-0.49999999999996847	0	1.02250111812582	0	-1.5648884191141832
0	-0.49999999999996847	0	1.02250111812582	0	-1.5648884191141832
0	-0.49999999999996847	0	1.0224368637043832	0	-1.5722512465314515
0	-0.49999999999996847	0	1.0223565456775874	0	-1.5814547808030373
0	-0.49999999999996847	0	1.022324418466869	0	-1.5851361945116713
0	-0.49999999999996847	0	1.022324418466869	0	-1.5851361945116713
0	-0.49999999999996847	0	1.022324418466869	0	-1.5851361945116713
0	-0.49999999999996847	0	1.022324418466869	0	-1.5851361945116713
0	-0.49999999999996847	0	1.022324418466869	0	-1.5851361945116713
0	-0.49999999999996847	0	1.022324418466869	0	-1.5851361945116713
0	-0.49999999999996847	0	1.022324418466869	0	-1.5851361945116713
0	-0.49999999999996847	0	1.022324418466869	0	-1.5851361945116713
0	-0.49999999999996847	0	1.022324418466869	0	-1.5851361945116713
0	-0.49999999999996847	0	1.022324418466869	0	-1.5851361945116713
0	-0.49999999999996847	0	1.022324418466869	0	-1.5851361945116713
0	-0.49999999999996847	0	1.022324418466869	0	-1.5851361945116713
0	-0.49999999999996847	0	1.0223565456775874	0	-1.5814547808030373
0	-0.49999999999996847	0	1.0224368637043832	0	-1.5722512465314515
0	-0.49999999999996847	0	1.0224850545204607	0	-1.5667291259685
0	-0.49999999999996847	0	1.0224850545204607	0	-1.5667291259685
0	-0.49999999999996847	0	1.0224850545204607	0	-1.5667291259685
0	-0.49999999999996847	0	1.0224850545204607	0	-1.5667291259685
0	-0.49999999999996847	0	1.0224850545204607	0	-1.5667291259685
0	-0.49999999999996847	0	1.0224529273097422	0	-1.5704105396771348
0	-0.49999999999996847	0	1.0224208000990238	0	-1.574091953385769
0	-0.49999999999996847	0	1.0224208000990238	0	-1.574091953385769
0	-0.49999999999996847	0	1.0224208000990238	0	-1.574091953385769
0	-0.49999999999996847	0	1.0224208000990238	0	-1.574091953385769
0	-0.49999999999996847	0	1.0224208000990238	0	-1.574091953385769
0	-0.49999999999996847	0	1.0224208000990238	0	-1.574091953385769
0	-0.49999999999996847	0	1.0224208000990238	0	-1.574091953385769
0	-0.49999999999996847	0	1.0224208000990238	0	-1.574091953385769
0	-0.49999999999996847	0	1.0224208000990238	0	-1.574091953385769
0	-0.49999999999996847	0	1.0224208000990238	0	-1.574091953385769
0	-0.49999999999996847	0	1.0224208000990238	0	-1.574091953385769
0	-0.49999999999996847	0	1.0224208000990238	0	-1.574091953385769
0	-0.49999999999996847	0	1.0224208000990238	0	-1.574091953385769
0	-0.49999999999996847	0	1.0224208000990238	0	-1.574091953385769
0	-0.49999999999996847	0	1.0224208000990238	0	-1.574091953385769
0	-0.49999999999996847	0	1.0224208000990238	0	-1.574091953385769
0	-0.49999999999996847	0	1.0224208000990238	0	-1.574091953385769
0	-0.49999999999996847	0	1.0224208000990238	0	-1.574091953385769
0	-0.49999999999996847	0	1.0224208000990238	0	-1.574091953385769
0	-0.49999999999996847	0	1.0224208000990238	0	-1.574091953385769
0	-0.49999999999996847	0	1.0224208000990238	0	-1.574091953385769
0	-0.49999999999996847	0	1.0224208000990238	0	-1.574091953385769
0	-0.49999999999996847	0	1.0224208000990238	0	-1.574091953385769
0	-0.49999999999996847	0	1.0224208000990238	0	-1.574091953385769
0	-0.49999999999996847	0	1.0224208000990238	0	-1.574091953385769
0	-0.49999999999996847	0	1.0224208000990238	0	-1.574091953385769
0	-0.49999999999996847	0	1.0224208000990238	0	-1.574091953385769
0	-0.49999999999996847	0	1.0224208000990238	0	-1.574091953385769
0	-0.49999999999996847	0	1.0224208000990238	0	-1.574091953385769
0	-0.49999999999996847	0	1.0224208000990238	0	-1.574091953385769
0	-0.49999999999996847	0	1.0224208000990238	0	-1.574091953385769
0	-0.49999999999996847	0	1.0224208000990238	0	-1.574091953385769
0	-0.49999999999996847	0	1.0224208000990238	0	-1.574091953385769
0	-0.49999999999996847	0	1.0224208000990238	0	-1.574091953385769
0	-0.49999999999996847	0	1.0224208000990238	0	-1.574091953385769
0	-0.49999999999996847	0	1.0224208000990238	0	-1.574091953385769
0	-0.49999999999996847	0	1.0224208000990238	0	-1.574091953385769
0	-0.49999999999996847	0	1.0224208000990238	0	-1.574091953385769
0	-0.49999999999996847	0	1.0224208000990238	0	-1.574091953385769
0	-0.49999999999996847	0	1.0224208000990238	0	-1.574091953385769
0	-0.49999999999996847	0	1.0224208000990238	0	-1.574091953385769
0	-0.49999999999996847	0	1.0224208000990238	0	-1.574091953385769
0	-0.49999999999996847	0	1.0224208000990238	0	-1.574091953385769
0	-0.49999999999996847	0	1.0224208000990238	0	-1.574091953385769
0	-0.49999999999996847	0	1.0224208000990238	0	-1.574091953385769
0	-0.49999999999996847	0	1.0224208000990238	0	-1.574091953385769
0	-0.49999999999996847	0	1.0224208000990238	0	-1.574091953385769
0	-0.49999999999996847	0	1.0224208000990238	0	-1.574091953385769
0	-0.49999999999996847	0	1.0224208000990238	0	-1.574091953385769
0	-0.49999999999996847	0	1.0224208000990238	0	-1.574091953385769
0	-0.49999999999996847	0	1.0224208000990238	0	-1.574091953385769
0	-0.49999999999996847	0	1.0224208000990238	0	-1.574091953385769
0	-0.49999999999996847	0	1.0224208000990238	0	-1.574091953385769
0	-0.49999999999996847	0	1.0224208000990238	0	-1.574091953385769
0	-0.49999999999996847	0	1.0224208000990238	0	-1.574091953385769
0	-0.49999999999996847	0	1.0224208000990238	0	-1.574091953385769
0	-0.49999999999996847	0	1.0224208000990238	0	-1.574091953385769
0	-0.49999999999996847	0	1.0224208000990238	0	-1.574091953385769
0	-0.49999999999996847	0	1.0224208000990238	0	-1.574091953385769
0	-0.49999999999996847	0	1.0224208000990238	0	-1.574091953385769
0	-0.49999999999996847	0	1.022436863704383	0	-1.5722512465314513
0	-0.5624999999999774	0	1.040185525921245	0	-1.5336310522860312
0	-0.5624999999999774	0	1.0402939548918573	0	-1.5225869228669942
0	-0.5624999999999774	0	1.0402939548918573	0	-1.5225869228669942
0	-0.49999999999996847	0	1.0223579348593674	0	-1.5667469801082259
0	-0.43749999999995964	0	1.0083684011431837	0	-1.5888664287899918
0	-0.49999999999996847	0	1.0259423992319037	0	-1.5704750094485496
0	-0.49999999999996847	0	1.0259102720211852	0	-1.5741564231571836
0	-0.49999999999996847	0	1.0258781448104668	0	-1.5778378368658177
0	-0.49999999999996847	0	1.0258781448104668	0	-1.5778378368658177
0	-0.49999999999996847	0	1.0259102720211852	0	-1.5741564231571836
0	-0.49999999999996847	0	1.0259102720211852	0	-1.5741564231571836
0	-0.49999999999996847	0	1.0259102720211852	0	-1.5741564231571836
0	-0.49999999999996847	0	1.0259102720211852	0	-1.5741564231571836
0	-0.49999999999996847	0	1.0259102720211852	0	-1.5741564231571836
0	-0.49999999999996847	0	1.0259102720211852	0	-1.5741564231571836
0	-0.49999999999996847	0	1.0259102720211852	0	-1.5741564231571836
0	-0.49999999999996847	0	1.0259102720211852	0	-1.5741564231571836
0	-0.49999999999996847	0	1.0259102720211852	0	-1.5741564231571836
0	-0.49999999999996847	0	1.025894208415826	0	-1.5759971300115003
0	-0.49999999999996847	0	1.025894208415826	0	-1.5759971300115003
0	-0.49999999999996847	0	1.025894208415826	0	-1.5759971300115003
0	-0.49999999999996847	0	1.025894208415826	0	-1.5759971300115003
0	-0.49999999999996847	0	1.025894208415826	0	-1.5759971300115003
0	-0.49999999999996847	0	1.025717508756875	0	-1.5962449054089893
0	-0.49999999999996847	0	1.0256371907300792	0	-1.605448439680575
0	-0.49999999999996847	0	1.0256371907300792	0	-1.605448439680575
0	-0.49999999999996847	0	1.0256371907300792	0	-1.605448439680575
0	-0.49999999999996847	0	1.0256371907300792	0	-1.605448439680575
0	-0.49999999999996847	0	1.0256532543354384	0	-1.6036077328262575
0	-0.49999999999996847	0	1.0256853815461568	0	-1.5999263191176234
0	-0.49999999999996847	0	1.0256853815461568	0	-1.5999263191176234
0	-0.49999999999996847	0	1.0256853815461568	0	-1.5999263191176234
0	-0.49999999999996847	0	1.0256853815461568	0	-1.5999263191176234
0	-0.49999999999996847	0	1.0256853815461568	0	-1.5999263191176234
0	-0.49999999999996847	0	1.0256853815461568	0	-1.5999263191176234
0	-0.49999999999996847	0	1.0256853815461568	0	-1.5999263191176234
0	-0.49999999999996847	0	1.0256853815461568	0	-1.5999263191176234
0	-0.49999999999996847	0	1.0256853815461568	0	-1.5999263191176234
0	-0.49999999999996847	0	1.0256853815461568	0	-1.5999263191176234
0	-0.49999999999996847	0	1.0256853815461568	0	-1.5999263191176234
0	-0.49999999999996847	0	1.0256853815461568	0	-1.5999263191176234
0	-0.49999999999996847	0	1.0256853815461568	0	-1.5999263191176234
0	-0.49999999999996847	0	1.0256853815461568	0	-1.5999263191176234
0	-0.49999999999996847	0	1.0256693179407976	0	-1.601767025971941
0	-0.49999999999996847	0	1.0256693179407976	0	-1.601767025971941
0	-0.49999999999996847	0	1.0256693179407976	0	-1.601767025971941
0	-0.49999999999996847	0	1.0256371907300792	0	-1.605448439680575
0	-0.49999999999996847	0	1.0255889999140018	0	-1.6109705602435258
0	-0.49999999999996847	0	1.0255889999140018	0	-1.6109705602435258
0	-0.49999999999996847	0	1.0255889999140018	0	-1.6109705602435258
0	-0.49999999999996847	0	1.0255889999140018	0	-1.6109705602435258
0	-0.49999999999996847	0	1.025605063519361	0	-1.609129853389209
0	-0.49999999999996847	0	1.0256532543354384	0	-1.6036077328262575
0	-0.49999999999996847	0	1.0256693179407976	0	-1.6017670259719408
0	-0.49999999999996847	0	1.0256853815461568	0	-1.5999263191176232
0	-0.49999999999996847	0	1.0256853815461568	0	-1.5999263191176232
0	-0.49999999999996847	0	1.0256853815461568	0	-1.5999263191176232
0	-0.49999999999996847	0	1.0256853815461568	0	-1.5999263191176232
0	-0.49999999999996847	0	1.0256853815461568	0	-1.5999263191176232
0	-0.49999999999996847	0	1.0257335723622343	0	-1.5944041985546715
0	-0.49999999999996847	0	1.0257656995729527	0	-1.5907227848460375
0	-0.49999999999996847	0	1.0257656995729527	0	-1.5907227848460375
0	-0.49999999999996847	0	1.0257656995729527	0	-1.5907227848460375
0	-0.49999999999996847	0	1.0257656995729527	0	-1.5907227848460375
0	-0.49999999999996847	0	1.0257656995729527	0	-1.5907227848460375
0	-0.49999999999996847	0	1.0257656995729527	0	-1.5907227848460375
0	-0.49999999999996847	0	1.0257656995729527	0	-1.5907227848460375
0	-0.49999999999996847	0	1.0257656995729527	0	-1.5907227848460375
0	-0.49999999999996847	0	1.0257656995729527	0	-1.5907227848460375
0	-0.49999999999996847	0	1.0257656995729527	0	-1.5907227848460375
0	-0.49999999999996847	0	1.0257656995729527	0	-1.5907227848460375
0	-0.49999999999996847	0	1.0257656995729527	0	-1.5907227848460375
0	-0.49999999999996847	0	1.0257656995729527	0	-1.5907227848460375
0	-0.49999999999996847	0	1.0257656995729527	0	-1.5907227848460375
0	-0.49999999999996847	0	1.0257656995729527	0	-1.5907227848460375
0	-0.49999999999996847	0	1.0257656995729527	0	-1.5907227848460375
0	-0.49999999999996847	0	1.0257656995729527	0	-1.5907227848460375
0	-0.49999999999996847	0	1.0257656995729527	0	-1.5907227848460375
0	-0.49999999999996847	0	1.0257656995729527	0	-1.5907227848460375
0	-0.49999999999996847	0	1.0257656995729527	0	-1.5907227848460375
0	-0.49999999999996847	0	1.025781763178312	0	-1.5888820779917199
0	-0.49999999999996847	0	1.025781763178312	0	-1.5888820779917199
0	-0.49999999999996847	0	1.025781763178312	0	-1.5888820779917199
0	-0.49999999999996847	0	1.025781763178312	0	-1.5888820779917199
0	-0.49999999999996847	0	1.025781763178312	0	-1.5888820779917199
0	-0.49999999999996847	0	1.025781763178312	0	-1.5888820779917199
0	-0.49999999999996847	0	1.025781763178312	0	-1.5888820779917199
0	-0.49999999999996847	0	1.025781763178312	0	-1.5888820779917199
0	-0.49999999999996847	0	1.025781763178312	0	-1.5888820779917199
0	-0.49999999999996847	0	1.025781763178312	0	-1.5888820779917199
0	-0.49999999999996847	0	1.025781763178312	0	-1.5888820779917199
0	-0.49999999999996847	0	1.025781763178312	0	-1.5888820779917199
0	-0.49999999999996847	0	1.025781763178312	0	-1.5888820779917199
0	-0.49999999999996847	0	1.025781763178312	0	-1.5888820779917199
0	-0.49999999999996847	0	1.025781763178312	0	-1.5888820779917199
0	-0.49999999999996847	0	1.025781763178312	0	-1.5888820779917199
0	-0.49999999999996847	0	1.025781763178312	0	-1.5888820779917199
0	-0.49999999999996847	0	1.025781763178312	0	-1.5888820779917199
0	-0.49999999999996847	0	1.025781763178312	0	-1.5888820779917199
0	-0.49999999999996847	0	1.025781763178312	0	-1.5888820779917199
0	-0.49999999999996847	0	1.025781763178312	0	-1.5888820779917199
0	-0.49999999999996847	0	1.025781763178312	0	-1.5888820779917199
0	-0.49999999999996847	0	1.025781763178312	0	-1.5888820779917199
0	-0.49999999999996847	0	1.025781763178312	0	-1.5888820779917199
0	-0.49999999999996847	0	1.025781763178312	0	-1.5888820779917199
0	-0.49999999999996847	0	1.025781763178312	0	-1.5888820779917199
0	-0.49999999999996847	0	1.025781763178312	0	-1.5888820779917199
0	-0.49999999999996847	0	1.025781763178312	0	-1.5888820779917199
0	-0.49999999999996847	0	1.0257978267836712	0	-1.5870413711374032
0	-0.49999999999996847	0	1.0257978267836712	0	-1.5870413711374032
0	-0.49999999999996847	0	1.0257978267836712	0	-1.5870413711374032