0	0.0	0	0.0	0	0.0
0	0.0	0	0.0	0	0.0
0	0.0	0	0.0	0	0.0
0	0.0	0	0.0	0	0.0
0	0.0	0	0.0	0	0.0018407769454627694
0	0.0	0	0.0	0	0.0018407769454627694
0	0.0	0	0.0	0	0.0018407769454627694
0	0.0	0	0.0	0	0.0018407769454627694
0	0.0	0	0.0	0	0.0018407769454627694
0	0.0	0	0.0	0	0.0018407769454627694
0	0.0	0	0.0	0	0.0018407769454627694
0	0.0	0	0.0	0	0.0018407769454627694
0	0.0	0	0.0	0	0.0018407769454627694
0	0.0	0	0.0	0	0.0018407769454627694
0	0.0	0	0.0	0	0.0018407769454627694
0	0.0	0	0.0	0	0.0018407769454627694
0	0.0	0	0.0	0	0.0018407769454627694
0	0.0	0	0.0	0	0.0018407769454627694
0	0.0	0	0.0	0	0.0018407769454627694
0	0.0	0	0.0	0	0.0018407769454627694
0	0.0	0	0.0	0	0.003681553890925539
0	0.0	0	-0.0018407769454627694	0	0.005522330836388308
0	0.0	0	-0.0018407769454627694	0	0.007363107781851078
0	0.0	0	-0.0018407769454627694	0	0.009203884727313847
0	0.0	0	-0.0018407769454627694	0	0.009203884727313847
0	0.0	0	-0.0018407769454627694	0	0.009203884727313847
0	0.0	0	-0.0018407769454627694	0	0.009203884727313847
0	0.0	0	-0.0018407769454627694	0	0.009203884727313847
0	0.0	0	-0.0018407769454627694	0	0.009203884727313847
0	0.0	0	-0.0018407769454627694	0	0.009203884727313847
0	0.0	0	-0.0018407769454627694	0	0.009203884727313847
0	0.0	0	-0.0018407769454627694	0	0.009203884727313847
0	0.0	0	-0.0018407769454627694	0	0.012885438618239386
0	0.0	0	-0.0018407769454627694	0	0.014726215563702155
0	0.0	0	-0.0018407769454627694	0	0.014726215563702155
0	0.0	0	-0.0018407769454627694	0	0.014726215563702155
0	0.0	0	-0.0018407769454627694	0	0.014726215563702155
0	0.0	0	-0.0018407769454627694	0	0.014726215563702155
0	0.0	0	-0.0018407769454627694	0	0.014726215563702155
0	0.0	0	-0.0018407769454627694	0	0.018407769454627694
0	0.0	0	-0.0018407769454627694	0	0.025770877236478768
0	0.0	0	0.0018407769454627694	0	0.04601942363656923
0	0.0	0	0.0018407769454627694	0	0.08099418560036185
0	0.0625	0	-0.002691079413877969	0	0.11398681438408856
0	0.1875	0	-0.03753151182091269	0	0.17434547858148017
0	0.25	0	-0.055116867041531695	0	0.23487846558128783
0	0.3125	0	-0.06915903091270192	0	0.31750151865175347
0	0.4375	0	-0.10248201107914416	0	0.3961293152808769
0	0.5625	0	-0.13596641121756986	0	0.4728434758163964
0	0.625	0	-0.15438129177873416	0	0.5829591563078673
0	0.75	0	-0.18425862053463654	0	0.6393637434762587
0	0.9999999999999999	0	-0.2488401168868561	0	0.6726697492281133
0	1.1875	0	-0.2944739923990914	0	0.7173429987836822
0	1.5	0	-0.37099658957679676	0	0.7367528024319816
0	1.75	0	-0.42557134994116436	0	0.7971529800112399
0	2.3125	0	-0.5662330474467456	0	0.9818046407668211
0	2.625	0	-0.6509270571392262	0	1.012248649015096
0	2.9999999999999996	0	-0.749852606743366	0	1.050480489992017
0	3.1875	0	-0.7889708298141046	0	1.1548205187483003
0	3.6249999999999996	0	-0.8829615297863825	0	1.1792619590988724
0	3.875	0	-0.9399608064451538	0	1.2726354836293117
0	4.312499999999999	0	-1.0285513350371185	0	1.3240630376331612
0	4.812500000000001	0	-1.139001991201352	0	1.3801617370105475
0	5.187500000000001	0	-1.2340488255223694	0	1.5370483110007427
0	5.4375	0	-1.3044571928966011	0	1.6906637691214221
0	5.687499999999999	0	-1.3820279772810296	0	1.874770735387445
0	5.875	0	-1.4527084788339963	0	2.0817395727495422
0	6.25	0	-1.5796633862276366	0	2.3077240122261595
0	6.562499999999999	0	-1.7102018832952113	0	2.6125562280678505
0	6.75	0	-1.8208915421908276	0	2.9493710383160545
0	7.125	0	-1.953735357136732	0	3.195343125997251
0	7.3125	0	-2.044576741845965	0	3.493197395094388
0	7.625000000000001	0	-2.171144320472104	0	3.8079844558473313
0	8.312500000000002	0	-2.4445841878294226	0	4.527169774261256
0	8.625000000000002	0	-2.556996177679008	0	4.779378985227341
0	8.8125	0	-2.6442369755691266	0	5.13612264921561
0	9.000000000000002	0	-2.719460853672625	0	5.442483920696882
0	9.25	0	-2.820649408113903	0	5.725709989750366
0	9.5	0	-2.9290075534975344	0	6.022429125494512
0	9.625000000000002	0	-3.0145747192091856	0	6.382916845808063
0	9.8125	0	-3.1068180879970337	0	6.742029051852069
0	10.062500000000002	0	-3.211535003016666	0	7.087438282547347
0	10.25	0	-3.3135610584478172	0	7.539962172116245
0	10.375000000000002	0	-3.406890323626257	0	7.979208720137425
0	10.5625	0	-3.535702641820778	0	8.441614311867703
0	10.687500000000002	0	-3.6559922513882315	0	8.901934608077951
0	10.687500000000002	0	-3.7766000160215074	0	9.531071466560975
0	10.8125	0	-3.935812779484583	0	10.04385516196534
0	10.8125	0	-4.0688043743755085	0	10.651883860372998
0	10.937500000000002	0	-4.238111717577924	0	11.201955477386315
0	10.999999999999998	0	-4.419509164074425	0	11.858514779332621
0	11.062500000000002	0	-4.5814133390075655	0	12.458807015047896
0	11.062500000000002	0	-4.744699551221729	0	13.102108951998105
0	11.062500000000002	0	-5.023710541926402	0	14.116667331860617
0	11.125	0	-5.307543693709866	0	15.186329359378522
0	11.25	0	-5.505025930233945	0	15.749229524651977
0	11.3125	0	-5.733515891980214	0	16.653267227709655
0	11.375	0	-5.966296172272022	0	17.498183088589784
0	11.4375	0	-6.184848087139834	0	18.38910515992097
0	11.5	0	-6.462208603516762	0	19.36194543450531
0	11.5	0	-6.682085726810779	0	20.239548609800554
0	11.5	0	-7.018466156789211	0	21.412791904950033
0	11.5	0	-7.206726351836105	0	22.227323555450127
0	11.5	0	-7.411470045581142	0	23.1136411262351
0	11.562500000000002	0	-7.672370448178984	0	23.999575609941022
0	11.562500000000002	0	-7.904804579459633	0	24.88771756753168
0	11.562500000000002	0	-8.132200824357815	0	25.861441000493063
0	11.562500000000002	0	-8.384596717042218	0	26.773682604412066
0	11.562500000000002	0	-8.623337695507255	0	27.536526440398756
0	11.562500000000002	0	-8.879216305057861	0	28.4198719265168
0	11.562500000000002	0	-9.183383794874128	0	29.44740837443566
0	11.4375	0	-9.750486100256635	0	31.3161780546282
0	11.4375	0	-10.144011260699186	0	32.7878492492796
0	11.375	0	-10.338779143874067	0	33.63881301138294
0	11.375	0	-10.506019908010627	0	34.358108627495376
0	11.4375	0	-10.732134033279936	0	35.12730438679168
0	11.375	0	-10.926413563263722	0	35.93893564721456
0	11.375	0	-11.167856899449033	0	36.83106901003262
0	11.3125	0	-11.356545861372238	0	37.63822122134132
0	11.3125	0	-11.598106719395576	0	38.704983305517985
0	11.3125	0	-11.784060187664466	0	39.493773214931146
0	11.3125	0	-11.946908297464542	0	40.2609037961031
0	11.25	0	-12.079013406123627	0	40.98737648898741
0	11.25	0	-12.258380079536872	0	41.72870995705038
0	11.125	0	-12.481543612837022	0	42.59496981612842
0	10.999999999999998	0	-12.67260536686236	0	43.34757338409003
0	10.875000000000002	0	-12.85121025723953	0	44.09329753119372
0	10.750000000000002	0	-13.011769473145339	0	44.803180213993116
0	10.687500000000002	0	-13.145237886268122	0	45.467492494985514
0	10.5625	0	-13.303015529604613	0	46.35212349646678
0	10.4375	0	-13.48005922403828	0	47.379187000191564
0	10.375000000000002	0	-13.718864387516327	0	48.71293208883717
0	10.25	0	-14.05040923489153	0	50.24888911842051
0	10.125	0	-14.301115840871013	0	51.137465673180344
0	10.062500000000002	0	-14.495247382542551	0	51.931356994736426
0	10.000000000000002	0	-14.734414292775776	0	52.74166514115765
0	9.9375	0	-15.025708960183117	0	53.78776015248011
0	9.8125	0	-15.27159150700829	0	54.709443864670355
0	9.687500000000002	0	-15.494732835507925	0	55.652007068140904
0	9.625000000000002	0	-15.701692464285209	0	56.350800396677144
0	9.5625	0	-15.926654789407582	0	57.126926376316845
0	9.5	0	-16.124982889474033	0	57.88334983941386
0	9.375000000000002	0	-16.315094288013164	0	58.70671954958851
0	9.312500000000002	0	-16.533929456869984	0	59.51224914478654
0	9.1875	0	-16.771862561704296	0	60.438082083682346
0	9.125	0	-16.99233030573549	0	61.316347973956375
0	9.062500000000002	0	-17.164021447196742	0	62.12978340356872
0	8.9375	0	-17.336728865216244	0	63.058814316083556
0	8.8125	0	-17.630169085438173	0	64.44232642264886
0	8.6875	0	-17.89607677495919	0	65.8246346684031
0	8.4375	0	-18.21433627954625	0	67.45646133720162
0	8.25	0	-18.385896483417557	0	68.32293281631108
0	8.062500000000002	0	-18.55050299653199	0	69.19983987559134
0	7.875000000000002	0	-18.76885843151611	0	70.24970091958235
0	7.75	0	-18.952923523260832	0	71.10920455538937
0	7.5625	0	-19.191150957309492	0	72.29053803327706
0	7.4375	0	-19.377607875624395	0	73.24478350770639
0	7.3125	0	-19.553781075960547	0	74.08171131051033
0	7.25	0	-19.70936899950439	0	74.87481189087768
0	7.187500000000002	0	-19.907322387535118	0	75.75910829208341
0	7.0	0	-20.085568633226703	0	76.79844349988736
0	6.875	0	-20.283668597391262	0	77.70002453489462
0	6.687500000000001	0	-20.551953433223318	0	78.95890939559912
0	6.500000000000002	0	-20.786016952818837	0	80.15354703396699
0	6.187500000000001	0	-21.080413627547514	0	81.55348924650832
0	5.812500000000001	0	-21.295188039500573	0	82.79053757405036
0	5.625000000000001	0	-21.445172068763434	0	83.80272892228226
0	5.125000000000001	0	-21.866822573292566	0	85.62497860021782
0	4.562500000000001	0	-22.241106204677028	0	87.6807836881105
0	4.312500000000001	0	-22.37207964907144	0	88.64241478884527
0	4.000000000000001	0	-22.546652219153433	0	89.53133000849752
0	3.7500000000000004	0	-22.84334100376176	0	90.39233166835487
0	3.250000000000001	0	-23.031929340614084	0	91.46114023370218
0	2.937500000000001	0	-23.248138127773203	0	92.30960788187575
0	2.6875000000000004	0	-23.43566614527213	0	93.35723765018348
0	2.250000000000001	0	-23.58741494390511	0	94.46110392790831
0	1.8750000000000007	0	-23.747492127340625	0	95.65740866436664
0	1.5625000000000007	0	-23.891505640348267	0	96.65033379305882
0	1.1875000000000007	0	-24.070041584631287	0	97.72996780197246
0	1.0000000000000007	0	-24.235319380368903	0	98.89653835845264
0	0.6875000000000007	0	-24.31721091477464	0	100.09275742569746
0	0.3750000000000007	0	-24.40191864836047	0	101.1917867416699
0	0.2500000000000007	0	-24.533679715722975	0	102.36037788997295
0	-0.06249999999999929	0	-24.556958968387633	0	103.87043320210645
0	-0.2499999999999749	0	-24.55308124406824	0	104.9992081795006
0	-0.31249999999998374	0	-24.570602892091873	0	106.12416886787986
0	-0.5000000000000102	0	-24.5984669594697	0	108.16443593569815
0	-0.5625000000000191	0	-24.568545456076855	0	110.0382753134427
0	-0.5625000000000191	0	-24.59151645555879	0	111.44860393250843
0	-0.5625000000000191	0	-24.59151890147046	0	112.57337287398428
0	-0.5625000000000191	0	-24.58372487855366	0	113.74224604715587
0	-0.5625000000000191	0	-24.556961152659728	0	115.15576811232687
0	-0.5625000000000191	0	-24.493355331837183	0	116.00930530921265
0	-0.5625000000000191	0	-24.42036535488109	0	116.88115903098797
0	-0.5625000000000191	0	-24.425404539398425	0	117.86791249771606
0	-0.6250000000000279	0	-24.401448104424585	0	119.03490676862401
0	-0.6250000000000279	0	-24.36590011047914	0	119.93103069518686
0	-0.5625000000000191	0	-24.357339741768094	0	121.6262453723596
0	-0.5000000000000102	0	-24.37240470848679	0	122.35153249102183
0	-0.4375000000000014	0	-24.355974603578723	0	123.17780165101136
0	-0.37499999999999256	0	-24.337326579250842	0	123.93963940642493
0	-0.31249999999998374	0	-24.337396490141476	0	125.01084899990536
0	-0.2499999999999749	0	-24.32982868848524	0	126.02127338227702
0	-0.12500000000000813	0	-24.32260845703816	0	126.83276176165035
0	0.06250000000001837	0	-24.337426017127786	0	128.31597186824698
0	0.18750000000001837	0	-24.366954439041965	0	129.8710525707086
0	0.2500000000000183	0	-24.385985535947906	0	130.59426368101487
0	0.2500000000000183	0	-24.40428579754474	0	131.41333736903564
0	0.3125000000000183	0	-24.458179007264615	0	132.42350623826226
0	0.3125000000000183	0	-24.46746273209562	0	133.45062441643
0	0.3125000000000183	0	-24.490839944101538	0	134.36169505329153
0	0.3125000000000183	0	-24.517145667914328	0	135.13468939304084
0	0.3750000000000184	0	-24.5658635594535	0	135.97180363049014
0	0.3125000000000183	0	-24.574521585037225	0	136.98065113297815
0	0.3125000000000183	0	-24.589833010609006	0	137.76290945954347
0	0.3125000000000183	0	-24.627213351310818	0	138.54136580900473
0	0.3125000000000183	0	-24.66696655262173	0	139.4173718456332
0	0.2500000000000183	0	-24.677109263053488	0	140.2587050143455
0	0.2500000000000183	0	-24.707128759033413	0	141.23235430258927
0	0.18750000000001835	0	-24.7317625567128	0	142.19882081387055
0	0.18750000000001835	0	-24.776594101690396	0	142.96075983854354
0	0.12500000000001835	0	-24.81790668130195	0	143.77258869513034
0	0.06250000000001835	0	-24.85078984767049	0	144.5292471529772
0	-0.2499999999999749	0	-24.95029707202241	0	146.91036871398265
0	-0.37499999999999256	0	-24.94112625421252	0	147.77023446389296
0	-0.4375000000000014	0	-24.885810947336807	0	148.636977589937
0	-0.37499999999999256	0	-24.83340316705641	0	149.4703860527924
0	-0.31249999999998374	0	-24.781622864775912	0	150.58181044320548
0	-0.2499999999999749	0	-24.720265965181344	0	151.37294610443203
0	-0.06249999999999929	0	-24.63581962172909	0	152.1731662318945
0	0.1250000000000007	0	-24.610879688188387	0	153.01403063689327
0	0.2500000000000007	0	-24.599766955377916	0	153.81638516617122
0	0.4375000000000007	0	-24.564818306105934	0	154.77713596567207
0	0.5625000000000007	0	-24.51569585338827	0	155.5707510676526
0	0.7500000000000007	0	-24.499447718676045	0	156.33820799173728
0	1.0000000000000007	0	-24.465578478968226	0	157.11330933420714
0	1.3125000000000007	0	-24.36360378815154	0	157.91034082251818
0	1.6875000000000009	0	-24.33425826668546	0	158.71692797935103
0	1.9375000000000009	0	-24.287504131286124	0	159.50071181061986
0	2.250000000000001	0	-24.201713106536953	0	160.14997304603287
0	2.625000000000001	0	-24.24580073470305	0	160.88415391594788
0	2.937500000000001	0	-24.196235703274485	0	161.645367418102
0	3.1875000000000004	0	-24.071043925792413	0	162.39659091963455
0	4.375	0	-23.946576151558	0	164.30526975407565
0	4.687500000000001	0	-23.893822324139094	0	165.0328744202737
0	5.062500000000001	0	-23.887411296707274	0	165.68490423044142
0	5.6875	0	-23.913793928624646	0	166.43363017306382
0	6.125000000000002	0	-23.822187840694788	0	167.17925016418218
0	6.75	0	-23.719266335757613	0	167.74601429309737
0	7.187500000000002	0	-23.57577384584511	0	168.43470854173643
0	7.937500000000002	0	-23.583748357899374	0	169.05064137536587
0	8.5	0	-23.542031358207428	0	169.770206487339
0	9.1875	0	-23.53483105162838	0	170.39061807295525
0	9.687500000000002	0	-23.38882840508114	0	171.09406771110775
0	10.4375	0	-23.27111774129715	0	171.72219792753293
0	11.3125	0	-23.22421111575745	0	172.37698417755416
0	12.0625	0	-23.178927574859383	0	172.97960367136687
0	12.625	0	-23.214804749131304	0	173.48519476308886
0	13.1875	0	-23.151789951658795	0	173.91834023424204
0	13.75	0	-23.084314058106873	0	174.36368997679156
0	14.6875	0	-23.095567716593546	0	174.78466175725836
0	15.250000000000002	0	-22.969842162938946	0	175.33080942500376
0	17.0	0	-22.839925623961197	0	176.51739968092355
0	17.625	0	-22.788301867675383	0	176.91084257129322
0	18.25	0	-22.725109371694852	0	177.3410611764087
0	19.1875	0	-22.735942566300817	0	177.652651975178
0	19.8125	0	-22.73252960646704	0	178.22166590740412
0	20.6875	0	-22.75190676255349	0	178.5800878436256
0	21.312500000000004	0	-22.744019238234838	0	178.95110810830764
0	21.999999999999996	0	-22.652213239735506	0	179.37956742282216
0	22.625	0	-22.504594348205877	0	179.7506428401111
0	23.625	0	-22.54332589206077	0	180.03452131624277
0	24.312499999999996	0	-22.45761490035141	0	180.47748471252194
0	25.25	0	-22.40767765078062	0	180.75507854448378
0	25.9375	0	-22.361642788230643	0	181.1134535361048
0	26.562500000000004	0	-22.299343871926553	0	181.45170278505938
0	27.5	0	-22.305508963213917	0	181.68056750945664
0	28.125	0	-22.249633562460343	0	181.98225052016156
0	28.8125	0	-22.116679639312803	0	182.2321907105852
0	29.812499999999996	0	-22.070514276601415	0	182.3981875424183
0	30.437499999999993	0	-22.01475589350119	0	182.62360938530213
0	31.125	0	-21.956602327137162	0	182.83969876799696
0	31.687500000000004	0	-21.957646156215436	0	183.07552566708827
0	33.49999999999999	0	-21.809967557174556	0	183.73692698156964
0	34.37499999999999	0	-21.8225113710953	0	183.85978818625773
0	35.25	0	-21.849038917395823	0	183.98740391170017
0	35.8125	0	-21.793608584738305	0	184.15524858515587
0	36.43749999999999	0	-21.768179342583124	0	184.3050052581722
0	37.37499999999999	0	-21.700529701976095	0	184.52311312153176
0	38.24999999999999	0	-21.581132186497257	0	184.67806713771407
0	38.8125	0	-21.564726027855652	0	184.9117111205748
0	39.625	0	-21.615280276434216	0	184.9846089008283
0	40.125	0	-21.592887925867824	0	185.2812684685387
0	40.81250000000001	0	-21.581082725895232	0	185.59341266837333
0	41.50000000000001	0	-21.639776522453534	0	185.83924692845125
0	42.25	0	-21.685110924083624	0	186.16875100590576
0	42.74999999999999	0	-21.761487350887037	0	186.38740501942044
0	43.5	0	-21.866520030496808	0	186.556917801581
0	44.06249999999999	0	-21.919264596806425	0	186.79101717849105
0	44.625	0	-21.930578056569026	0	187.01861385152114
0	45.25	0	-21.957388948186527	0	187.26410824298898
0	46.12499999999999	0	-22.00885043511555	0	187.39631371837
0	48.0	0	-22.137165830104042	0	188.1481001799797
0	48.62499999999999	0	-22.238712480169664	0	188.50964347328505
0	49.5625	0	-22.3445344262965	0	188.86168104133992
0	50.125	0	-22.533907973009786	0	189.24739916592344
0	51.06249999999999	0	-22.63081121572395	0	189.45208278249598
0	51.74999999999999	0	-22.788244996633015	0	189.69880205423294
0	52.68749999999999	0	-22.98339669709645	0	189.95231241596923
0	53.37499999999999	0	-23.13755219761687	0	190.2822375656461
0	54.25	0	-23.307598154644733	0	190.61276799126924
0	54.8125	0	-23.613234962264524	0	191.0810068396234
0	55.68749999999999	0	-23.876236171728372	0	191.32546676846215
0	56.56249999999999	0	-24.202319143397464	0	191.6662836663939
0	57.187499999999986	0	-24.528516608658865	0	192.20046559063093
0	58.0	0	-24.849592986645657	0	192.4819204120724
0	58.56250000000001	0	-25.248356113409287	0	192.91053956927973
0	59.37499999999999	0	-25.690978096445022	0	193.26104675445464
0	60.125	0	-26.132574359577234	0	193.5049492391012
0	60.62500000000001	0	-26.55007792681391	0	193.85663483038869
0	61.37499999999999	0	-26.856509339559075	0	194.07534091493545
0	62.75000000000001	0	-28.01251087475127	0	195.07695011504842
0	63.437500000000014	0	-28.537511948494977	0	195.35682978448813
0	63.87500000000001	0	-28.984653182821074	0	195.7470857416384
0	64.3125	0	-29.380009531886035	0	196.00571273835118
0	64.75	0	-29.83311007652259	0	196.2681703364457
0	65.37500000000001	0	-30.27047511645043	0	196.61363693177628
0	65.75	0	-30.72293064672118	0	196.92029830145592
0	66.125	0	-31.20659964011769	0	197.198912908173
0	66.4375	0	-31.67491651317425	0	197.50932859511514
0	66.8125	0	-32.0777189203268	0	197.77294624000933
0	67.18750000000001	0	-32.57341422297415	0	198.03553199340215
0	67.75	0	-33.068109263622404	0	198.23264130667647
0	68.125	0	-33.59712304146615	0	198.54307446317497
0	68.5625	0	-34.03620829300289	0	198.72651055294284
0	68.93750000000001	0	-34.53715540250065	0	198.99066412718767
0	69.875	0	-35.41990695263811	0	199.4526121241574
0	70.3125	0	-35.94375078945274	0	199.72309337299623
0	70.75	0	-36.399256400601594	0	200.00689894445273
0	71.12500000000001	0	-36.75644744403721	0	200.29667475135156
0	71.5625	0	-37.14930808676933	0	200.57014807400196
0	73.0	0	-38.157648502216496	0	201.12219031605753
0	73.75	0	-38.60407667261749	0	201.32735040780383
0	74.50000000000001	0	-39.131509379410794	0	201.6641349101028
0	75.00000000000001	0	-39.56173006737883	0	201.91032108555126
0	75.6875	0	-39.942163907111514	0	202.04336056645238
0	76.4375	0	-40.469025410853234	0	202.27704195647857
0	76.875	0	-40.89186444287267	0	202.46143516973285
0	77.50000000000001	0	-41.2452820979437	0	202.56152922461
0	78.0	0	-41.668330716612275	0	202.78792335842465
0	78.62500000000001	0	-41.98584776422666	0	202.91031188234336
0	79.125	0	-42.28757523994734	0	203.1094507384996
0	79.875	0	-42.5205257078857	0	203.3343882056597
0	80.62500000000001	0	-42.7469761785414	0	203.44389253983667
0	81.125	0	-43.075353334863124	0	203.66012753498975
0	81.68750000000001	0	-43.340646063619495	0	203.84725987326465
0	82.625	0	-43.72095697454324	0	203.98893652242822
0	83.06250000000001	0	-44.07803177163627	0	204.20072790830423
0	83.5	0	-44.367292605056036	0	204.4175044512784
0	84.1875	0	-44.62373949319878	0	204.53647144762675
0	85.5	0	-45.47667142988564	0	204.93568037343385
0	86.0625	0	-45.81913356864502	0	205.00789799760085
0	86.43750000000001	0	-46.22799565838635	0	205.12199833005567
0	86.81250000000001	0	-46.63972738528378	0	205.29445111126313
0	87.31250000000001	0	-47.07385016024163	0	205.52188870945383
0	87.81249999999999	0	-47.42585489873104	0	205.5841618967978
0	88.125	0	-47.90383073629677	0	205.70192846985282
0	88.68750000000001	0	-48.32794332553436	0	205.77831494308322
0	89.0	0	-48.922161754809636	0	205.86807856463474
0	89.5	0	-49.49132146349511	0	205.90534882569108
0	89.9375	0	-50.136301708998275	0	205.99989865180157
0	90.1875	0	-50.65504691483307	0	206.0636085764288
0	90.62500000000001	0	-51.14934969167729	0	206.07428659570365
0	91.00000000000001	0	-51.59131331296462	0	206.12962240822822
0	91.43749999999999	0	-52.101828671582915	0	206.1883513366906
0	91.6875	0	-52.71868521876848	0	206.26775616114134
0	92.0625	0	-53.27319438979248	0	206.2939192644947
0	92.31249999999999	0	-53.880138356131944	0	206.37429707806518
0	92.75	0	-54.42294993889614	0	206.37794379121908
0	93.56250000000001	0	-56.21072392736279	0	206.36853898948002
0	93.75	0	-56.818109604174126	0	206.35402728226768
0	93.93750000000001	0	-57.52275836690224	0	206.30380494407763
0	94.06250000000001	0	-58.338769803694696	0	206.26056409018378
0	94.3125	0	-58.924697873226265	0	206.22903420393783
0	94.5	0	-59.581269362474785	0	206.20116308149088
0	94.625	0	-60.35628944700594	0	206.15116776276616
0	94.75	0	-61.10184290040954	0	206.07963466063117
0	94.87500000000001	0	-61.67407158306396	0	206.0555726008104
0	95.1875	0	-62.518900394607	0	205.98371045503418
0	95.3125	0	-63.52071306606234	0	205.94492551199943
0	95.43750000000001	0	-64.23532500737147	0	205.85978475061802
0	95.56250000000001	0	-64.97540967886096	0	205.77069908237831
0	95.56250000000001	0	-65.6329105025971	0	205.72331038029193
0	95.6875	0	-66.40083374195744	0	205.63548897941735
0	95.75000000000001	0	-67.13230492221714	0	205.60694707266472
0	95.81250000000001	0	-67.79088126953226	0	205.60706248746857
0	95.87500000000003	0	-68.52929033904297	0	205.59102042293273
0	96.1875	0	-70.41933872308033	0	205.52640439823202
0	96.3125	0	-71.06336008961748	0	205.54137327180197
0	96.50000000000001	0	-71.55899910829142	0	205.53734844964632
0	96.6875	0	-72.12284651401053	0	205.54452621395612
0	97.00000000000001	0	-72.54019700618352	0	205.55085415623338
0	97.25	0	-72.95963260632755	0	205.59958638889435
0	97.6875	0	-73.27835114623278	0	205.57379999082542
0	98.00000000000001	0	-73.653728649691	0	205.59127413592145
0	98.50000000000001	0	-73.95596048890752	0	205.60373816686848
0	98.87500000000001	0	-74.34815972237001	0	205.7227244917504
0	99.49999999999999	0	-74.66750926938509	0	205.85528534589633
0	99.9375	0	-74.93844793095955	0	205.95675816028398
0	100.43750000000001	0	-75.1397198269717	0	206.05977857065133
0	101.25000000000001	0	-75.24835450896678	0	206.15285027211186
0	102.00000000000001	0	-75.51483114957408	0	206.24611044094084
0	102.50000000000001	0	-75.69824460283454	0	206.33866874553445
0	103.31249999999999	0	-75.80633896433015	0	206.44359250248678
0	104.06250000000001	0	-75.99595827761132	0	206.631761091537
0	104.56250000000001	0	-76.23213429261178	0	206.74735772193657
0	106.49999999999999	0	-76.61137974862052	0	206.9561555821274
0	107.0625	0	-76.79788881226413	0	207.028580588886
0	107.9375	0	-76.9548293966854	0	207.12529365406576
0	108.5625	0	-77.17567238035882	0	207.25536287876668
0	109.4375	0	-77.25151370518078	0	207.25485227093176
0	110.06250000000001	0	-77.47893757489113	0	207.3021643462252
0	110.93750000000001	0	-77.67281696336292	0	207.35598566117082
0	111.68750000000003	0	-77.87549331078529	0	207.37208823511153
0	112.50000000000001	0	-78.15250472420047	0	207.4156026895301
0	113.1875	0	-78.5139041102166	0	207.4685904828424
0	113.6875	0	-78.8309495909039	0	207.4380818312482
0	114.125	0	-79.12374278699532	0	207.427734113593
0	114.87500000000001	0	-79.34037745147792	0	207.4307699683364
0	115.62499999999999	0	-79.62838922342556	0	207.4010297351233
0	116.3125	0	-79.94321973739447	0	207.33115777954188
0	116.99999999999999	0	-80.29383147782887	0	207.2848393482539
0	117.43749999999999	0	-80.72713464915718	0	207.18680013631496
0	118.0625	0	-81.06382150518792	0	207.0232031191608
0	119.06249999999999	0	-81.94673775023371	0	206.76072482656664
0	119.93749999999999	0	-82.43367802433775	0	206.55127656679227
0	120.75	0	-82.77191788524594	0	206.4970826297312
0	121.4375	0	-83.205149376867	0	206.3477569714535
0	122.12499999999999	0	-83.51973807572908	0	206.16638580382886
0	122.74999999999997	0	-84.02111341879639	0	205.98904632753397
0	123.18749999999999	0	-84.44980550270118	0	205.7955019388649
0	123.8125	0	-84.865033351746	0	205.55475924830853
0	124.1875	0	-85.32559623693696	0	205.42513576277702
0	124.875	0	-85.6305939080675	0	205.2667449952253
0	125.31249999999997	0	-85.98955651778407	0	205.07781001190511
0	126.0	0	-86.43723497920499	0	204.84182508322377
0	126.62499999999999	0	-86.83114438267842	0	204.58739214864863
0	126.99999999999999	0	-87.31073846833321	0	204.2770757931011
0	127.49999999999999	0	-87.74322678798633	0	203.9596800510402
0	127.8125	0	-88.16130455313125	0	203.67389084181104
0	128.25	0	-88.5579462166893	0	203.28667189226383
0	128.625	0	-89.08368903983693	0	202.83138345037247
0	129.24999999999997	0	-90.3379281784417	0	201.896269972928
0	129.5625	0	-90.73379241382546	0	201.57308929315403
0	129.9375	0	-91.33730675129175	0	201.22859197134594
0	130.37500000000003	0	-91.70946289503065	0	200.92331198145098
0	130.625	0	-92.09818507718948	0	200.6054949758709
0	131.0	0	-92.54969119502502	0	200.2283580099361
0	131.375	0	-92.93782910141186	0	199.9490113399202
0	131.75	0	-93.39457406195342	0	199.59126149644496
0	132.0	0	-93.8355405408915	0	199.24554792444752
0	132.4375	0	-94.12509262188445	0	198.96084050679534
0	132.8125	0	-94.43642383960898	0	198.7049688847424
0	133.125	0	-94.75063931532749	0	198.4409920662235
0	133.5	0	-95.06496178479209	0	198.15572697876354
0	133.81249999999997	0	-95.4308795615019	0	197.8415231579729
0	134.3125	0	-95.71176500413786	0	197.6302078678624
0	134.62499999999997	0	-96.033858341611	0	197.42559427297167
0	135.06249999999997	0	-96.31199710192459	0	197.2338545670857
0	135.4375	0	-96.59438549255735	0	197.08685382185348
0	136.0	0	-96.76984607890171	0	196.99959252915326
0	136.9375	0	-97.34479086984963	0	196.7666337089285
0	137.43749999999997	0	-97.59119946741535	0	196.68954269707314
0	137.99999999999997	0	-97.67126290065565	0	196.65431573916044
0	138.375	0	-97.81602041047691	0	196.64615382910358
0	138.75	0	-97.98256041240562	0	196.65130065727274
0	139.625	0	-98.14074962288969	0	196.69653984768823
0	140.24999999999997	0	-98.40741253400606	0	196.836316345396
0	140.9375	0	-98.48792158636755	0	196.93676868587795
0	141.5	0	-98.63632662431412	0	196.9787786319324
0	142.06249999999997	0	-98.63014473905204	0	196.99418369328555
0	142.375	0	-98.707087020843	0	197.03808342523962
0	142.75	0	-98.77248836565727	0	197.07728181609136
0	143.0625	0	-98.81765766552822	0	197.08676344263617
0	143.25	0	-98.86992974867317	0	197.08955023217771
0	143.6875	0	-98.88000619240127	0	197.0592778336983
0	143.75	0	-98.92252638855236	0	197.04040729927354
0	143.8125	0	-98.97532901056817	0	197.0199046048776
0	143.875	0	-98.99444500666038	0	197.02035219317267
0	144.0	0	-98.96878958390184	0	197.04300498748344
0	144.0	0	-98.96878958390184	0	197.04300498748344
0	144.0	0	-98.96770760236053	0	197.04449420731518
0	144.0	0	-98.9590517500301	0	197.05640796596904
0	144.0	0	-98.95580580540621	0	197.0608756254642
0	144.0	0	-98.95472382386491	0	197.06236484529595
0	144.0	0	-98.95472382386491	0	197.06236484529595
0	144.0	0	-98.95472382386491	0	197.06236484529595
0	144.0	0	-98.95472382386491	0	197.06236484529595
0	144.0	0	-98.95959872165054	0	197.0681819912929
0	144.0	0	-98.96447361943616	0	197.07399913728986
0	144.0	0	-98.96894127893135	0	197.07724508191376
0	144.0	0	-98.97340893842656	0	197.08049102653766
0	144.0	0	-98.98532269708042	0	197.0891468788681
0	144.0625	0	-98.97450236419759	0	197.1087541094189
0	144.0625	0	-98.97573249257715	0	197.11646637626484
0	144.0625	0	-98.97089052528354	0	197.1356917939516
0	144.125	0	-98.9443874459197	0	197.16439887449127
0	144.125	0	-98.94245638083639	0	197.2016217100959
0	144.4375	0	-98.83278308703113	0	197.51549756627054
0	144.6875	0	-98.7363690299172	0	197.71855775997497
0	145.0	0	-98.63259479100853	0	197.94108873567754
0	145.4375	0	-98.477308093728	0	198.27557278189065
0	146.12499999999997	0	-98.2188515209632	0	198.72004896603312
0	146.625	0	-98.0333293663088	0	199.1677622747776
0	147.375	0	-97.7942763366586	0	199.69180545613253
0	147.9375	0	-97.62890133052169	0	200.12172301192575
0	148.68749999999997	0	-97.39532661186261	0	200.54586514527793
0	149.1875	0	-97.254308408532	0	200.89591210070054
0	149.8125	0	-97.04936553931064	0	201.24240764573216
0	150.25	0	-96.92974099185732	0	201.59489145482667
0	150.9375	0	-96.712083838525	0	201.9388191787341
0	151.4375	0	-96.57218278744561	0	202.28300936468332
0	151.9375	0	-96.4350368459455	0	202.65538611991963
0	152.8125	0	-96.15194333702118	0	203.08094234076205
0	153.75	0	-95.87803616064019	0	203.5573936627623
0	154.31249999999997	0	-95.74317774319219	0	203.9819873415376
0	154.99999999999997	0	-95.54258337129772	0	204.39772507090095
0	156.9375	0	-94.89960483947281	0	205.54578400202965
0	157.62499999999997	0	-94.6781501043508	0	205.9517702508799
0	158.31249999999997	0	-94.45923485418001	0	206.3752942400799
0	158.99999999999997	0	-94.24376523913047	0	206.79092450064536
0	159.68749999999997	0	-94.03983763209949	0	207.2076063030493
0	160.75	0	-93.71156912656974	0	207.70723698295876
0	161.87499999999997	0	-93.41641971704999	0	208.27123844194642
0	162.5625	0	-93.2885605566449	0	208.74187659153952
0	163.62499999999997	0	-92.9891451745082	0	209.19506628119706
0	164.375	0	-92.79101885581348	0	209.57700648516328
0	165.0625	0	-92.6116749387173	0	209.919253026994
0	166.125	0	-92.29215739510961	0	210.3315725541793
0	166.8125	0	-92.13178803835501	0	210.69056427799802
0	167.8125	0	-91.9096946207993	0	211.1059353894234
0	168.875	0	-91.70207327084941	0	211.58489666848197
0	169.5625	0	-91.62118759058296	0	211.94202082916675
0	171.06249999999997	0	-91.29956851033565	0	212.5962887751418
0	171.81249999999997	0	-91.17607170725525	0	212.961287183743
0	172.87499999999997	0	-90.97723302737465	0	213.41334643141096
0	175.5	0	-90.62026159245433	0	214.50340000930788
0	176.25	0	-90.55631265247963	0	214.82172021333614
0	177.3125	0	-90.4220466152387	0	215.2283993597134
0	178.43750000000003	0	-90.27216518166837	0	215.6610142525489
0	179.1875	0	-90.26841592345417	0	215.99201621533481
0	180.37499999999997	0	-90.23242852484063	0	216.48775532196973
0	181.49999999999997	0	-90.15199783679873	0	216.91735208664304
0	182.25	0	-90.2042028870966	0	217.21895470592608
0	183.31250000000003	0	-90.15660007531353	0	217.60176105209146
0	184.0	0	-90.25748427653951	0	217.8452496443087
0	185.0	0	-90.2678586783067	0	218.17339351478674
0	185.68750000000003	0	-90.30152571750156	0	218.38237339217318
0	186.56249999999997	0	-90.3719448607429	0	218.64288866737706
0	187.125	0	-90.49472211868219	0	218.79570505785242
0	187.99999999999997	0	-90.56173859845498	0	219.04833336602374
0	188.875	0	-90.68330149938386	0	219.29013041654017
0	189.6875	0	-90.71665702524139	0	219.50276581400757
0	190.43750000000003	0	-90.85281709670187	0	219.69078195049693
0	192.25	0	-91.15865788675453	0	220.19990444088157
0	192.75	0	-91.3678645508658	0	220.3367255923297
0	193.56250000000003	0	-91.45019915727725	0	220.5950379993781
0	194.125	0	-91.53397505942661	0	220.74792116888165
0	194.56249999999997	0	-91.58489392041038	0	220.7965323829177
0	195.0625	0	-91.54324345174118	0	220.83364851869152
0	195.3125	0	-91.49247579472852	0	220.78513525737614
0	195.43749999999997	0	-91.43044762425353	0	220.6898774849902
0	195.43749999999997	0	-91.36934719022798	0	220.56543440267012
0	195.43749999999997	0	-91.30924156307537	0	220.49991654089524
0	195.3125	0	-91.30375165294981	0	220.43243052595642
0	195.3125	0	-91.30666836561183	0	220.44308310023277
0	195.3125	0	-91.3136430745518	0	220.47552694183884
0	195.3125	0	-91.31366409396065	0	220.49651501767653
0	195.3125	0	-91.26486125999844	0	220.45071297401168
0	195.24999999999997	0	-91.25970134004275	0	220.36612034213474
0	195.24999999999997	0	-91.25212082534857	0	220.28232876593663
0	195.3125	0	-91.26861695820216	0	220.2340573507689
0	195.3125	0	-91.25690806873644	0	220.14947090198814
0	195.43749999999997	0	-91.15923063707454	0	219.88073058838825
0	195.43749999999997	0	-91.1161114288665	0	219.72458653218445
0	195.375	0	-91.07258952924627	0	219.50923008854946
0	195.3125	0	-91.03646790298306	0	219.31285818627214
0	195.24999999999997	0	-90.9893352375427	0	219.075624350773
0	195.24999999999997	0	-90.95690068235838	0	218.89367088831548
0	195.3125	0	-90.90577461930069	0	218.70168999863637
0	195.3125	0	-90.88085644522052	0	218.4852146622613
0	195.375	0	-90.85630628917156	0	218.2935607172058
0	195.56249999999997	0	-90.8275450331859	0	218.12047026667452
0	195.6875	0	-90.82374041507595	0	217.96121580476526
0	195.875	0	-90.83043080414743	0	217.78176194765402
0	196.0625	0	-90.85135120753884	0	217.62100708617217
0	196.24999999999997	0	-90.8760106986619	0	217.49537078308055
0	196.62500000000003	0	-90.8630915177807	0	217.42900808050123
0	196.8125	0	-90.85623934690966	0	217.30459241198983
0	197.0625	0	-90.84121812391389	0	217.20194779409863
0	197.375	0	-90.82047028962894	0	217.09729121706874
0	197.5625	0	-90.83299842428424	0	216.9412272971848
0	198.125	0	-90.76699509577311	0	216.43158269042905
0	198.37500000000003	0	-90.68320910822155	0	216.15935068010072
0	198.49999999999997	0	-90.57692454817986	0	215.76040163176793
0	198.56249999999997	0	-90.47132082278095	0	215.39405750810272
0	198.62499999999997	0	-90.30110739726673	0	214.86493129826894
0	198.68749999999997	0	-90.19880662164304	0	214.5110335368427
0	198.75	0	-90.12232795733595	0	214.16584656348658
0	198.875	0	-90.03666576862622	0	213.76160456268016
0	198.99999999999997	0	-89.93341249447059	0	213.38277215975552
0	199.125	0	-89.79031393040776	0	212.924178464702
0	199.31249999999997	0	-89.6271269538143	0	212.44541326210046
0	199.4375	0	-89.4752141550965	0	211.9078508192231
0	199.5625	0	-89.33673971437166	0	211.41231373990271
0	199.6875	0	-89.19555587704403	0	210.92352780805376
0	199.875	0	-89.02030300607075	0	210.42556542361072
0	200.0	0	-88.87711983719595	0	210.0156707600028
0	200.1875	0	-88.72454255887534	0	209.6054363157468
0	200.37499999999997	0	-88.57687347239	0	209.1698190769777
0	200.5625	0	-88.40707738633199	0	208.5930380540694
0	200.9375	0	-87.97679400824526	0	207.25683746432324
0	201.1875	0	-87.80128959218598	0	206.65621368297693
0	201.3125	0	-87.60964019742121	0	205.93301743700385
0	201.50000000000003	0	-87.36238852462773	0	205.24938435895785
0	201.56249999999994	0	-87.1170165528295	0	204.52113150654196
0	201.62499999999997	0	-86.9448963583184	0	203.94596566447137
0	201.68749999999997	0	-86.72161419067568	0	203.2781682625919
0	201.68749999999997	0	-86.4376252014453	0	202.38475840249743
0	201.68749999999997	0	-86.15789030931072	0	201.58672600001347
0	201.62499999999997	0	-85.91262236023623	0	200.80066761949945
0	201.62499999999997	0	-85.64284000598654	0	200.05021405535027
0	201.56249999999994	0	-85.27866064854949	0	198.9826559282282
0	201.50000000000003	0	-84.95628200187429	0	198.03718483609896
0	201.43750000000003	0	-84.6057119229056	0	197.04746459671074
0	201.375	0	-84.33473542172128	0	196.27174897017565
0	201.3125	0	-84.06807492947394	0	195.5398302868222
0	201.25	0	-83.76426829630294	0	194.7157237400059
0	201.1875	0	-83.46537503631835	0	193.90157562080245
0	201.0	0	-82.70907780944779	0	191.65387901765513
0	200.9375	0	-82.38105842361392	0	190.74845146347803
0	200.9375	0	-82.05849722962358	0	189.96721762802616
0	200.81249999999994	0	-81.64725549790455	0	188.84322757394665
0	200.75000000000003	0	-81.33926174068964	0	188.06412265415204
0	200.5	0	-80.72986012509041	0	186.68387736475245
0	200.31249999999997	0	-80.36852754204901	0	185.89663973049676
0	200.1875	0	-80.01314887114924	0	185.10130893013581
0	200.0	0	-79.6069039233331	0	184.25362774207562
0	199.6875	0	-79.18258321699028	0	183.34905743997572
0	199.4375	0	-78.72524361137725	0	182.38554213911976
0	199.06249999999997	0	-78.30177775689171	0	181.4170862175086
0	198.68749999999997	0	-77.63297327474653	0	180.02581458848255
0	198.125	0	-77.25630916098763	0	178.99559388300648
0	197.75	0	-76.80373056066934	0	177.9104601252528
0	197.375	0	-76.33871603653266	0	176.77450265531482
0	196.68749999999994	0	-75.90410133579918	0	175.61220769922906
0	196.24999999999997	0	-75.3908395892529	0	174.46290331128571
0	194.37500000000003	0	-73.80799459699814	0	171.0890191494523
0	193.87499999999997	0	-73.39113649783357	0	169.9149817222025
0	193.0625	0	-72.78800419326991	0	168.42485612173675
0	192.5625	0	-72.27237778460591	0	167.26960480380697
0	191.75	0	-71.91511977753582	0	166.04342624345617
0	191.25000000000003	0	-71.53471741366283	0	164.94325811337492
0	190.68749999999997	0	-71.1587657292231	0	163.7899504983786
0	190.0	0	-70.86644088692127	0	162.5487454096762
0	189.56249999999997	0	-70.54478278850603	0	161.3271477986545
0	188.875	0	-70.27097867651167	0	159.95471144289215
0	188.24999999999997	0	-69.94660580638555	0	158.5647677293151
0	187.8125	0	-69.6759289191774	0	157.49554809881897
0	187.24999999999997	0	-69.35294360412735	0	156.08088028351776
0	186.8125	0	-69.14939955228266	0	154.95311886290094
0	186.49999999999997	0	-68.95154525628988	0	154.0171935529166
0	186.24999999999997	0	-68.81577335135982	0	153.2000952879611
0	185.9375	0	-68.65475742533918	0	152.03547599608564
0	185.74999999999997	0	-68.5026293472217	0	151.0069574273967
0	185.5625	0	-68.4166434374403	0	150.19006749463855
0	185.18749999999997	0	-68.42881964700082	0	147.94259081516654
0	185.125	0	-68.33556041703645	0	147.11914556802134
0	185.125	0	-68.25334313336822	0	146.2024366398424
0	185.18749999999997	0	-68.22017209126416	0	145.46255113075438
0	185.31249999999997	0	-68.20607719546197	0	144.73944507194182
0	185.4375	0	-68.17490920946666	0	144.04928083813314
0	185.62500000000003	0	-68.15489232974993	0	143.47827370187412
0	185.81249999999997	0	-68.17486571299317	0	142.9197262957387
0	186.24999999999997	0	-68.18969562371458	0	142.3969202259367
0	186.68750000000003	0	-68.24621664146275	0	141.66851719868887
0	186.99999999999997	0	-68.30761546778787	0	141.04782885712677
0	187.31249999999997	0	-68.3770929511751	0	140.54040081816464
0	187.62499999999997	0	-68.42145915194146	0	140.03187828296973
0	188.125	0	-68.37822127940082	0	139.56506745692832
0	188.5	0	-68.39534025150108	0	139.04782214158695
0	188.8125	0	-68.41842598406602	0	138.47682288054958
0	189.1875	0	-68.35967150362846	0	137.95389635247668
0	189.6875	0	-68.34475178294893	0	137.2573792111367
0	190.25	0	-68.34079247257101	0	136.67955821634183
0	191.31250000000003	0	-68.37111518744511	0	134.99124485483546
0	191.625	0	-68.39462915565113	0	134.3444119206498
0	192.12499999999997	0	-68.3568963880991	0	133.66464189367827
0	192.43749999999997	0	-68.35856074214783	0	133.12777551063584
0	192.9375	0	-68.25613865936761	0	132.63310337711368
0	193.25	0	-68.14621954315355	0	131.91841134641953
0	193.56250000000003	0	-68.07283528264018	0	131.2816756164748
0	193.9375	0	-67.9553492793561	0	130.64222717341048
0	194.18749999999997	0	-67.81313484848603	0	130.0654892521907
0	194.56249999999997	0	-67.66311981622586	0	129.34652180880965
0	194.75	0	-67.56779393426218	0	128.5478419254255
0	195.0	0	-67.39114452823515	0	127.87159643984747
0	195.125	0	-67.22821744020044	0	127.13602954731573
0	195.375	0	-67.0419932963385	0	126.32683049161881
0	195.56249999999997	0	-66.84678184548538	0	125.64596719818807
0	195.62499999999997	0	-66.647820481054	0	124.91807594297033
0	195.75	0	-66.46889782430063	0	124.27264657155047
0	195.8125	0	-66.31796788982199	0	123.57513606906929
0	195.93749999999997	0	-66.12277674298772	0	122.87307951837991
0	196.125	0	-65.62705895045912	0	120.98956476302536
0	196.18749999999997	0	-65.4383105084335	0	120.22412378271298
0	196.24999999999997	0	-65.26757454192811	0	119.65663707078109
0	196.31249999999997	0	-65.06503373384632	0	119.00831853306788
0	196.31249999999997	0	-64.89566525262711	0	118.34439415250553
0	196.31249999999997	0	-64.7613708221293	0	117.70856484241301
0	196.375	0	-64.57600512710064	0	117.00341098438899
0	196.4375	0	-64.34657785324868	0	116.20951393922553
0	196.5	0	-64.09998374534105	0	115.43221518848621
0	196.5	0	-63.867660047756566	0	114.65438478849006
0	196.5	0	-63.68358026796789	0	113.84498536216809
0	196.5	0	-63.48354100633686	0	113.16318287382852
0	196.5625	0	-63.14754898275984	0	112.08601135146823
0	196.5625	0	-62.97018893320454	0	111.48964350359255
0	196.5625	0	-62.771839528672274	0	110.82269957904514
0	196.5	0	-62.59209156004533	0	110.15970390239762
0	196.5	0	-62.369500739131375	0	109.47306247236683
0	196.4375	0	-62.12926194249079	0	108.73964717673965
0	196.4375	0	-61.90076387864598	0	108.04321185790883
0	196.375	0	-61.37688608679221	0	106.2131782834391
0	196.31249999999997	0	-61.18173316916058	0	105.53556172071521
0	196.24999999999997	0	-60.96771130541584	0	104.77141411060721
0	196.24999999999997	0	-60.7740326534807	0	104.10693275855056
0	196.24999999999997	0	-60.5797046064582	0	103.36786300781972
0	196.18749999999997	0	-60.40409240416091	0	102.70566349894887
0	196.18749999999997	0	-60.18753266624298	0	101.95965254169855
0	196.125	0	-60.0032170218753	0	101.28465770072293
0	196.125	0	-59.83092709949591	0	100.6887213203394
0	196.18749999999997	0	-59.67303386909909	0	100.16350263424732
0	196.18749999999997	0	-59.47415211595011	0	99.41235992965292
0	196.24999999999997	0	-59.22328325938971	0	98.60746725369962
0	196.24999999999997	0	-58.99869843959258	0	97.83695164333606
0	196.24999999999997	0	-58.78104008173524	0	97.03757388365263
0	196.24999999999997	0	-58.60871077007548	0	96.39371303615266
0	196.18749999999997	0	-58.416120184374606	0	95.68660633462493
0	196.125	0	-58.178716885167944	0	94.92157086838127
0	196.0	0	-57.93533211154697	0	94.16573706801229
0	195.875	0	-57.74586807982028	0	93.54378126900045
0	195.49999999999997	0	-57.138991873852156	0	91.4229482402102
0	195.3125	0	-56.94277016268947	0	90.68041032977779
0	195.125	0	-56.70822972704105	0	89.81095951275557
0	194.93749999999997	0	-56.42929750994989	0	88.90762528962036
0	194.875	0	-56.179444765555466	0	88.12820613993175
0	194.6875	0	-55.92792356289565	0	87.26127964949642
0	194.56249999999997	0	-55.76152949405962	0	86.58912517721193
0	194.43749999999997	0	-55.54283136106472	0	85.86392531610912
0	194.3125	0	-55.31157104804003	0	85.10576407286932
0	194.125	0	-55.037121909149555	0	84.15890894210673
0	193.9375	0	-54.825840628749816	0	83.44660157110508
0	193.74999999999997	0	-54.574788804533625	0	82.67189732918568
0	193.4375	0	-54.284594490472976	0	81.69209956339525
0	193.18749999999997	0	-54.02895769398709	0	80.79859563823041
0	193.0625	0	-53.778394182665025	0	79.90784350079494
0	192.87499999999994	0	-53.602431475210274	0	79.11683157394431
0	192.6875	0	-53.33133074257723	0	77.95290647898811
0	192.625	0	-53.11697428412023	0	77.19340759988411
0	192.25	0	-52.594972665572726	0	74.94964394817777
0	192.12499999999997	0	-52.38702334880697	0	74.04512903828933
0	191.875	0	-52.142528098734765	0	72.94859698312462
0	191.625	0	-51.948574164982	0	72.07274409761746
0	191.49999999999997	0	-51.7096950727336	0	71.16868188040856
0	191.25000000000003	0	-51.51353676783166	0	70.24436190728865
0	191.06249999999997	0	-51.34727566974414	0	69.3349056460119
0	190.81249999999997	0	-51.159986386288985	0	68.4181398758563
0	190.62499999999997	0	-50.97372839409949	0	67.5424611593988
0	190.37499999999997	0	-50.81130516363429	0	66.69774547737791
0	190.1875	0	-50.675859650225775	0	65.8464054755516
0	190.06249999999997	0	-50.51064930123266	0	64.8976881189909
0	189.9375	0	-50.37197788880028	0	64.13681176973506
0	189.75000000000003	0	-50.21050895785319	0	63.301257976840866
0	189.625	0	-50.053264072709254	0	62.53788941164091
0	189.50000000000003	0	-49.907660481514874	0	61.83223365217595
0	189.31249999999997	0	-49.772274632529665	0	61.07804594500115
0	189.1875	0	-49.58819735729024	0	60.24046574425111
0	189.0	0	-49.3758824360335	0	59.401475542051216
0	188.31249999999997	0	-48.78576814910476	0	57.03498298480509
0	188.125	0	-48.60884136170096	0	56.25656728075094
0	187.9375	0	-48.448515754678176	0	55.471900293397155
0	187.75	0	-48.31132297816397	0	54.77865719071
0	187.49999999999997	0	-48.14879435379541	0	54.00674035623182
0	187.31249999999997	0	-47.974286997886274	0	53.23071398459469
0	186.99999999999997	0	-47.844920845239784	0	52.38357321090988
0	186.68750000000003	0	-47.728008467426974	0	51.48107617534908
0	186.49999999999997	0	-47.61784885445266	0	50.68360901494325
0	186.24999999999997	0	-47.508145823899234	0	49.89883828728326
0	186.125	0	-47.37316720377146	0	49.08920778810256
0	185.9375	0	-47.27586441102964	0	48.40306584660004
0	185.68750000000003	0	-47.1939417790164	0	47.716996761396295
0	185.5	0	-47.09535738188259	0	47.056649514703395
0	185.24999999999997	0	-46.99293472971518	0	46.24294787104213
0	185.125	0	-46.912023095392044	0	45.56057163283512
0	185.0	0	-46.84440716513075	0	44.845575091845866
0	184.875	0	-46.77942630406475	0	44.20423875141538
0	184.75	0	-46.71361977430983	0	43.57957098409654
0	184.62499999999997	0	-46.658975861619645	0	42.96135546284227
0	184.49999999999997	0	-46.59082118420445	0	41.29725372378256
0	184.49999999999997	0	-46.59982776161381	0	40.80169120060605
0	184.62499999999997	0	-46.59246394116768	0	40.36672210448097
0	184.6875	0	-46.6182316922859	0	39.96026399291273
0	184.75	0	-46.64742669742459	0	39.53313810771617
0	184.93749999999997	0	-46.65235007499672	0	39.165452226939095
0	185.125	0	-46.69213305107764	0	38.764947800545315
0	185.31249999999997	0	-46.75728428721552	0	38.39511072433548
0	185.68750000000003	0	-46.83327001335529	0	38.09610862638019
0	186.0625	0	-46.92219331135252	0	37.75801410763642
0	186.49999999999997	0	-46.92909017010759	0	37.496990546095454
0	186.8125	0	-47.01650199744831	0	37.268491391697495
0	187.4375	0	-47.080872013905996	0	37.1760892534473
0	188.06249999999997	0	-47.289609023540336	0	37.01221186911138
0	188.75000000000003	0	-47.41926326026712	0	36.92860620273968
0	189.43749999999997	0	-47.58269045990869	0	36.80035883680588
0	189.9375	0	-47.74786365238148	0	36.62865048501822
0	190.56249999999997	0	-47.836054068176026	0	36.52747778562352
0	191.9375	0	-48.155331190602716	0	36.043956117157165
0	192.625	0	-48.27473566648526	0	35.8452503296327
0	193.375	0	-48.308017191010116	0	35.76903460457764
0	193.9375	0	-48.41433723981316	0	35.61686464136491
0	194.75	0	-48.538576486669385	0	35.57647374695368
0	195.3125	0	-48.691699256529304	0	35.49384072846383
0	196.125	0	-48.81138720879697	0	35.49555949986903
0	196.75	0	-48.969448046526054	0	35.4513340850103
0	197.31249999999997	0	-49.16640395104482	0	35.412432514604305
0	198.24999999999997	0	-49.37558032866063	0	35.4405335398744
0	198.875	0	-49.581150123545235	0	35.43003987022351
0	199.875	0	-49.752451380038174	0	35.57583068523412
0	200.5625	0	-50.05847858135808	0	35.60021538287638
0	201.62499999999997	0	-50.279135428450836	0	35.77247380402195
0	202.6875	0	-50.51030167040365	0	35.96544995542313
0	203.43749999999997	0	-50.875738190865285	0	36.02942848002443
0	204.56250000000003	0	-51.11350586034534	0	36.26321190792956
0	205.62500000000003	0	-51.433700004168614	0	36.42842494312051
0	206.31250000000003	0	-51.72479569308606	0	36.505816318438534
0	208.31249999999997	0	-52.45171999525067	0	36.80537902913661
0	208.99999999999997	0	-52.76509626973963	0	36.91322529097204
0	209.99999999999997	0	-53.026095143887495	0	37.13255062761186
0	210.9375	0	-53.38879701681415	0	37.26716684126333
0	211.5625	0	-53.71713357586979	0	37.31761091325878
0	212.50000000000003	0	-54.01078913696886	0	37.514704072452446
0	213.8125	0	-54.58378803724785	0	37.71757477923336
0	214.37499999999997	0	-54.87169284559272	0	37.78523460493286
0	215.3125	0	-55.28778788442457	0	37.96871537613789
0	215.87499999999997	0	-55.618018181988454	0	38.03575536714555
0	216.8125	0	-55.93347244477576	0	38.23423801464405
0	217.31250000000003	0	-56.23837258599275	0	38.250840876421236
0	218.125	0	-56.5812297539881	0	38.3839918134288
0	218.68749999999997	0	-56.94007859406181	0	38.425934572078
0	219.5	0	-57.23486721546253	0	38.60492020748994
0	220.06249999999997	0	-57.62506322548057	0	38.59099540786344
0	220.74999999999997	0	-57.877658601185146	0	38.72269456865197
0	221.24999999999997	0	-58.118321767700685	0	38.77012828279033
0	222.25000000000003	0	-58.471299270105554	0	38.92714172286085
0	223.06249999999997	0	-58.83056213870841	0	39.034552268789994
0	223.6875	0	-59.09747270185592	0	39.13778433257444
0	224.12499999999997	0	-59.37217566798209	0	39.16754609121083
0	224.68749999999997	0	-59.64060508705391	0	39.25840242788303
0	225.0625	0	-59.92820882948511	0	39.291851067397594
0	225.6875	0	-60.282296101566104	0	39.4395595039812
0	226.3125	0	-60.61740897939286	0	39.58627518776025
0	226.75	0	-61.011507083198325	0	39.6361342578173
0	227.4375	0	-61.3967357447244	0	39.801091357904255
0	227.875	0	-61.765131149437714	0	39.88634263259293
0	228.5625	0	-62.13238888585683	0	40.08433020477943
0	229.0625	0	-62.57590827602906	0	40.1954274908155
0	229.81250000000003	0	-63.047583757135826	0	40.398102384716594
0	230.43749999999994	0	-63.565009827823424	0	40.49919655644315
0	231.4375	0	-64.14467303758423	0	40.72585910840721
0	232.1875	0	-64.8534154727038	0	40.796717585785174
0	232.99999999999997	0	-65.58178426830328	0	40.832879341731314
0	234.3125	0	-66.33828291429008	0	41.086352609843104
0	236.56250000000003	0	-67.84622497242573	0	41.46917723596559
0	238.43749999999997	0	-69.32940003854434	0	41.66993489774759
0	239.75	0	-70.31490059876315	0	41.88016966751868
0	240.625	0	-71.12476643656194	0	41.919426260433376
0	241.875	0	-72.03452448298503	0	42.11526259204147
0	242.8125	0	-72.95182907429032	0	42.10562213015229
0	244.24999999999997	0	-73.92495449337743	0	42.26198561429215
0	245.18750000000003	0	-74.70080185217543	0	42.294148863573284
0	246.56249999999997	0	-75.95621049189658	0	42.30421503076564
0	247.93749999999997	0	-76.86176565079657	0	42.49113027471491
0	248.87499999999997	0	-77.55355969666856	0	42.51340357864884
0	249.6875	0	-78.33808646238799	0	42.429190789829555
0	251.00000000000003	0	-79.24408975442691	0	42.483957190351894
0	251.81249999999997	0	-79.94355908919458	0	42.341388078586064
0	252.99999999999997	0	-80.697927922695	0	42.36131173105935
0	253.8125	0	-81.40621911666655	0	42.284026557551364
0	254.99999999999997	0	-82.14864481480708	0	42.358593860642436
0	256.125	0	-82.85884394072986	0	42.300967945843155
0	256.875	0	-83.50415714396699	0	41.95546097080375
0	258.125	0	-84.14107148032825	0	41.80854401248819
0	259.125	0	-84.53837544237983	0	41.59497407888451
0	259.5625	0	-84.66427924416189	0	41.48570978369525
0	260.37499999999994	0	-84.75979671614122	0	41.281295513942936
0	260.75000000000006	0	-84.75674741500853	0	41.20205159375249
0	261.3125	0	-84.76161092793656	0	41.166160425891476
0	261.6875	0	-84.71173034719274	0	41.10580842779974
0	262.0625	0	-84.63670295331575	0	41.02338217088541
0	262.75	0	-84.57937379834239	0	40.946369897706454
0	263.4375	0	-84.57757183244641	0	40.89464383199889
0	263.93749999999994	0	-84.5070520062093	0	40.80217668468736
0	264.375	0	-84.39299689377812	0	40.730588798475246
0	265.0625	0	-84.27838275277438	0	40.727715915594246
0	265.5	0	-84.12594685764246	0	40.61238027444057
0	266.125	0	-84.07782569979157	0	40.60772223919576
0	266.625	0	-83.96503226545447	0	40.56928529601912
0	267.0625	0	-83.8171823276087	0	40.48817478080765
0	267.75	0	-83.74103586745123	0	40.44886225796666
0	268.43749999999994	0	-83.61744775059084	0	40.310394327115475
0	269.25	0	-83.29165910214108	0	40.170287910232176
0	270.12499999999994	0	-82.51858954042588	0	40.00062664095046
0	270.625	0	-82.2070933440566	0	40.02960431412649
0	270.875	0	-81.80649643920837	0	40.04129363200007
0	271.12499999999994	0	-81.41306403283791	0	40.04176749451348
0	271.5	0	-81.0480271760637	0	40.06290855046851
0	271.9375	0	-80.5761306749029	0	40.076024025196936
0	272.1875	0	-80.0289322824806	0	40.058861502984456
0	272.5	0	-79.42971382499762	0	40.07554488050048
0	272.75	0	-78.89717649189211	0	40.06501571529897
0	273.0625	0	-78.40790731905906	0	40.07185487251035
0	273.25	0	-77.81092709899416	0	40.07132260376096
0	273.4375	0	-77.27471759149655	0	40.071336060980464
0	273.75	0	-76.71807195612365	0	40.06745276624532
0	273.9375	0	-76.06652609588747	0	40.03137548069131
0	274.1875	0	-75.32349236199919	0	40.00903393115685
0	274.375	0	-74.65218209646814	0	40.012511043244835
0	274.625	0	-73.98366590317087	0	40.05135994218872
0	274.87500000000006	0	-73.19727519356631	0	40.11692577309403
0	275.0625	0	-71.97071917769331	0	40.2220123181435
0	275.24999999999994	0	-70.516390613247	0	40.322857654859845
0	275.43749999999994	0	-69.78684063245535	0	40.404939817601274
0	275.56249999999994	0	-69.08677081800207	0	40.46812020890417
0	275.8125	0	-68.37804211182892	0	40.57085895425716
0	275.93750000000006	0	-67.53904554908947	0	40.61550138626703
0	276.24999999999994	0	-66.82452965526318	0	40.69587645752383
0	276.5625	0	-65.90851783663248	0	40.76413805972589
0	276.75	0	-65.16321868106353	0	40.75932552760275
0	277.125	0	-64.58432233413002	0	40.79601654050229
0	277.37499999999994	0	-63.86920707030346	0	40.84502031929179
0	277.6875	0	-63.277811227044005	0	40.88936931891263
0	277.99999999999994	0	-62.633053320080975	0	40.899337977193156
0	278.25	0	-61.97526263528315	0	40.925560803244856
0	278.625	0	-61.17794500471524	0	40.97803430890107
0	279.0	0	-60.53046350038615	0	41.0028929549708
0	279.4375	0	-59.77401699660651	0	41.08211288035261
0	279.75	0	-59.10863082993722	0	41.172969447268166
0	280.0	0	-58.46507847457821	0	41.23013477715606
0	280.5	0	-57.45678685093692	0	41.43964242575723
0	281.0625	0	-56.04069382564396	0	41.73881650614708
0	281.25	0	-55.408565745072856	0	41.851720234004326
0	281.5625	0	-54.61655744109859	0	42.0636548178828
0	281.75	0	-53.921762806582265	0	42.174227125143986
0	282.0625	0	-53.0965737584674	0	42.281846892878384
0	282.4375	0	-52.12031507269768	0	42.48358939352032
0	282.81250000000006	0	-51.4395621430781	0	42.61567984051285
0	283.12499999999994	0	-50.86882145840155	0	42.693958806419005
0	283.49999999999994	0	-50.284151581642895	0	42.793964824539124
0	284.0	0	-49.668694517112264	0	42.87721825993049
0	284.375	0	-48.99387474809799	0	42.90989532804011
0	284.87500000000006	0	-48.3617269956674	0	43.0278462488433
0	285.31249999999994	0	-47.6317867584834	0	43.14615474581074
0	285.8125	0	-47.02944685258608	0	43.24423794607851
0	286.0625	0	-46.382307520536806	0	43.336429584742724
0	286.375	0	-45.80949574649174	0	43.47389624874836
0	286.75	0	-45.24771359858261	0	43.6098795953821
0	287.0625	0	-44.176281680877665	0	43.97474073376968
0	287.1875	0	-43.52909943813722	0	44.22371534936641
0	287.375	0	-42.17150873850245	0	44.69159875469014
0	287.5	0	-41.43326948597915	0	44.96316079188045
0	287.625	0	-40.720607377174986	0	45.24201693749021
0	287.8125	0	-40.03053292852057	0	45.50593249130621
0	288.0	0	-39.29092789506916	0	45.73017426423758
0	288.375	0	-38.70552166253048	0	45.98546858211463
0	288.625	0	-38.13513460125326	0	46.187526338995845
0	289.0625	0	-37.662282574979756	0	46.39977861931334
0	289.3125	0	-37.14839813584155	0	46.551365156427295
0	289.8125	0	-36.760111395541216	0	46.78446229631137
0	290.125	0	-36.294488526656146	0	47.02043964137913
0	290.62499999999994	0	-35.80073657991147	0	47.309542267822785
0	291.0	0	-35.19414207429217	0	47.668478560084594
0	291.1875	0	-34.62782500202983	0	48.050034463007556
0	291.37499999999994	0	-33.95177390822794	0	48.51350724159479
0	291.43749999999994	0	-33.4504228366805	0	48.8681252738398
0	291.49999999999994	0	-32.91335138711067	0	49.257189618600904
0	291.625	0	-32.05704980984093	0	49.908542998593546
0	291.6875	0	-31.501980818017607	0	50.35052355023195
0	291.75000000000006	0	-30.25584978089599	0	51.245473175778066
0	291.81249999999994	0	-29.494417422662934	0	51.953369579218915
0	291.875	0	-28.89580513977393	0	52.56177226715982
0	291.875	0	-28.26558674746801	0	53.17581393701271
0	291.9375	0	-27.4643924529545	0	53.92569508843488
0	291.9375	0	-26.8963634213409	0	54.392609478317716
0	291.875	0	-26.29627685832572	0	54.923963510476185
0	291.81249999999994	0	-25.667981132182216	0	55.529293634934525
0	291.625	0	-24.96912461505344	0	56.18003332284206
0	291.49999999999994	0	-24.389832710732403	0	56.80957222244048
0	291.1875	0	-23.678975386468302	0	57.467980910358335
0	291.0	0	-22.983876808443135	0	58.11868613605914
0	290.68749999999994	0	-22.327552755371297	0	58.81058528645293
0	290.4375	0	-21.639234911181923	0	59.45840439576429
0	289.9375	0	-20.63084666321991	0	60.216964965332814
0	289.75	0	-20.082482163843427	0	60.54838695895329
0	289.625	0	-19.553510105601156	0	60.84146562858122
0	289.5625	0	-18.60585081777095	0	61.220658422315715
0	289.625	0	-17.966311973798728	0	61.35043217372058
0	290.00000000000006	0	-17.002488018918832	0	61.43919560900803
0	290.25	0	-16.491040022149463	0	61.48186519012781
0	290.62499999999994	0	-16.09381503886646	0	61.56848645530995
0	291.06249999999994	0	-15.596729552978879	0	61.565683477476625
0	291.31249999999994	0	-15.127170174495593	0	61.59633366091734
0	291.625	0	-14.59977432310637	0	61.65762845131167
0	292.0	0	-14.024286952022297	0	61.63631662977685
0	292.31249999999994	0	-13.53200506887868	0	61.56944389496988
0	292.56250000000006	0	-13.089402657450988	0	61.59177633643881
0	292.81250000000006	0	-12.542145517720323	0	61.64709211981524
0	293.0	0	-11.968240380503916	0	61.68375684927814
0	293.3125	0	-11.515406873529281	0	61.68235418477766
0	293.5	0	-11.061574750240757	0	61.620853647548415
0	293.87499999999994	0	-10.697165948580192	0	61.46402905036531
0	294.25	0	-10.385145983222888	0	61.204080067918454
0	294.6875	0	-10.19684258499952	0	60.964022007902514
0	295.1875	0	-10.043381932966737	0	60.72597184039791
0	296.5	0	-9.846980014758751	0	60.1937632621637
0	297.0	0	-9.620781200499536	0	59.808231328743226
0	298.1875	0	-9.28326516410952	0	59.17295675346979
0	298.62499999999994	0	-9.032686533922444	0	58.75026678779909
0	299.24999999999994	0	-8.88703585509042	0	58.4271366032332
0	299.8125	0	-8.680349855746156	0	58.02693864226386
0	300.1875	0	-8.4280225140943	0	57.5878918159816
0	300.5625	0	-8.215169827976288	0	57.20049150597826
0	300.9375	0	-8.0005560051705	0	56.77997440415781
0	301.5625	0	-7.918738198603002	0	56.38400278781663
0	302.06249999999994	0	-7.80935467272043	0	55.940354377607655
0	303.125	0	-7.646928336076575	0	54.91744364198783
0	304.375	0	-7.682838867994049	0	53.78774814887783
0	305.0625	0	-7.745736293397103	0	53.067503818152254
0	306.3125	0	-8.069491228980082	0	52.1836159908359
0	307.125	0	-8.186029608629603	0	51.221871158304424
0	309.3125	0	-8.61595322377392	0	49.739812703981244
0	310.06249999999994	0	-8.697291803422303	0	49.104936150421175
0	311.5625	0	-8.837853397882652	0	47.68471965259746
0	312.25	0	-8.840288651874312	0	46.87776477060579
0	314.06249999999994	0	-9.121580679206103	0	45.416631755578095
0	315.12499999999994	0	-9.063231079268808	0	44.31954141119171
0	316.18749999999994	0	-9.11468460367145	0	43.33072835741482
0	316.87499999999994	0	-9.05868627300679	0	42.65597226949411
0	318.25	0	-9.067022556486013	0	41.63909419955647
0	319.3125	0	-9.071076822105445	0	40.85838187627921
0	320.0	0	-8.963607949140812	0	40.254563501307246
0	320.6875	0	-8.827617809096816	0	39.62037871611338
0	321.375	0	-8.666333558599487	0	38.94311162224041
0	322.43749999999994	0	-8.679138050123763	0	38.133186784789885
0	323.1875	0	-8.585195434737749	0	37.39657962997407
0	324.3125	0	-8.560562820757943	0	36.61042267134091
0	325.375	0	-8.430489142719864	0	35.69068235543804
0	326.125	0	-8.25123727503937	0	34.84583977395529
0	326.875	0	-8.170073801942056	0	34.17569891519675
0	327.9375	0	-8.071108254490728	0	33.238396628130765
0	329.75	0	-8.009470269082563	0	31.896359313231386
0	330.375	0	-7.751930170624698	0	31.178843215723152
0	331.9375	0	-7.615961166783508	0	29.958977600557166
0	332.5625	0	-7.394535548430326	0	29.29712774780357
0	333.4375	0	-7.296547955023485	0	28.620664339679646
0	333.99999999999994	0	-7.08239595867149	0	27.982459450142247
0	334.49999999999994	0	-6.92587010550059	0	27.41719878069657
0	335.00000000000006	0	-6.748115304609319	0	26.874154436228448
0	335.68749999999994	0	-6.648789326905918	0	26.33895657250349
0	336.375	0	-6.453386086440962	0	25.679400371428713
0	336.75	0	-6.147239932696706	0	25.054166157779807
0	337.37499999999994	0	-5.9291283739807925	0	24.345710076530104
0	338.0625	0	-5.733805579297002	0	23.64248209782784
0	338.5	0	-5.47107236502077	0	22.928673996587204
0	339.31250000000006	0	-5.381018168669283	0	21.99588681371906
0	340.1875	0	-5.3216969459579815	0	21.053316896052745
0	340.75	0	-5.261365682866101	0	20.35060252690569
0	341.68749999999994	0	-5.35816108589096	0	19.582055796150847
0	342.37500000000006	0	-5.333607342184159	0	18.694128981203672
0	344.125	0	-5.578953627479487	0	17.212680527307732
0	344.75	0	-5.6449055470454645	0	16.48341275060549
0	346.18749999999994	0	-5.81496342532024	0	14.87301321273424
0	346.9375	0	-5.8284350522893495	0	14.058400320428415
0	347.625	0	-5.747772397556239	0	13.089620940442847
0	348.125	0	-5.6950632914939545	0	12.36085839844745
0	348.56249999999994	0	-5.660901634939391	0	11.691968808704468
0	349.0	0	-5.623322652298144	0	10.997437743642308
0	349.56250000000006	0	-5.568572598501056	0	10.15707981156857
0	349.9375	0	-5.458691437158686	0	9.387131205082438
0	350.4375	0	-5.432506864011875	0	8.642507457533686
0	350.8125	0	-5.374621221160281	0	7.905146021704478
0	351.43749999999994	0	-5.430959677394589	0	7.199455544558198
0	351.875	0	-5.415092287912769	0	6.445099257941157
0	353.06249999999994	0	-5.374987506522551	0	4.933348070946465
0	353.5	0	-5.310334405750885	0	4.3340832338338595
0	353.9375	0	-5.265503565507218	0	3.7786407017373413
0	354.625	0	-5.302406292821034	0	3.080072837497169
0	355.0	0	-5.273205813452353	0	2.614784421727486
0	355.81249999999994	0	-5.220660988062765	0	1.6276409328138253
0	356.43750000000006	0	-5.190453659893852	0	0.9513702038956946
0	356.87500000000006	0	-5.139996405492376	0	0.4425945574887755
0	357.0625	0	-5.0872530870008985	0	0.15747511077516874
0	357.25	0	-5.062425794870746	0	-0.08185586576846984
0	357.50000000000006	0	-5.076006815636833	0	-0.3084314574256486
0	357.625	0	-5.07007417323318	0	-0.461864839772018
0	357.75	0	-5.054288842384415	0	-0.6082901570503731
0	357.93750000000006	0	-5.065144284986867	0	-0.7575049322393176
0	358.0	0	-5.063655889055308	0	-0.8424204962768145
0	358.0625	0	-5.0702135059477	0	-0.8975898584622453
0	358.12499999999994	0	-5.088433118704173	0	-0.9192309406501286
0	358.12499999999994	0	-5.088433118704173	0	-0.9192309406501286
0	358.12499999999994	0	-5.082913744592878	0	-0.9194116262501335
0	358.12499999999994	0	-5.071995453436928	0	-0.9234525801910269
0	358.12499999999994	0	-5.066596536392304	0	-0.9273128485319145
0	358.12499999999994	0	-5.059237370910567	0	-0.9275537626652548
0	358.12499999999994	0	-5.050038414058417	0	-0.9278549053319294
0	358.12499999999994	0	-5.034082577057879	0	-0.9467948758362437
0	358.12499999999994	0	-5.020207445561096	0	-0.9730337832889888
0	358.12499999999994	0	-4.9919753543008785	0	-1.0107932672310613
0	358.12499999999994	0	-4.962686442603573	0	-1.0725302675220358
0	358.12499999999994	0	-4.942174888025073	0	-1.1210875855533033
0	358.12499999999994	0	-4.92504177352078	0	-1.1603254896657504
0	358.1875	0	-4.933194399204303	0	-1.2117713562971122
0	358.25000000000006	0	-4.946629970884221	0	-1.2575380675691685
0	358.25000000000006	0	-4.945239769222506	0	-1.27231362928201
0	358.25000000000006	0	-4.9452959838135735	0	-1.2741535476723032
0	358.25000000000006	0	-4.9416161470331295	0	-1.2742659768544335
0	358.25000000000006	0	-4.923216963130852	0	-1.274828122765087
0	358.31249999999994	0	-4.910318908091931	0	-1.3048096642231415
0	358.31249999999994	0	-4.867297779190703	0	-1.3447501956039558
0	358.375	0	-4.844226240584771	0	-1.404469546162836
0	358.43749999999994	0	-4.833916011991895	0	-1.4619723631619266
0	358.43749999999994	0	-4.80890761472547	0	-1.4902764552046532
0	358.43749999999994	0	-4.789017949502526	0	-1.5037092277040074
0	358.43749999999994	0	-4.769178477461506	0	-1.5189820927030087
0	358.5	0	-4.758753328791076	0	-1.5746335921253547
0	358.5	0	-4.746305978997387	0	-1.5915322090006083
0	358.5	0	-4.731681181585849	0	-1.595597988698563
0	358.5	0	-4.711825061240464	0	-1.610849203108365
0	358.5	0	-4.7064973664607255	0	-1.6183543455059535
0	358.43749999999994	0	-4.685043707617517	0	-1.6059129432844783
0	358.43749999999994	0	-4.679674009664268	0	-1.6115838003293923
0	358.43749999999994	0	-4.679674009664268	0	-1.6115838003293923
0	358.43749999999994	0	-4.679674009664268	0	-1.6115838003293923
0	358.43749999999994	0	-4.6976733892056135	0	-1.5963611285123442
0	358.375	0	-4.69407649303874	0	-1.563179524458556
0	358.375	0	-4.695655527785239	0	-1.553927140813904
0	358.375	0	-4.6952901251166	0	-1.5410468842452556
0	358.375	0	-4.700392632024716	0	-1.5261699898802894
0	358.375	0	-4.705599539695298	0	-1.5149731688205539
0	358.375	0	-4.707282975204268	0	-1.5094008584813599
0	358.375	0	-4.708966410713238	0	-1.5038285481421658
0	358.375	0	-4.714329919527525	0	-1.4981518370405036
0	358.375	0	-4.714225518765056	0	-1.4944717637351592
0	358.375	0	-4.717696790545434	0	-1.4870072163620025
0	358.375	0	-4.721220262707048	0	-1.4813827056415747
0	358.375	0	-4.721220262707048	0	-1.4813827056415747
0	358.375	0	-4.723008098978484	0	-1.4794904686076114
0	358.375	0	-4.723008098978484	0	-1.4794904686076114
0	358.375	0	-4.723008098978484	0	-1.4794904686076114
0	358.375	0	-4.723008098978484	0	-1.4794904686076114
0	358.375	0	-4.723008098978484	0	-1.4794904686076114
0	358.375	0	-4.723008098978484	0	-1.4794904686076114
0	358.375	0	-4.723008098978484	0	-1.4794904686076114
0	358.375	0	-4.724848135631157	0	-1.479438268226377
0	358.375	0	-4.724795935249924	0	-1.4775982315737615
0	358.375	0	-4.724795935249924	0	-1.4775982315737615
0	358.375	0	-4.724795935249924	0	-1.4775982315737615
0	358.375	0	-4.724795935249924	0	-1.4775982315737615
0	358.375	0	-4.724795935249924	0	-1.4775982315737615
0	358.375	0	-4.724795935249924	0	-1.4775982315737615
0	358.375	0	-4.724795935249924	0	-1.4775982315737615
0	358.375	0	-4.724795935249924	0	-1.4775982315737615
0	358.375	0	-4.724795935249924	0	-1.4775982315737615
0	358.375	0	-4.724795935249924	0	-1.4775982315737615
0	358.375	0	-4.724795935249924	0	-1.4775982315737615
0	358.375	0	-4.7266359719025965	0	-1.477546031192527
0	358.375	0	-4.726583771521364	0	-1.4757059945399116
0	358.375	0	-4.726583771521364	0	-1.4757059945399116
0	358.375	0	-4.726583771521364	0	-1.4757059945399116
0	358.375	0	-4.726583771521364	0	-1.4757059945399116
0	358.375	0	-4.726583771521364	0	-1.4757059945399116
0	358.375	0	-4.726583771521364	0	-1.4757059945399116
0	358.375	0	-4.726583771521364	0	-1.4757059945399116
0	358.375	0	-4.726583771521364	0	-1.4757059945399116
0	358.375	0	-4.726583771521364	0	-1.4757059945399116
0	358.375	0	-4.726583771521364	0	-1.4757059945399116
0	358.375	0	-4.726583771521364	0	-1.4757059945399116
0	358.375	0	-4.726583771521364	0	-1.4757059945399116
0	358.375	0	-4.726583771521364	0	-1.4757059945399116
0	358.375	0	-4.726583771521364	0	-1.4757059945399116
0	358.375	0	-4.726583771521364	0	-1.4757059945399116
0	358.375	0	-4.726583771521364	0	-1.4757059945399116
0	358.375	0	-4.726583771521364	0	-1.4757059945399116
0	358.375	0	-4.726583771521364	0	-1.4757059945399116
0	358.375	0	-4.726583771521364	0	-1.4757059945399116
0	358.375	0	-4.726583771521364	0	-1.4757059945399116
0	358.375	0	-4.726583771521364	0	-1.4757059945399116
0	358.375	0	-4.726583771521364	0	-1.4757059945399116
0	358.375	0	-4.726583771521364	0	-1.4757059945399116
0	358.375	0	-4.726583771521364	0	-1.4757059945399116
0	358.375	0	-4.726583771521364	0	-1.4757059945399116
0	358.375	0	-4.726583771521364	0	-1.4757059945399116
0	358.375	0	-4.726583771521364	0	-1.4757059945399116
0	358.375	0	-4.728371607792772	0	-1.473813757505949
0	358.375	0	-4.728371607792772	0	-1.473813757505949
0	358.375	0	-4.728371607792772	0	-1.473813757505949
0	358.375	0	-4.728371607792772	0	-1.473813757505949