0	0.0	0	0.0	0	0.0
0	0.0	0	0.0	0	0.0
0	0.0	0	0.0	0	0.0
0	0.0	0	0.0	0	0.0
0	0.0	0	0.0	0	0.0
0	0.0	0	0.0	0	0.0
0	0.0	0	0.0	0	0.0
0	0.0	0	0.0	0	0.0
0	0.0	0	0.0	0	0.0
0	0.0	0	0.0	0	0.0
0	0.0	0	0.0	0	0.0
0	0.0	0	0.0	0	0.0
0	0.0	0	0.0	0	0.0018407769454627694
0	0.0	0	0.0	0	0.0018407769454627694
0	0.0	0	0.0	0	0.0018407769454627694
0	0.0	0	0.0	0	0.0018407769454627694
0	-0.0625	0	0.017421005784938368	0	0.031410505731697784
0	-0.0625	0	0.013739454084374813	0	0.03141452168321299
0	-0.0625	0	0.013737446108617211	0	0.02957374583293121
0	-0.0625	0	0.013737446108617211	0	0.02957374583293121
0	-0.0625	0	0.013737446108617211	0	0.02957374583293121
0	-0.0625	0	0.013737446108617211	0	0.02957374583293121
0	-0.0625	0	0.013737446108617211	0	0.02957374583293121
0	-0.0625	0	0.013737446108617211	0	0.02957374583293121
0	-0.0625	0	0.013737446108617211	0	0.02957374583293121
0	-0.0625	0	0.013737446108617211	0	0.02957374583293121
0	-0.0625	0	0.013737446108617211	0	0.02957374583293121
0	-0.0625	0	0.013737446108617211	0	0.02957374583293121
0	-0.0625	0	0.013737446108617211	0	0.02957374583293121
0	-0.0625	0	0.013737446108617211	0	0.02957374583293121
0	-0.0625	0	0.013737446108617211	0	0.02957374583293121
0	-0.0625	0	0.013737446108617211	0	0.02957374583293121
0	-0.0625	0	0.013737446108617211	0	0.02957374583293121
0	-0.0625	0	0.013737446108617211	0	0.02957374583293121
0	-0.0625	0	0.013737446108617211	0	0.02957374583293121
0	-0.0625	0	0.013737446108617211	0	0.02957374583293121
0	-0.0625	0	0.013737446108617211	0	0.02957374583293121
0	-0.0625	0	0.013737446108617211	0	0.02957374583293121
0	-0.0625	0	0.013737446108617211	0	0.02957374583293121
0	-0.0625	0	0.013737446108617211	0	0.02957374583293121
0	-0.0625	0	0.013737446108617211	0	0.02957374583293121
0	-0.0625	0	0.013737446108617211	0	0.02957374583293121
0	-0.0625	0	0.013737446108617211	0	0.02957374583293121
0	-0.0625	0	0.013737446108617211	0	0.02957374583293121
0	-0.0625	0	0.013737446108617211	0	0.02957374583293121
0	-0.0625	0	0.013737446108617211	0	0.02957374583293121
0	-0.0625	0	0.013737446108617211	0	0.02957374583293121
0	-0.0625	0	0.011896670258335434	0	0.02957575380868881
0	-0.0625	0	0.011896670258335434	0	0.02957575380868881
0	-0.0625	0	0.011896670258335434	0	0.02957575380868881
0	-0.0625	0	0.011896670258335434	0	0.02957575380868881
0	-0.0625	0	0.010055894408053658	0	0.02957776178444641
0	-0.0625	0	0.006374342707490103	0	0.029581777735961615
0	-0.0625	0	0.004535574832965927	0	0.03142456156200099
0	-0.0625	0	0.004541598760238731	0	0.036946889112846326
0	-0.0625	0	0.004545614711753934	0	0.04062844081340988
0	-0.0625	0	0.004557662566299543	0	0.051673095915100546
0	-0.0625	0	9.062305021000118E-4	0	0.07928874962084241
0	-0.0625	0	9.202863324032224E-4	0	0.09217418057281486
0	-0.0625	0	0.004619909814785191	0	0.10873714727383565
0	0.0	0	-0.0036056997608019514	0	0.1196454291389622
0	0.0	0	0.0019166310755863569	0	0.14725708332090376
0	0.0625	0	-0.004472064940096971	0	0.1655214973266186
0	0.0625	0	0.006520382791896053	0	0.21339371728849044
0	0.12499999999999999	0	0.007474857455094632	0	0.2427118769120739
0	0.12499999999999999	0	0.025746040832215433	0	0.3053383036044963
0	0.1875	0	0.02113418466181205	0	0.34568407030375076
0	0.1875	0	0.022776162466040483	0	0.4064354081532411
0	0.1875	0	0.022571349263711706	0	0.46902148917385755
0	0.1875	0	0.018733193225424036	0	0.5168693856483096
0	0.24999999999999997	0	-0.007999735820397338	0	0.5515913973460694
0	0.18749999999999997	0	0.005590468417274562	0	0.5849063091826645
0	0.18749999999999997	0	0.005590468417274562	0	0.5849063091826645
0	0.18749999999999997	0	0.009272002594957874	0	0.5849183570180956
0	0.18749999999999997	0	0.009272002594957874	0	0.5849183570180956
0	0.18749999999999997	0	0.011112769683799545	0	0.5849243809358111
0	0.18749999999999997	0	0.012953536772641201	0	0.5849304048535267
0	0.18749999999999997	0	0.016629047032608976	0	0.5867832197777995
0	0.18749999999999997	0	0.022121228710556183	0	0.5960051269751544
0	0.18749999999999997	0	0.029466225312776165	0	0.6015515239125416
0	0.24999999999999997	0	0.01756378632497161	0	0.588477703960157
0	0.24999999999999997	0	0.019372418231015424	0	0.5958487735296661
0	0.24999999999999997	0	0.02486256898224517	0	0.6032359068574499
0	0.24999999999999997	0	0.03219347915606787	0	0.6106310720643708
0	0.24999999999999997	0	0.04318984441680193	0	0.6217238198747523
0	0.24999999999999997	0	0.044942253168884755	0	0.6419802054024122
0	0.24999999999999997	0	0.05398541269910384	0	0.6788355532499578
0	0.31249999999999994	0	0.04567633464598734	0	0.6970618777039708
0	0.31249999999999994	0	0.06192180614795814	0	0.756056222295087
0	0.375	0	0.07925073016580528	0	0.8002127728181031
0	0.4375	0	0.09470079310785322	0	0.842533394727414
0	0.5625	0	0.11130652876416272	0	0.8479462525565676
0	0.875	0	0.170848415296682	0	0.9512632139416772
0	1.0625	0	0.16520588544990378	0	1.046484254431002
0	1.125	0	0.1761220480756022	0	1.2141048393420242
0	1.1875	0	0.17860635755813797	0	1.4294366085745829
0	1.25	0	0.18348835666303065	0	1.6982235137572446
0	1.25	0	0.18818568868997013	0	1.9892379964647378
0	1.3124999999999998	0	0.16568431032834066	0	2.410233610352636
0	1.3124999999999998	0	0.16716980278937296	0	2.7472182298941843
0	1.3749999999999998	0	0.16526199023472124	0	3.0471683937038634
0	1.4375	0	0.1803055474284279	0	3.3162469075564425
0	1.5624999999999998	0	0.20793598737459246	0	3.5597984145980903
0	1.8124999999999998	0	0.2217609788494275	0	3.765952598055841
0	2.0625	0	0.27734811823782357	0	3.960808219065357
0	2.5	0	0.32626736038460447	0	4.094635539937943
0	3.0625	0	0.33492460393073087	0	4.256058790214146
0	3.4375	0	0.37988386502628757	0	4.401766940567725
0	3.8125	0	0.44474882386474146	0	4.57129275629777
0	4.5	0	0.44056005154479044	0	4.739285228395398
0	5.0	0	0.404099758004263	0	4.921600760638155
0	6.0	0	0.2245789969908863	0	5.703348422039372
0	6.125000000000001	0	0.1526731667707411	0	6.097096023772954
0	6.187500000000001	0	0.09505929519411484	0	6.50916501191484
0	6.25	0	0.04040694323092395	0	6.854880430449704
0	6.375	0	-0.03550018438950549	0	7.2350898722677845
0	6.500000000000001	0	-0.13481049538484297	0	7.601444825525278
0	6.625	0	-0.22616411656394037	0	7.938949049216838
0	6.75	0	-0.3178844952879323	0	8.289272136472754
0	6.9375	0	-0.3953117511901446	0	8.61692404286196
0	7.187500000000002	0	-0.48632772196461116	0	8.983374783053955
0	7.375000000000001	0	-0.582182319555793	0	9.440146904213222
0	7.5625	0	-0.7038556109349973	0	10.015928197872757
0	7.687500000000001	0	-0.8148263351958598	0	10.624778202648702
0	7.812500000000001	0	-0.8785786969704521	0	11.063534999579273
0	8.0	0	-0.9491902591853666	0	11.584822784062611
0	8.25	0	-1.0265302385019144	0	11.976668116177631
0	8.5	0	-1.1323588898349044	0	12.492589360698975
0	8.6875	0	-1.2555964688057735	0	13.037561880505535
0	9.000000000000002	0	-1.4071841652347334	0	13.657672128031578
0	9.625000000000002	0	-1.778742898199813	0	14.970840016547145
0	10.000000000000002	0	-2.0871116488564314	0	15.663241117139181
0	10.25	0	-2.3663818006131727	0	16.289329212036392
0	10.625	0	-2.6776585814694367	0	17.00541148034311
0	10.750000000000002	0	-2.9839670920454324	0	17.82009615859782
0	10.999999999999998	0	-3.32788076204531	0	18.555258478187124
0	11.125	0	-3.593460256336741	0	19.255036539348023
0	11.375	0	-3.8926972398382196	0	20.052336898674312
0	11.5	0	-4.206614013624351	0	21.02698557557972
0	11.625000000000002	0	-4.503802017254106	0	21.925894921224007
0	11.687500000000002	0	-4.794411707868963	0	22.809271549674133
0	11.8125	0	-5.017825490747591	0	23.65366581139045
0	11.875	0	-5.2178087074991835	0	24.5294165400639
0	12.0625	0	-5.496947096577383	0	25.593079284353905
0	12.1875	0	-5.685984781623498	0	26.416362288045736
0	12.250000000000002	0	-5.850373657563292	0	27.17731922793294
0	12.375000000000002	0	-5.996923965319008	0	27.868551235265624
0	12.5625	0	-6.172793230973542	0	28.55689390189646
0	12.875	0	-6.35033986388889	0	29.18023709450392
0	13.3125	0	-6.714481193210844	0	30.905041277674083
0	13.4375	0	-6.902048870760465	0	31.738098910358847
0	13.687500000000002	0	-7.0834582507354655	0	32.43221535475709
0	13.8125	0	-7.304405565879994	0	33.34056577934265
0	13.937500000000002	0	-7.4758990282918605	0	33.967224084199714
0	14.0	0	-7.647055768055896	0	34.67946525521596
0	14.125000000000002	0	-7.858561724612223	0	35.45924661021074
0	14.25	0	-8.090032371495221	0	36.29659968290627
0	14.312500000000002	0	-8.306840512617041	0	37.10552519044958
0	14.437500000000004	0	-8.508048901524067	0	37.7890458011923
0	14.437500000000004	0	-8.685155346020622	0	38.661537339436556
0	14.5	0	-8.914434252532324	0	39.471010835353816
0	14.5625	0	-9.140733481899705	0	40.176634190039366
0	14.5625	0	-9.382677511543326	0	40.998154245917334
0	14.625	0	-9.568218269766346	0	41.64588007728251
0	14.625	0	-9.741119831344092	0	42.35221673148452
0	14.6875	0	-9.95453300197819	0	43.089669979311104
0	14.625	0	-10.16029804723131	0	43.86747147735547
0	14.625	0	-10.325223499648503	0	44.579694303130275
0	14.5	0	-10.80005621609805	0	46.74446503189086
0	14.437500000000004	0	-11.048065159740396	0	47.585535448255314
0	14.312500000000002	0	-11.258124883815917	0	48.37190226040402
0	14.1875	0	-11.58660939451949	0	49.544162020789564
0	14.125000000000002	0	-11.953387791027627	0	50.655439014205136
0	14.0	0	-12.183038675485834	0	51.49958975233181
0	13.8125	0	-12.317705640523503	0	52.23839240245919
0	13.687500000000002	0	-12.533626530332082	0	53.17694389245743
0	13.375	0	-12.908180173432527	0	54.817978760218146
0	13.25	0	-13.084772059650206	0	55.61632632374153
0	13.062500000000002	0	-13.341357743306896	0	56.75713114722438
0	12.937499999999998	0	-13.620331336955152	0	57.85865591375627
0	12.75	0	-13.8070521869822	0	58.81707954161968
0	12.625	0	-13.993340393369648	0	59.65656763634357
0	12.500000000000004	0	-14.21929666988728	0	60.69654501482041
0	12.375000000000002	0	-14.418113693058626	0	61.67651041085005
0	12.125	0	-14.595740147524891	0	62.738408182498205
0	11.9375	0	-14.84793471518434	0	63.96675894856767
0	11.8125	0	-15.093667225792293	0	65.04587701361353
0	11.1875	0	-15.708595485151182	0	68.22550867594182
0	10.937500000000002	0	-15.96974078074655	0	69.46918428076486
0	10.8125	0	-16.19153157642073	0	70.5552691520587
0	10.5625	0	-16.37089976627836	0	71.61587919912424
0	10.375000000000002	0	-16.585234208885275	0	72.69985411560411
0	10.187500000000002	0	-16.762894761866924	0	73.74746225275209
0	10.000000000000002	0	-16.988736244979307	0	74.97532842768646
0	9.75	0	-17.20308712603217	0	76.24269272634922
0	9.5625	0	-17.391319346083403	0	77.35380226246912
0	9.375000000000002	0	-17.612997320699577	0	78.61611457629824
0	9.25	0	-17.81935818421662	0	79.77079510123396
0	8.875	0	-17.99627467967471	0	81.14305332063586
0	8.75	0	-18.237367642813197	0	82.30004254465102
0	8.625000000000002	0	-18.479923785860503	0	83.42343744035077
0	8.5	0	-18.606880188219144	0	84.36884263511949
0	8.312500000000002	0	-18.733276518305868	0	85.3720829759675
0	8.062500000000002	0	-18.950775564284307	0	86.66735026882617
0	7.937500000000002	0	-19.10724285304951	0	87.59925384548717
0	7.75	0	-19.221425558009813	0	88.66531197473505
0	7.4375	0	-19.647620489725977	0	91.24628745352489
0	7.25	0	-19.78943580427952	0	92.43663658593853
0	7.125000000000001	0	-19.904902716141123	0	93.50028220545325
0	6.937500000000002	0	-20.047905175147406	0	94.51985556110388
0	6.812500000000001	0	-20.165610704152936	0	95.5442236370813
0	6.687500000000001	0	-20.30699702447316	0	96.67515618916995
0	6.5625	0	-20.489613822487357	0	97.62904773918366
0	6.3125	0	-20.534758941684697	0	98.62649934145361
0	6.187500000000001	0	-20.656638460655262	0	99.8374318348141
0	6.0	0	-20.72047418269245	0	100.83060721663456
0	5.875000000000002	0	-20.780523840845216	0	101.80360566520989
0	5.6875	0	-20.864145247624773	0	102.84270028991777
0	5.5625	0	-21.01416303826805	0	103.915851495769
0	5.437500000000001	0	-21.099608547282113	0	104.82883386329316
0	5.375000000000001	0	-21.13703988317352	0	105.66854844865982
0	5.25	0	-21.20813444853594	0	106.82870200982038
0	5.125000000000001	0	-21.277771090614984	0	107.74495611874748
0	5.062500000000001	0	-21.344958165660373	0	108.59660444735101
0	5.000000000000001	0	-21.377600542218175	0	109.40322364322184
0	5.000000000000001	0	-21.433154028714018	0	110.27052891450636
0	4.812500000000001	0	-21.58767815025008	0	112.83669050304643
0	4.75	0	-21.605381945272747	0	113.74783179651597
0	4.625000000000001	0	-21.67925118977724	0	114.74308048610665
0	4.562500000000001	0	-21.736988612517052	0	115.61575637159385
0	4.500000000000001	0	-21.75986507914128	0	116.41176543649257
0	4.500000000000001	0	-21.78496009659171	0	117.27024496659003
0	4.500000000000001	0	-21.81788836342824	0	118.08748568874171
0	4.500000000000001	0	-21.864359175203344	0	118.8187230158075
0	4.500000000000001	0	-21.898536671999892	0	119.46414380506702
0	4.625000000000001	0	-21.939151630846176	0	120.04416480734908
0	4.75	0	-21.945237250911344	0	120.73235501513713
0	4.875	0	-21.972342380012872	0	121.50200051029957
0	5.062500000000001	0	-22.01826122919079	0	122.16463061179617
0	5.187500000000001	0	-22.001559682909782	0	122.82757517837578
0	5.500000000000001	0	-22.008666226227565	0	123.3569208722381
0	5.6875	0	-21.955274859074837	0	124.1258127310424
0	6.125000000000002	0	-21.953654693078718	0	124.68406785543469
0	6.375	0	-21.86877292545758	0	125.19123355623555
0	6.687500000000001	0	-21.79462070436945	0	125.68850676309091
0	7.0	0	-21.73426876432858	0	126.35171984513002
0	8.375000000000002	0	-21.66996419671803	0	127.84493894755256
0	8.75	0	-21.625584452807665	0	128.31092845820413
0	9.1875	0	-21.498085418559047	0	128.83399348769234
0	9.875	0	-21.447271459060882	0	129.19995802747493
0	10.375000000000002	0	-21.33972902241239	0	129.77050960573723
0	11.1875	0	-21.32202855632351	0	130.1942319974338
0	12.0	0	-21.329383879900043	0	130.64045055867228
0	12.5625	0	-21.250673247382046	0	131.13000985463944
0	13.125	0	-21.14500776670497	0	131.63906353321266
0	14.25	0	-21.168717877784754	0	132.06319855533147
0	14.875	0	-21.080339982657783	0	132.5593957832521
0	15.687500000000002	0	-21.081297129509334	0	132.97775678601909
0	16.125000000000004	0	-21.040267830988398	0	133.51742440894782
0	16.625000000000004	0	-20.98666863258475	0	134.03745795656806
0	17.375	0	-20.921688706370794	0	134.48990456113364
0	17.8125	0	-20.855973675089395	0	135.0551894320207
0	18.5	0	-21.023887285923788	0	135.52330775566705
0	18.875	0	-21.085716149728768	0	136.17435083683128
0	19.5	0	-21.17396032577387	0	136.80739727285234
0	20.8125	0	-21.36217300371594	0	138.28098866518883
0	21.125	0	-21.431316393858058	0	138.81592743804737
0	21.625	0	-21.598705760727512	0	139.35026890873468
0	21.999999999999996	0	-21.724390588959395	0	139.88224715260432
0	22.312500000000004	0	-21.76169376181691	0	140.4272794413324
0	22.875	0	-21.943376416498435	0	140.95054790459025
0	23.1875	0	-22.06986690352911	0	141.5744455609546
0	23.687500000000004	0	-22.129964879590784	0	142.2724353810234
0	24.125	0	-22.351031286667872	0	142.98108681098913
0	24.437499999999996	0	-22.459070988120384	0	143.6206753728188
0	24.9375	0	-22.597237766019123	0	144.28187181217632
0	25.25	0	-22.74724154300454	0	144.91655552175214
0	25.75	0	-22.942455958706883	0	145.59563708064812
0	26.187500000000004	0	-23.143748925924807	0	146.38985836328803
0	26.5	0	-23.359545756283296	0	147.06924430344168
0	27.0625	0	-23.603159233698534	0	147.73701863201165
0	27.375000000000004	0	-23.778407780710058	0	148.39792905885938
0	27.8125	0	-23.956436081933205	0	149.1124286055227
0	28.187499999999996	0	-24.10967735646926	0	149.8354504345348
0	29.5	0	-24.600353559990893	0	151.4581418793464
0	29.874999999999993	0	-24.71784988220609	0	151.99467146053863
0	30.5	0	-24.864828520124476	0	152.6156253754058
0	31.0	0	-24.937542823025776	0	153.24273064624094
0	31.687500000000004	0	-25.06759611263732	0	153.72297180641985
0	32.1875	0	-25.176865785362892	0	154.39448937157815
0	32.81249999999999	0	-25.335956251952496	0	154.93187667091848
0	33.49999999999999	0	-25.492502692092618	0	155.47085797169493
0	34.0	0	-25.552733403390224	0	156.0372072291892
0	34.6875	0	-25.774889274964387	0	156.5149849970589
0	35.125	0	-25.91303832747183	0	157.08949134292857
0	35.875	0	-26.024406898906115	0	157.49745488221015
0	36.3125	0	-26.145867112710278	0	157.97804465159732
0	36.81249999999999	0	-26.19934359893122	0	158.433219866185
0	37.625	0	-26.21330329134553	0	158.7803201542474
0	38.1875	0	-26.33052063935016	0	159.23681875943356
0	39.0	0	-26.427899060066462	0	159.63632328359873
0	39.5	0	-26.510619090139997	0	160.0127573601199
0	40.375	0	-26.610636899810785	0	160.42755907401005
0	41.99999999999999	0	-26.650822200904248	0	161.30410579511636
0	42.5625	0	-26.76418611764133	0	161.74305876384892
0	43.25	0	-26.915572362554734	0	162.2226416400517
0	43.99999999999999	0	-27.06361965538799	0	162.62995066584043
0	44.68750000000001	0	-27.11001508053988	0	162.95468242832726
0	45.18749999999999	0	-27.21557739062106	0	163.29604282486446
0	45.87499999999999	0	-27.37269169493185	0	163.5706681769944
0	46.50000000000001	0	-27.629486250043872	0	163.9397307790012
0	47.0	0	-28.023262337110708	0	164.47389045725154
0	47.375	0	-28.269888322641183	0	164.8135446703147
0	48.0	0	-28.54140079069346	0	165.17554531637072
0	48.25	0	-28.82926567560093	0	165.601330342399
0	48.56249999999999	0	-29.062464240182198	0	165.93967779988074
0	49.06249999999999	0	-29.365111424125967	0	166.3727751413689
0	49.43750000000001	0	-29.69580158048404	0	166.786218630072
0	49.6875	0	-30.02762543676252	0	167.18239028050095
0	49.93749999999999	0	-30.30717963798558	0	167.52120037118632
0	50.375	0	-30.601194784004647	0	167.8803390268698
0	51.0	0	-31.482294575715752	0	168.95703186673265
0	51.37499999999999	0	-31.84499824478655	0	169.3716337993392
0	51.56249999999999	0	-32.23219174795567	0	169.91354377058462
0	51.87499999999999	0	-32.6849959150309	0	170.40580585787714
0	52.18750000000001	0	-33.11001369113447	0	170.82676398156377
0	52.49999999999999	0	-33.668697000171825	0	171.4491150773979
0	52.68749999999999	0	-34.133404096318756	0	171.89547580133126
0	52.8125	0	-34.539034891035435	0	172.31970679010652
0	53.0625	0	-34.90233583959049	0	172.71161285965573
0	53.24999999999999	0	-35.26425389465085	0	173.0999842903429
0	53.5625	0	-35.69255699577686	0	173.48250041662297
0	53.81249999999999	0	-36.174796401718474	0	174.0164085074869
0	54.18749999999999	0	-36.59830444268712	0	174.56679146987602
0	54.56249999999999	0	-37.011138523452615	0	175.04237838731413
0	54.875	0	-37.391166124127324	0	175.45111640770435
0	55.3125	0	-37.796189380889565	0	175.94121490503682
0	55.625	0	-38.19178319091953	0	176.3723429737257
0	56.12499999999999	0	-38.61986703354286	0	176.8190981945067
0	56.62499999999999	0	-38.938905582158576	0	177.25620774071774
0	57.625	0	-39.642680951582236	0	178.18631383703263
0	58.25	0	-39.92454192848579	0	178.54311670784503
0	58.87500000000001	0	-40.17988192436522	0	178.8688361526698
0	59.31250000000001	0	-40.457591032850196	0	179.35832938023182
0	60.125	0	-40.57860988437452	0	179.6391027455383
0	60.62500000000001	0	-40.784592325319025	0	180.04387999547035
0	61.437500000000014	0	-40.91945913519207	0	180.33891299197123
0	62.0	0	-41.094287709401065	0	180.70529028472325
0	63.12500000000001	0	-41.312448973540086	0	181.1075871334742
0	63.687500000000014	0	-41.4147471903313	0	181.59962789855564
0	64.25000000000001	0	-41.553553609520456	0	181.91481310340643
0	65.18750000000001	0	-41.691272577086295	0	182.06800862406118
0	66.1875	0	-41.832984047460435	0	182.3885153630212
0	67.0625	0	-41.95451711406407	0	182.6960078596139
0	67.6875	0	-42.12749232582129	0	183.17737829051163
0	68.5	0	-42.244725629017815	0	183.37698431619026
0	69.3125	0	-42.3896716148933	0	183.58711293710152
0	70.125	0	-42.59103700945453	0	183.98827646282973
0	71.6875	0	-43.055527904231155	0	184.51615028386192
0	72.1875	0	-43.31107193767825	0	184.78820968006988
0	72.93750000000001	0	-43.55952035216305	0	185.00795125810623
0	73.6875	0	-43.732765510740684	0	185.2225349491437
0	74.375	0	-43.91887646023512	0	185.49438967826887
0	74.87500000000001	0	-44.13589756280326	0	185.70302219823526
0	75.31250000000001	0	-44.36175134751917	0	185.9772922826834
0	76.25	0	-44.61323913682598	0	186.1484533514264
0	76.6875	0	-44.88625488781498	0	186.31738923873874
0	77.25	0	-45.21449824900011	0	186.5457048881711
0	77.625	0	-45.54264349451384	0	186.78118691568594
0	77.93750000000001	0	-45.95005711557189	0	187.0381723199131
0	78.43750000000001	0	-46.30287336391341	0	187.19061299229034
0	78.81250000000001	0	-46.68262304636998	0	187.4103240015329
0	79.3125	0	-47.16863401631592	0	187.5881979018576
0	79.75	0	-47.604447683791435	0	187.72760242797216
0	80.0625	0	-48.10146363929002	0	187.96930849238888
0	80.75	0	-48.63398331023747	0	188.3307813494899
0	81.62500000000001	0	-49.63655497960271	0	188.9102739594228
0	82.1875	0	-50.12455072451883	0	189.08141346236098
0	82.6875	0	-50.723256504260625	0	189.2658861095298
0	83.18750000000001	0	-51.14942521043338	0	189.4286673297884
0	83.5	0	-51.57816326985847	0	189.65958294204427
0	83.93750000000001	0	-51.947451189172924	0	189.7983912358061
0	84.4375	0	-52.44963771491705	0	190.0231748001878
0	84.75000000000001	0	-52.905811413220924	0	190.22109243372373
0	85.25000000000001	0	-53.23163478020388	0	190.3096692818318
0	85.6875	0	-53.70509163509391	0	190.43143826669444
0	86.00000000000001	0	-54.138905635922846	0	190.5507275881738
0	86.43750000000001	0	-54.536840126094894	0	190.6898449228782
0	86.75	0	-54.907105525508705	0	190.7805890241131
0	87.25	0	-55.38073726142018	0	190.90966136075542
0	87.5625	0	-55.81126384785755	0	191.12364747095737
0	87.99999999999999	0	-56.20703171525203	0	191.2073413968634
0	88.25	0	-56.72905357478703	0	191.34220002362835
0	88.68750000000001	0	-57.13674946769327	0	191.4252413255094
0	89.75	0	-58.009072846814504	0	191.64887171986265
0	90.12500000000001	0	-58.334306358247	0	191.76859004487622
0	90.5	0	-58.64243895748061	0	191.94684017996636
0	91.12500000000001	0	-58.85010380094858	0	192.0930211577388
0	91.56249999999999	0	-59.08272487916237	0	192.218396668642
0	92.0	0	-59.35693688314681	0	192.39826264733554
0	92.75	0	-59.46893471776961	0	192.5011411620771
0	93.25	0	-59.63025840828185	0	192.60190677851003
0	93.93750000000001	0	-59.80509747932782	0	192.75195588917242
0	94.6875	0	-59.85509623982302	0	192.86384686174455
0	95.1875	0	-60.00184468680967	0	193.0877446429329
0	95.62500000000001	0	-60.188992801406144	0	193.213721517194
0	96.50000000000001	0	-60.412403115723244	0	193.28979543900064
0	96.93750000000001	0	-60.65425645190365	0	193.4263037655826
0	97.50000000000001	0	-60.84563777314422	0	193.53578717268093
0	97.93749999999999	0	-61.06481714886072	0	193.66188033363693
0	98.56250000000001	0	-61.18786355053032	0	193.74662723995118
0	99.00000000000001	0	-61.36915827422752	0	193.88552689444617
0	99.625	0	-61.48762497608902	0	193.94283757925785
0	100.875	0	-61.81463284161908	0	194.0608209544433
0	101.43749999999999	0	-61.967088456474336	0	194.1708845582986
0	102.0625	0	-62.089808783986385	0	194.23210571611182
0	102.43750000000001	0	-62.31184507858682	0	194.33675066518296
0	103.00000000000001	0	-62.47821953603676	0	194.40833721344333
0	103.37500000000001	0	-62.7546564740699	0	194.5560001760609
0	103.875	0	-62.91481771021832	0	194.61029380966025
0	104.25	0	-63.13010675673823	0	194.67617889627962
0	104.625	0	-63.30557740801208	0	194.74680263375126
0	104.99999999999999	0	-63.48413181885704	0	194.8402973425628
0	105.625	0	-63.57326883289848	0	194.89759652593384
0	106.0	0	-63.79528915393468	0	195.00707283067945
0	106.6875	0	-63.88641538061543	0	195.04070421547524
0	107.3125	0	-64.05562662584686	0	195.09958430614512
0	107.75000000000003	0	-64.26914483046804	0	195.1841257379011
0	108.1875	0	-64.43328363054286	0	195.22093246601895
0	108.625	0	-64.6035249627081	0	195.24495699440678
0	109.25000000000001	0	-64.79199703869173	0	195.28082938788654
0	109.68750000000001	0	-65.13462074730359	0	195.38894177778516
0	110.06250000000001	0	-65.42842963262427	0	195.47148114666447
0	111.37499999999999	0	-66.06449261271067	0	195.55052017568005
0	112.0	0	-66.31267359335828	0	195.59855270177542
0	112.50000000000001	0	-66.5805883147997	0	195.66145327882558
0	113.1875	0	-66.84090584763838	0	195.69344954923716
0	113.6875	0	-67.10771040276646	0	195.76373840929173
0	114.43749999999999	0	-67.25491054278919	0	195.77582020275244
0	115.18749999999999	0	-67.5562698748676	0	195.75457691201095
0	115.68750000000003	0	-67.79393969048893	0	195.76716241650936
0	116.1875	0	-68.07005509134247	0	195.8389611642098
0	116.875	0	-68.35933467353252	0	195.88387536061956
0	117.62500000000001	0	-68.57517505024725	0	195.8871003009679
0	118.12500000000003	0	-68.85770443311971	0	195.94946760765296
0	119.12500000000003	0	-69.07671378105245	0	195.9350355226056
0	119.62500000000003	0	-69.41320682862546	0	195.99282305964826
0	120.37500000000001	0	-69.63896453142881	0	196.0537169891269
0	121.12500000000001	0	-69.96990093684116	0	196.11367140945322
0	121.68750000000003	0	-70.22641297817	0	196.11109945777804
0	122.43750000000003	0	-70.38491424656516	0	196.09595293275282
0	122.93750000000003	0	-70.66059559285581	0	196.0935934200653
0	124.56250000000001	0	-71.24747208307603	0	196.18721543956974
0	125.12500000000003	0	-71.47768560447085	0	196.30868824927185
0	125.75000000000001	0	-71.66747414530238	0	196.35731005265515
0	126.43750000000001	0	-71.78153742430936	0	196.39349912030264
0	127.18750000000003	0	-71.92314884079339	0	196.50978905902326
0	128.25	0	-71.94647494462356	0	196.60848821287667
0	128.9375	0	-72.18560763721426	0	196.70479712234584
0	129.68750000000003	0	-72.3238378684776	0	196.79324863694504
0	131.4375	0	-72.35771437799116	0	196.7869008529269
0	132.0625	0	-72.52618742692864	0	196.82180104781665
0	132.68750000000003	0	-72.75488764448767	0	196.84375344082176
0	133.25	0	-72.99929476611112	0	196.850183692501
0	134.06250000000003	0	-73.20310572416777	0	196.912510337036
0	134.93750000000003	0	-73.34356352256457	0	196.9882493642665
0	135.75000000000003	0	-73.50296657344099	0	197.00472258415655
0	136.3125	0	-73.70981224101581	0	197.0411113101391
0	137.50000000000003	0	-73.8643529059274	0	197.09143866726814
0	138.00000000000003	0	-74.06365530498105	0	197.0643218620638
0	138.56250000000003	0	-74.16820886790362	0	197.05023875324278
0	140.375	0	-74.63986537061727	0	197.13344809399413
0	140.87500000000003	0	-74.84449979214726	0	197.12811362478718
0	141.62500000000003	0	-75.00182717096847	0	197.132728413248
0	142.0625	0	-75.25521665568085	0	197.11909482724386
0	142.8125	0	-75.49310412817505	0	197.10529784956023
0	143.5625	0	-75.74744266611415	0	197.14185340865944
0	144.125	0	-75.93848209455456	0	197.17477936254252
0	144.93750000000003	0	-76.0186039951494	0	197.19271261059865
0	145.5	0	-76.15987161201704	0	197.1840993006192
0	146.125	0	-76.32142607544158	0	197.17893617495835
0	147.06250000000003	0	-76.4062408236796	0	197.25604912611988
0	147.6875	0	-76.59493048098523	0	197.3051455227464
0	148.3125	0	-76.81625747871635	0	197.3330749972054
0	149.31250000000003	0	-76.90452563982036	0	197.4179432789918
0	149.87500000000003	0	-77.07465420045958	0	197.39892309402782
0	150.75	0	-77.17430040643309	0	197.41262978161987
0	151.3125	0	-77.49144059569552	0	197.44280963066234
0	152.25000000000003	0	-77.5687468875015	0	197.51073898753873
0	152.81250000000003	0	-77.71540924388061	0	197.47779430451828
0	153.62500000000003	0	-77.88623871676018	0	197.40633486949227
0	154.9375	0	-78.14521639668405	0	197.2606132898194
0	155.4375	0	-78.33120520394277	0	197.1667156812926
0	156.25	0	-78.50846917609435	0	197.17829984604262
0	156.87500000000003	0	-78.8285675168179	0	197.20841981137826
0	158.00000000000003	0	-78.9384824218978	0	197.24357052974884
0	158.56250000000003	0	-79.10912269725922	0	197.21500734727846
0	159.1875	0	-79.31312316105027	0	197.21722568368062
0	159.75	0	-79.45780127244284	0	197.16401616833838
0	160.56250000000003	0	-79.51268017933369	0	197.1481877330639
0	161.81250000000003	0	-79.71982554896162	0	197.07542939632083
0	162.375	0	-79.82393123213012	0	196.99585796805283
0	163.1875	0	-79.915504982618	0	196.94656838994283
0	163.8125	0	-80.17852109655904	0	196.82887508250712
0	164.62500000000003	0	-80.51174973950663	0	196.68761774674547
0	165.4375	0	-80.76805503501687	0	196.5488106777692
0	166.00000000000003	0	-81.01555823163173	0	196.4277985453713
0	166.56250000000003	0	-81.23476186433693	0	196.32816321835676
0	167.12500000000003	0	-81.43500541065077	0	196.20716986828091
0	168.25000000000003	0	-81.6090254511271	0	196.11999644233427
0	169.6875	0	-81.99219535290733	0	195.86214982894563
0	170.3125	0	-82.29855172079576	0	195.6656576047167
0	171.125	0	-82.62284628437733	0	195.44805076672236
0	172.00000000000003	0	-82.82530150756028	0	195.2721927722251
0	172.87500000000003	0	-83.06916907768588	0	195.09692451946967
0	173.4375	0	-83.32456377484039	0	194.920053577622
0	174.06250000000003	0	-83.56906064656134	0	194.77847806965949
0	174.68750000000003	0	-83.82074224937242	0	194.6387535896315
0	175.68749999999997	0	-83.96086996288821	0	194.54819389434442
0	176.31250000000003	0	-84.14517915235706	0	194.3216979028159
0	177.3125	0	-84.44305407702721	0	194.09476101153578
0	178.18750000000003	0	-84.68836859382131	0	193.83382953136356
0	178.81250000000003	0	-84.97950498250883	0	193.49332916350747
0	179.81250000000003	0	-85.16823165051645	0	193.29008458672962
0	180.75000000000006	0	-85.54558700112645	0	192.98175758782338
0	181.50000000000003	0	-85.81833755375706	0	192.78665158403533
0	182.18750000000003	0	-85.99002820531811	0	192.6029598344041
0	183.25000000000003	0	-86.06550677169312	0	192.43517131067813
0	184.62500000000003	0	-86.41762167832252	0	191.98541964785372
0	185.9375	0	-86.88574629622931	0	191.35724937915535
0	186.5	0	-87.03772425191165	0	191.09295645734704
0	187.12500000000003	0	-87.20787291182174	0	190.8913049940605
0	188.12500000000003	0	-87.31938057919137	0	190.8218386260013
0	188.75000000000006	0	-87.46530861962738	0	190.61641844152695
0	189.43750000000003	0	-87.58859777917229	0	190.38850958939344
0	190.375	0	-87.65998585584201	0	190.24659179435372
0	191.00000000000003	0	-87.79175022257978	0	189.98989491481632
0	191.9375	0	-87.93578283817764	0	189.80357489619095
0	192.56250000000003	0	-88.21789557187239	0	189.51396281907085
0	193.5	0	-88.32299727989304	0	189.41514965482267
0	194.5	0	-88.5626330712334	0	189.21861467123585
0	195.5	0	-88.79561963258983	0	189.0913554013228
0	196.12500000000003	0	-88.9921305522269	0	188.84055951880498
0	197.12500000000003	0	-89.1417542599329	0	188.66583918009366
0	197.68750000000003	0	-89.22427907544579	0	188.42252322567933
0	198.25	0	-89.3320990882826	0	188.0995143224356
0	198.81250000000003	0	-89.49516806272509	0	187.77694585212413
0	199.62500000000003	0	-89.57747397323766	0	187.47207968617496
0	200.43750000000003	0	-89.66623734972627	0	187.02656546811423
0	201.87500000000003	0	-89.9405919006175	0	186.40074129585236
0	202.81250000000006	0	-90.06503398487241	0	186.13505761358383
0	203.375	0	-90.15778353588809	0	185.79956972414166
0	204.625	0	-90.11866843046704	0	185.62830988959698
0	205.25000000000003	0	-90.32418626393267	0	185.03030569016002
0	205.87500000000006	0	-90.40755679925783	0	184.6416209719121
0	206.4375	0	-90.46011002727224	0	184.30649955011285
0	207.4375	0	-90.52459819709348	0	184.06819329698658
0	208.37500000000003	0	-90.64920559470802	0	183.73765313175963
0	209.06250000000003	0	-90.75826206943	0	183.38822671559768
0	209.99999999999997	0	-90.78947873765902	0	182.99866839409506
0	211.00000000000006	0	-90.7391746754358	0	182.66014454048926
0	212.6875	0	-90.93701383634355	0	182.0441207492076
0	213.3125	0	-91.04213482347582	0	181.71901189799607
0	214.31250000000003	0	-91.11475424150562	0	181.51618310502738
0	214.9375	0	-91.15264760411615	0	181.21075864975452
0	215.56250000000006	0	-91.24098418745382	0	180.8302948408887
0	216.4375	0	-91.19760915010772	0	180.43701677197566
0	218.06250000000003	0	-91.11858393691176	0	179.76811534840405
0	218.62500000000006	0	-91.05665938437797	0	179.41633128819382
0	219.37500000000003	0	-91.06925652473497	0	179.02723015817784
0	220.18750000000003	0	-91.03823969563508	0	178.69686423893066
0	220.6875	0	-90.95838801668687	0	178.30335843128867
0	221.375	0	-90.84462425060117	0	177.97395004082398
0	221.81250000000003	0	-90.68527449694433	0	177.53003726400888
0	222.43750000000003	0	-90.50388530594574	0	177.1042476480011
0	223.00000000000003	0	-90.38264291168812	0	176.7962204195561
0	223.37500000000006	0	-90.21842768953367	0	176.3321024035521
0	223.93750000000003	0	-89.93305503543381	0	176.08995967577593
0	224.375	0	-89.62882220427146	0	175.64735802090868
0	224.75	0	-89.28548420812186	0	175.18024034005168
0	225.00000000000003	0	-88.98829911470864	0	174.790964452138
0	225.18750000000003	0	-88.68702344620847	0	174.36089515119107
0	225.375	0	-88.4285203517485	0	173.95256366678828
0	225.68750000000003	0	-88.16696214993601	0	173.55482095789384
0	225.87499999999997	0	-87.81903205800852	0	173.0205000421764
0	226.06250000000003	0	-87.30279511546058	0	172.371015629787
0	226.25000000000003	0	-86.48548485662079	0	171.34608030433338
0	226.375	0	-86.09684188257819	0	170.90847314369265
0	226.4375	0	-85.6660274556502	0	170.4294520402773
0	226.5	0	-85.08694062429545	0	169.76430441146863
0	226.56250000000006	0	-84.540338870779	0	169.12629254567275
0	226.625	0	-84.08992008980577	0	168.70262061752595
0	226.6875	0	-83.60845103086127	0	168.2099153043318
0	226.75000000000003	0	-83.09382861660296	0	167.62614005759772
0	226.81250000000003	0	-82.53775126394059	0	166.98420560345681
0	226.875	0	-82.02653820116718	0	166.42617657229428
0	226.93750000000003	0	-81.40074195530656	0	165.80464203272206
0	227.00000000000003	0	-80.87507559567692	0	165.20254475425503
0	227.125	0	-80.30259847038081	0	164.4695474919069
0	227.25000000000003	0	-79.80471219903646	0	163.93469402798655
0	227.375	0	-79.35026203741903	0	163.47750378241156
0	227.4375	0	-78.88517767004915	0	162.94455179640607
0	227.56250000000006	0	-78.35297101200783	0	162.31583562795802
0	227.6875	0	-77.72317567578347	0	161.62991132188048
0	227.875	0	-77.01244786582492	0	160.82746209110948
0	228.06250000000003	0	-75.95205931167897	0	159.60936585867216
0	228.1875	0	-75.19567932024059	0	158.7407742411718
0	228.37500000000006	0	-74.79710958108771	0	158.30869260615827
0	228.4375	0	-74.331196145093	0	157.79388564758094
0	228.5625	0	-73.81534472712242	0	157.23825755265847
0	228.62500000000003	0	-73.27540216493163	0	156.73470446342392
0	228.68750000000003	0	-72.78426073231807	0	156.27039522773418
0	228.81250000000003	0	-72.36724967679146	0	155.89480803694155
0	228.9375	0	-71.79784971770148	0	155.3942670420465
0	229.00000000000003	0	-71.27998499082358	0	154.94083967970536
0	229.12500000000003	0	-70.68078450714313	0	154.3931359810321
0	229.25000000000006	0	-70.24173144469766	0	153.98943137082745
0	229.31250000000006	0	-69.8020549025647	0	153.58902709177696
0	229.37500000000006	0	-69.37294740652271	0	153.16213784370612
0	229.43750000000003	0	-68.9112706866978	0	152.7081154792147
0	229.50000000000003	0	-68.34726739394036	0	152.11873364939717
0	229.56250000000003	0	-67.83139506706307	0	151.5862542547549
0	229.68750000000003	0	-67.01365248704775	0	150.78928151956887
0	229.93750000000006	0	-65.94139927501054	0	149.59991631943288
0	230.00000000000006	0	-65.43702067713885	0	149.07004862707427
0	230.12500000000006	0	-64.93731715774285	0	148.58620605707227
0	230.25000000000003	0	-64.48193964780523	0	148.11510115020903
0	230.31250000000006	0	-64.02294205732039	0	147.58748309692103
0	230.4375	0	-63.56292043711401	0	147.09850829320277
0	230.62500000000006	0	-63.122397559039136	0	146.6493974322881
0	230.75000000000006	0	-62.688123625386986	0	146.18635648026086
0	231.06250000000006	0	-62.21689412189957	0	145.71922291159873
0	231.18750000000006	0	-61.675912924768	0	145.1733972526036
0	231.37500000000006	0	-61.28020448833778	0	144.76400529292502
0	231.56250000000009	0	-60.864143827605645	0	144.2791946877343
0	231.81250000000006	0	-60.45211917818121	0	143.85710506613665
0	232.0	0	-59.98589564151787	0	143.40208001635256
0	232.12500000000003	0	-59.52834270870309	0	142.8814468882786
0	232.375	0	-59.10732964596395	0	142.42450665009625
0	232.62500000000009	0	-58.64587704077111	0	141.93483852825378
0	232.81250000000003	0	-58.14935418094872	0	141.44487319087935
0	233.12500000000003	0	-57.5285531712478	0	140.84417508426847
0	233.50000000000009	0	-56.52385143377366	0	139.90418813109468
0	233.75000000000006	0	-56.04052127427292	0	139.53390908093488
0	233.93750000000003	0	-55.63560978392937	0	139.16506108884374
0	234.12500000000003	0	-55.20182264500632	0	138.76355588748226
0	234.31250000000003	0	-54.73731595039002	0	138.40126136578752
0	234.43750000000006	0	-54.24612982491286	0	137.99682154447524
0	234.62500000000003	0	-53.73996536236786	0	137.61983467162213
0	234.75000000000006	0	-53.14448555485664	0	137.15203927771904
0	234.87500000000003	0	-52.510384929654435	0	136.71980046293206
0	234.93750000000003	0	-51.96543354278426	0	136.31411861763524
0	235.06250000000003	0	-51.348622391379415	0	135.80254523062462
0	235.12500000000006	0	-50.8566298772668	0	135.43665864974926
0	235.12500000000006	0	-50.23759494148577	0	134.9984840744688
0	235.12500000000006	0	-49.67278909382423	0	134.6048363229836
0	235.06250000000003	0	-49.0584958164534	0	134.1564346991667
0	234.93750000000003	0	-48.435703641297664	0	133.6494774757235
0	234.87500000000003	0	-47.87113307981855	0	133.23285442743173
0	234.56250000000003	0	-46.87727455261769	0	132.5139667926177
0	234.12500000000003	0	-45.404161508244755	0	131.43671151124812
0	234.00000000000003	0	-44.63906427546961	0	130.84517789086468
0	233.81250000000003	0	-43.94537398745779	0	130.31185525074895
0	233.62500000000003	0	-43.312105630443796	0	129.80524208960185
0	233.43750000000009	0	-42.71530559700185	0	129.30833825836422
0	233.31250000000003	0	-42.01105523703553	0	128.7495959523711
0	233.18750000000003	0	-41.207133857765605	0	128.12136745305796
0	233.0625	0	-40.53670040488661	0	127.59440850513289
0	232.93750000000009	0	-39.91055351803254	0	127.08217761879645
0	232.81250000000003	0	-39.0773159758352	0	126.41664645649301
0	232.68750000000009	0	-38.43202621248017	0	125.89937854676775
0	232.56250000000006	0	-37.662597588156885	0	125.27179931875295
0	232.43750000000003	0	-36.99277967469621	0	124.73824528157192
0	232.3125	0	-36.35707189189568	0	124.22381678249636
0	232.25	0	-35.74019960371027	0	123.76348217879305
0	232.06250000000003	0	-35.00797025462977	0	123.14823351569261
0	231.93750000000009	0	-34.3644648347012	0	122.53943035776692
0	231.81250000000006	0	-33.738567051772826	0	122.03060470153501
0	231.68750000000009	0	-32.87846688353269	0	121.34316747495622
0	231.50000000000006	0	-31.51601476217875	0	120.27286827950878
0	231.43750000000006	0	-30.911319509430363	0	119.73776505602002
0	231.43750000000006	0	-30.452528433336823	0	119.24723840359621
0	231.37500000000006	0	-29.96114485093671	0	118.85053756095847
0	231.43750000000006	0	-29.40325119391404	0	118.46387199365383
0	231.43750000000006	0	-28.825405535757497	0	117.95141146413214
0	231.50000000000006	0	-28.316565326145497	0	117.45880129539508
0	231.50000000000006	0	-27.740288449088812	0	116.88515680022795
0	231.62500000000009	0	-27.242189721053357	0	116.51536071256463
0	231.62500000000009	0	-26.70254234052753	0	115.98705915779448
0	231.75000000000006	0	-26.10167867764747	0	115.4384610120174
0	231.81250000000006	0	-25.56753043365737	0	114.95656030997259
0	231.81250000000006	0	-25.05218280634486	0	114.48328632326563
0	231.81250000000006	0	-24.52114894314629	0	113.9555183890162
0	231.87500000000006	0	-24.04213512542462	0	113.50167136381269
0	231.87500000000006	0	-23.438873756472	0	112.96738951684476
0	231.87500000000006	0	-22.847527049274643	0	112.47755795881963
0	231.81250000000006	0	-22.24565526943256	0	111.9443531367338
0	231.68750000000009	0	-21.370605405449485	0	111.18676086479992
0	231.37500000000006	0	-19.799246724107164	0	109.88805405942321
0	231.25	0	-19.211793790112907	0	109.37852251469374
0	231.12500000000006	0	-18.58346608428063	0	108.83180596044058
0	231.00000000000006	0	-17.950689887456324	0	108.25558816029945
0	230.87500000000009	0	-17.336912262346235	0	107.69702167857656
0	230.75000000000006	0	-16.861560511172534	0	107.19611502181777
0	230.75000000000006	0	-16.38977470016286	0	106.69417395889049
0	230.81250000000006	0	-15.92286701417072	0	106.2154436602562
0	230.93750000000009	0	-15.371583255262872	0	105.77345076706035
0	231.18750000000006	0	-15.032799532746674	0	105.26746716846283
0	231.50000000000006	0	-14.797287755631919	0	104.8490892928728
0	231.81250000000006	0	-14.72997439905704	0	104.37306359168794
0	232.18750000000006	0	-14.587110859617102	0	104.05411512287735
0	232.81250000000003	0	-14.461399335556102	0	103.79884070570078
0	233.50000000000009	0	-14.351843430028152	0	103.54413355429246
0	234.00000000000003	0	-14.27648529118856	0	103.16436851193423
0	234.81250000000003	0	-14.254559636568315	0	103.00376025537199
0	235.62500000000003	0	-14.28529947039731	0	102.55133194369311
0	236.50000000000006	0	-14.364959296818597	0	102.33442912467946
0	237.93750000000006	0	-14.37049051632588	0	101.75313187223172
0	238.81250000000009	0	-14.372470614805295	0	101.53680867567314
0	239.62500000000009	0	-14.255234097622914	0	101.16903021055683
0	240.43750000000003	0	-14.14926648393479	0	100.80001693061804
0	241.00000000000003	0	-14.01537893808447	0	100.44429160411617
0	241.81250000000003	0	-13.933331542894821	0	100.1921211528058
0	242.37500000000006	0	-13.909553343932675	0	99.75993633150652
0	243.00000000000006	0	-13.858232971636768	0	99.45829149844063
0	243.93750000000003	0	-13.767718703398184	0	99.28788688587628
0	244.68750000000003	0	-13.560598570381696	0	98.68378825144829
0	245.56250000000003	0	-13.431947936968793	0	98.46005790294578
0	246.06250000000003	0	-13.296199247055677	0	98.08811746227569
0	246.56250000000006	0	-13.185293063288112	0	97.7543962950951
0	247.0625	0	-13.028401501699639	0	97.37232719488784
0	247.81250000000009	0	-12.947718992569767	0	97.0189928154045
0	248.31250000000003	0	-12.83384085845796	0	96.61600622586803
0	248.75000000000003	0	-12.614935470260713	0	96.2674630556176
0	249.56250000000006	0	-12.259997366892824	0	95.75483485680898
0	250.06250000000003	0	-11.969283313951099	0	95.29648374959929
0	251.06250000000006	0	-11.490897537874963	0	94.49240352190715
0	251.37500000000006	0	-11.187518456783424	0	94.17863781559795
0	251.81250000000003	0	-10.897729052101408	0	93.89617200158708
0	252.12500000000006	0	-10.57698629950848	0	93.45967890355763
0	252.50000000000003	0	-10.376892054550375	0	93.12989971678434
0	252.75000000000006	0	-10.070248614929563	0	92.74749054021252
0	253.12500000000006	0	-9.768688500427155	0	92.46993066995249
0	253.37500000000006	0	-9.514587280673023	0	92.19695864225432
0	253.87500000000006	0	-9.163321074258441	0	91.81881855843841
0	254.12500000000006	0	-8.930363896970764	0	91.50273375073168
0	254.37500000000006	0	-8.7315619522345	0	91.12896183048055
0	254.87500000000006	0	-8.634571159462205	0	90.89947077380435
0	255.25	0	-8.51152758254482	0	90.57480211828575
0	255.93750000000003	0	-8.507094397571317	0	90.33359374803173
0	256.37500000000006	0	-8.493238855530167	0	89.98851345248056
0	257.12500000000006	0	-8.576089657521822	0	89.77377234273396
0	257.68750000000006	0	-8.621585078649078	0	89.5279306773538
0	258.43750000000006	0	-8.69478003904145	0	89.1232405119669
0	259.37500000000006	0	-8.875426213864035	0	88.80000667578669
0	260.56250000000006	0	-9.119344011069169	0	88.13352443545747
0	261.56250000000006	0	-9.422011160781201	0	87.86323893899936
0	262.25	0	-9.662117186772715	0	87.36557312952154
0	263.25	0	-9.965436535478391	0	87.02827532347973
0	263.9375	0	-10.176439926279647	0	86.62395461608287
0	264.93750000000006	0	-10.476757356877009	0	86.3232351626781
0	266.00000000000006	0	-10.760253877294273	0	86.15234205087376
0	266.62500000000006	0	-10.93505926893846	0	85.77471500029945
0	267.31250000000006	0	-11.139023557540987	0	85.34697601919231
0	268.00000000000006	0	-11.310907368630998	0	85.05533390237755
0	269.06250000000006	0	-11.57751641254196	0	84.86914559993663
0	269.68750000000006	0	-11.689595284567558	0	84.47788289113277
0	270.37500000000006	0	-11.79324788403633	0	84.05875676098492
0	271.375	0	-11.947838952578998	0	83.8152092875224
0	272.375	0	-12.062372843042327	0	83.41654044007309
0	273.0625	0	-12.036406136794241	0	82.83423956320952
0	273.93750000000006	0	-12.067202418243307	0	82.58401573043257
0	274.4375	0	-11.851553558479463	0	82.05092718337545
0	275.31250000000006	0	-11.557082172992653	0	81.50652070995032
0	276.43750000000006	0	-11.04586012247913	0	80.62857214003081
0	276.81250000000006	0	-10.64586298141343	0	80.12851450751698
0	277.25	0	-10.282877117093914	0	79.71786397176179
0	277.75000000000006	0	-9.98162954592861	0	79.17500135057986
0	278.0	0	-9.677713225436209	0	78.75444078820894
0	278.31250000000006	0	-9.378163854993012	0	78.40558587823047
0	278.75000000000006	0	-9.16600336109586	0	77.95251724150553
0	279.125	0	-8.924140044019389	0	77.52094270070711
0	279.5625	0	-8.600496490532073	0	76.97899250477188
0	279.9375	0	-8.387852331023353	0	76.45381680921525
0	280.50000000000006	0	-8.230559282641185	0	75.91148005080554
0	280.875	0	-8.039008237749114	0	75.4369103865887
0	281.56250000000006	0	-7.908539400280653	0	74.80089726984092
0	282.00000000000006	0	-7.76562768721406	0	74.27445474293954
0	282.43750000000006	0	-7.5790011693451245	0	73.68021462615327
0	283.18750000000006	0	-7.5125052992185255	0	73.13921639927918
0	283.75000000000006	0	-7.401314004941712	0	72.54802057927989
0	284.25000000000006	0	-7.231526310675804	0	71.89000316724992
0	285.50000000000006	0	-7.120764425526999	0	70.97117610481904
0	287.125	0	-6.985686020166952	0	69.53462119579032
0	287.8125	0	-6.901013382149804	0	68.74281927299272
0	288.9375	0	-6.989617712963737	0	68.0243356655849
0	289.68750000000006	0	-6.960290508814833	0	67.2219734562265
0	290.50000000000006	0	-7.032418628057631	0	66.51137235324566
0	292.12500000000006	0	-7.092063826277874	0	65.11323923069772
0	293.00000000000006	0	-7.172980912079379	0	64.36662010234375
0	294.25000000000006	0	-7.379223750253596	0	63.51933169974634
0	295.125	0	-7.383183352007139	0	62.69127710524376
0	296.37500000000006	0	-7.61150465615694	0	61.97407223135954
0	297.1875	0	-7.688768595474566	0	61.12992665019833
0	298.06250000000006	0	-7.827193399448678	0	60.35690560471769
0	299.31250000000006	0	-8.092453692433471	0	59.67808902739387
0	300.18750000000006	0	-8.144504666485169	0	58.81240162873135
0	301.37500000000006	0	-8.318317504341255	0	57.976163257245766
0	302.18750000000006	0	-8.347572396721354	0	57.21793530666657
0	303.375	0	-8.497016777917572	0	56.42038777607177
0	304.625	0	-8.767174406109511	0	55.60284146522236
0	306.375	0	-8.975343928787312	0	54.060482468052236
0	308.50000000000006	0	-9.255092573841589	0	52.48503312795129
0	309.31250000000006	0	-9.276350088239854	0	51.76468821947202
0	310.12500000000006	0	-9.334503301170852	0	51.11714377680023
0	310.875	0	-9.4006792122476	0	50.3981479982003
0	312.06250000000006	0	-9.48653896418381	0	49.47641259955387
0	313.25000000000006	0	-9.576846214337392	0	48.66404526511947
0	314.0625	0	-9.571585286453713	0	47.851723145094944
0	315.68750000000006	0	-9.772273982989182	0	46.7456480177359
0	316.56250000000006	0	-9.749536638911428	0	45.97652759791043
0	317.375	0	-9.736276147328644	0	45.18919155421709
0	318.25000000000006	0	-9.737888658484852	0	44.37423092116181
0	319.62500000000006	0	-9.917899195185942	0	43.543481316932855
0	320.87500000000006	0	-9.94884769568707	0	42.58846538630972
0	321.68750000000006	0	-9.783325281848036	0	41.73783606080014
0	322.93750000000006	0	-9.76348254366302	0	40.81372574290711
0	323.68750000000006	0	-9.605262074633458	0	39.82535558277243
0	324.875	0	-9.66339823720502	0	38.94337574674324
0	326.00000000000006	0	-9.461403364971444	0	37.93001571753151
0	327.00000000000006	0	-9.264725464543366	0	36.89814781061317
0	328.75000000000006	0	-9.148648390043007	0	35.439193102120534
0	329.50000000000006	0	-8.993563090342864	0	34.73514401301572
0	330.1875	0	-8.797043993203769	0	34.06936741585633
0	330.8125	0	-8.595177858803014	0	33.47863789678833
0	331.81250000000006	0	-8.583519768107214	0	32.850023488072544
0	332.37500000000006	0	-8.448222394795664	0	32.25229438190971
0	333.06250000000006	0	-8.280648357584438	0	31.478076952560585
0	334.0	0	-8.0601230311407	0	30.617012519592286
0	334.56250000000006	0	-7.9114842164973584	0	30.088444363880473
0	335.18750000000006	0	-7.8015208305154875	0	29.46637393054567
0	336.375	0	-7.538241019160353	0	28.464875386053922
0	336.93750000000006	0	-7.405430619108284	0	28.00293774544009
0	337.75000000000006	0	-7.345071819678477	0	27.513110232544733
0	338.3125	0	-7.216621314720332	0	27.036852046727468
0	338.81250000000006	0	-7.004585359037779	0	26.493566763647223
0	339.43750000000006	0	-6.892812015090062	0	25.97451448651797
0	339.8125	0	-6.749198268226538	0	25.556075699875002
0	340.18750000000006	0	-6.668219185032183	0	25.158223813207275
0	340.5625	0	-6.600865550824319	0	24.626102710963746
0	341.43750000000006	0	-6.751289228332949	0	23.783735310126602
0	342.62500000000006	0	-6.97260170705911	0	22.487791764339256
0	343.06250000000006	0	-6.927560626484731	0	21.841998731787648
0	343.5625	0	-6.943587849191188	0	21.206588029989053
0	344.25	0	-7.034971241923872	0	20.511878165568234
0	344.6875000000001	0	-7.060613284237	0	19.825193917491767
0	345.25	0	-7.135542287204263	0	18.98533696699333
0	345.68750000000006	0	-7.169873170656451	0	18.3415755031434
0	346.25	0	-7.242866628006088	0	17.653337567429983
0	346.6875	0	-7.263727970911308	0	17.002873379539526
0	347.0625	0	-7.274702712887889	0	16.381330133362912
0	347.4375	0	-7.317138354990727	0	15.73747340083938
0	348.00000000000006	0	-7.4219394698330206	0	14.990827603452182
0	348.375	0	-7.4733901288762645	0	14.265823299505826
0	349.00000000000006	0	-7.588686902581046	0	13.37757577643629
0	349.4375	0	-7.615121455862198	0	12.582067513485823
0	350.0625000000001	0	-7.669340317478375	0	11.68962807341537
0	350.62500000000006	0	-7.666388782051881	0	10.799996897130887
0	351.06250000000006	0	-7.60686431279343	0	9.949373463077933
0	351.68750000000006	0	-7.655642851759954	0	9.181413304821534
0	352.31250000000006	0	-7.626663521092743	0	8.17890137327213
0	353.37500000000006	0	-7.5416511006909746	0	6.472228122573593
0	353.875	0	-7.494880610075802	0	5.701623041435621
0	354.37500000000006	0	-7.4572372911413405	0	4.938564751738178
0	354.87500000000006	0	-7.399447649906357	0	4.163566923148273
0	355.37500000000006	0	-7.374032509767434	0	3.536296568045551
0	355.6875	0	-7.284384905943064	0	2.9787763014816644
0	356.12500000000006	0	-7.23491472151984	0	2.426569319444103
0	356.37500000000006	0	-7.150181091861013	0	2.013042974161925
0	356.68750000000006	0	-7.103702013776169	0	1.653826619255446
0	356.81250000000006	0	-7.027057205722465	0	1.424364534915929
0	356.93750000000006	0	-6.965421638839555	0	1.2456715882778346
0	357.0625	0	-6.935868682368348	0	1.1130161707432231
0	357.12500000000006	0	-6.9329716993235175	0	1.044539739157166
0	357.12500000000006	0	-6.933156355617504	0	1.0408628191002998
0	357.12500000000006	0	-6.933156355617504	0	1.0408628191002998
0	357.12500000000006	0	-6.935179471939954	0	1.0372782271903715
0	357.12500000000006	0	-6.939225704584825	0	1.0301090433705704
0	357.12500000000006	0	-6.943364265376721	0	1.0211013995222524
0	357.12500000000006	0	-6.943456593523716	0	1.0192629394937909
0	357.12500000000006	0	-6.943548921670708	0	1.0174244794653862
0	357.12500000000006	0	-6.945387381699141	0	1.0175168076123795
0	357.12500000000006	0	-6.945479709846135	0	1.015678347583918
0	357.12500000000006	0	-6.947318169874597	0	1.0157706757309126
0	357.12500000000006	0	-6.949156629903059	0	1.0158630038779073
0	357.12500000000006	0	-6.949156629903059	0	1.0158630038779073
0	357.12500000000006	0	-6.949156629903059	0	1.0158630038779073
0	357.12500000000006	0	-6.949156629903059	0	1.0158630038779073
0	357.12500000000006	0	-6.949156629903059	0	1.0158630038779073
0	357.12500000000006	0	-6.950995089931521	0	1.015955332024902
0	357.12500000000006	0	-6.952833549959954	0	1.0160476601718953
0	357.12500000000006	0	-6.9600950619267765	0	1.018255432788334
0	357.12500000000006	0	-6.961656537514257	0	1.0238631410206562
0	357.12500000000006	0	-6.9613795530732725	0	1.0293785211060407
0	357.12500000000006	0	-6.961102568632291	0	1.0348939011913683
0	357.12500000000006	0	-6.962941028660753	0	1.034986229338363
0	357.12500000000006	0	-6.962756372366763	0	1.0386631493952858
0	357.12500000000006	0	-6.962756372366763	0	1.0386631493952858
0	357.12500000000006	0	-6.962756372366763	0	1.0386631493952858
0	357.12500000000006	0	-6.966433292423657	0	1.0388478056892738
0	357.12500000000006	0	-6.966433292423657	0	1.0388478056892738
0	357.12500000000006	0	-6.966525620570652	0	1.0370093456608123
0	357.12500000000006	0	-6.966802605011633	0	1.0314939655754847
0	357.12500000000006	0	-6.970664181362517	0	1.0280017018125496
0	357.12500000000006	0	-6.97452575771343	0	1.024509438049616
0	357.12500000000006	0	-6.98390271414967	0	1.0212941587276636
0	357.12500000000006	0	-6.993648983173914	0	1.0107250392919236
0	357.12500000000006	0	-7.005787681108557	0	0.9892174878324647
0	357.12500000000006	0	-7.03024973327186	0	0.9425254648566254
0	357.12500000000006	0	-7.074019667189607	0	0.8783721230661692
0	357.12500000000006	0	-7.136543513979889	0	0.8077882226318679
0	357.12500000000006	0	-7.189136435451938	0	0.7514503616902296
0	357.12500000000006	0	-7.234744829398148	0	0.6873893480467681
0	357.12500000000006	0	-7.292861233866976	0	0.5944669428300585
0	357.0625	0	-7.325989594213099	0	0.502300507128402
0	357.12500000000006	0	-7.361892949409132	0	0.4320864581799392
0	357.12500000000006	0	-7.37183197763876	0	0.38097888997122087
0	357.18750000000006	0	-7.401528928493216	0	0.3583423867598785
0	357.18750000000006	0	-7.401528928493216	0	0.3583423867598785
0	357.18750000000006	0	-7.401528928493216	0	0.3583423867598785
0	357.18750000000006	0	-7.401528928493216	0	0.3583423867598785
0	357.18750000000006	0	-7.401528928493216	0	0.3583423867598785
0	357.18750000000006	0	-7.401528928493216	0	0.3583423867598785
0	357.18750000000006	0	-7.401528928493216	0	0.3583423867598785
0	357.18750000000006	0	-7.40143860584955	0	0.3601809464088455
0	357.18750000000006	0	-7.40134828320588	0	0.3620195060578693
0	357.18750000000006	0	-7.4012579605622095	0	0.3638580657068931
0	357.18750000000006	0	-7.399238755625846	0	0.36744486236127094
0	357.18750000000006	0	-7.391884517029779	0	0.3670835717865932
0	357.18750000000006	0	-7.3826917187847165	0	0.366631958568247
0	357.18750000000006	0	-7.377176039837673	0	0.366360990637239
0	357.18750000000006	0	-7.3734989205396255	0	0.3661803453498994
0	357.18750000000006	0	-7.347456010746791	0	0.3335699916615683
0	357.25000000000006	0	-7.331816027183849	0	0.25896644395341484
0	357.31250000000006	0	-7.307352524679932	0	0.17475564637320873
0	357.31250000000006	0	-7.262479548958986	0	0.10999397301875886
0	357.31250000000006	0	-7.2227775849507125	0	0.052846242922635005
0	357.31250000000006	0	-7.184111356746177	0	-0.026366515095716143
0	357.31250000000006	0	-7.13082142124378	0	-0.10810851597669852
0	357.31250000000006	0	-7.075174865512684	0	-0.1789043142136013
0	357.31250000000006	0	-7.0318817081676634	0	-0.23806341927048735
0	357.31250000000006	0	-6.978505461348291	0	-0.31796666782466476
0	357.375	0	-6.951493049073104	0	-0.3893644356922973
0	357.43750000000006	0	-6.943940578247422	0	-0.4451173811273653
0	357.43750000000006	0	-6.928460046504675	0	-0.46976424863011407
0	357.375	0	-6.898147202691314	0	-0.4710175040713964
0	357.375	0	-6.8822720382232765	0	-0.48648701662801386
0	357.375	0	-6.880601803836168	0	-0.49024901289421413
0	357.375	0	-6.880433192839397	0	-0.486571322126398
0	357.375	0	-6.879927359849087	0	-0.47553824982300635
0	357.375	0	-6.879590137855548	0	-0.46818286828743083
0	357.375	0	-6.893626456939646	0	-0.4527976612291434
0	357.375	0	-6.893204929447721	0	-0.4436034343096598
0	357.375	0	-6.8928677074541795	0	-0.4362480527740275
0	357.375	0	-6.894285025346163	0	-0.4269695203561585
0	357.375	0	-6.900881657396301	0	-0.41008268990750213
0	357.375	0	-6.9058080550593015	0	-0.3969578557250474
0	357.375	0	-6.907225372951285	0	-0.38767932330717836
0	357.375	0	-6.908895607338394	0	-0.3839173270409781
0	357.375	0	-6.908895607338394	0	-0.3839173270409781
0	357.375	0	-6.910734452722302	0	-0.38383302154259263
0	357.375	0	-6.91257329810621	0	-0.3837487160442072
0	357.375	0	-6.916082377877229	0	-0.37990241427967825
0	357.375	0	-6.917668306765981	0	-0.3743015726295686
0	357.375	0	-6.917668306765981	0	-0.3743015726295686
0	357.375	0	-6.917668306765981	0	-0.3743015726295686
0	357.375	0	-6.917668306765981	0	-0.3743015726295686
0	357.375	0	-6.919507152149889	0	-0.37421726713118314
0	357.375	0	-6.919507152149889	0	-0.37421726713118314
0	357.375	0	-6.919507152149889	0	-0.37421726713118314
0	357.375	0	-6.919507152149889	0	-0.37421726713118314
0	357.375	0	-6.919507152149889	0	-0.37421726713118314
0	357.375	0	-6.921261692035384	0	-0.3722941162488909
0	357.375	0	-6.921261692035384	0	-0.3722941162488909
0	357.375	0	-6.921261692035384	0	-0.3722941162488909
0	357.375	0	-6.921261692035384	0	-0.3722941162488909
0	357.375	0	-6.921261692035384	0	-0.3722941162488909
0	357.375	0	-6.921261692035384	0	-0.3722941162488909
0	357.375	0	-6.921261692035384	0	-0.3722941162488909
0	357.375	0	-6.921261692035384	0	-0.3722941162488909
0	357.375	0	-6.921261692035384	0	-0.3722941162488909
0	357.375	0	-6.921261692035384	0	-0.3722941162488909
0	357.375	0	-6.921261692035384	0	-0.3722941162488909
0	357.375	0	-6.921261692035384	0	-0.3722941162488909
0	357.375	0	-6.923100537419292	0	-0.37220981075050547
0	357.375	0	-6.923100537419292	0	-0.37220981075050547
0	357.375	0	-6.923100537419292	0	-0.37220981075050547
0	357.375	0	-6.923100537419292	0	-0.37220981075050547
0	357.375	0	-6.923100537419292	0	-0.37220981075050547
0	357.375	0	-6.923100537419292	0	-0.37220981075050547
0	357.375	0	-6.923100537419292	0	-0.37220981075050547
0	357.375	0	-6.923100537419292	0	-0.37220981075050547
0	357.375	0	-6.923016231920909	0	-0.3703709653666542
0	357.375	0	-6.923016231920909	0	-0.3703709653666542
0	357.375	0	-6.923016231920909	0	-0.3703709653666542
0	357.375	0	-6.923016231920909	0	-0.3703709653666542
0	357.375	0	-6.923016231920909	0	-0.3703709653666542
0	357.375	0	-6.923016231920909	0	-0.3703709653666542
0	357.375	0	-6.923016231920909	0	-0.3703709653666542
0	357.375	0	-6.923016231920909	0	-0.3703709653666542
0	357.375	0	-6.923016231920909	0	-0.3703709653666542
0	357.375	0	-6.923016231920909	0	-0.3703709653666542
0	357.375	0	-6.923016231920909	0	-0.3703709653666542
0	357.375	0	-6.923016231920909	0	-0.3703709653666542
0	357.375	0	-6.923016231920909	0	-0.3703709653666542
0	357.375	0	-6.923016231920909	0	-0.3703709653666542
0	357.375	0	-6.924855077304817	0	-0.37028665986826875
0	357.375	0	-6.924855077304817	0	-0.37028665986826875
0	357.375	0	-6.924855077304817	0	-0.37028665986826875
0	357.375	0	-6.924855077304817	0	-0.37028665986826875
0	357.375	0	-6.924855077304817	0	-0.37028665986826875
0	357.375	0	-6.924855077304817	0	-0.37028665986826875
0	357.375	0	-6.924855077304817	0	-0.37028665986826875
0	357.375	0	-6.924855077304817	0	-0.37028665986826875
0	357.375	0	-6.924855077304817	0	-0.37028665986826875
0	357.375	0	-6.924855077304817	0	-0.37028665986826875
0	357.375	0	-6.924855077304817	0	-0.37028665986826875
0	357.375	0	-6.924855077304817	0	-0.37028665986826875
0	357.375	0	-6.924855077304817	0	-0.37028665986826875
0	357.375	0	-6.924855077304817	0	-0.37028665986826875
0	357.375	0	-6.924855077304817	0	-0.37028665986826875
0	357.375	0	-6.924855077304817	0	-0.37028665986826875
0	357.375	0	-6.924855077304817	0	-0.37028665986826875
0	357.375	0	-6.924855077304817	0	-0.37028665986826875
0	357.375	0	-6.924855077304817	0	-0.37028665986826875
0	357.375	0	-6.924855077304817	0	-0.37028665986826875
0	357.375	0	-6.924855077304817	0	-0.37028665986826875
0	357.375	0	-6.924855077304817	0	-0.37028665986826875
0	357.375	0	-6.924855077304817	0	-0.37028665986826875
0	357.375	0	-6.924855077304817	0	-0.37028665986826875
0	357.375	0	-6.924855077304817	0	-0.37028665986826875
0	357.375	0	-6.924855077304817	0	-0.37028665986826875
0	357.375	0	-6.924855077304817	0	-0.37028665986826875
0	357.375	0	-6.924855077304817	0	-0.37028665986826875
0	357.375	0	-6.924855077304817	0	-0.37028665986826875
0	357.375	0	-6.924855077304817	0	-0.37028665986826875
0	357.375	0	-6.924855077304817	0	-0.37028665986826875
0	357.375	0	-6.924855077304817	0	-0.37028665986826875
0	357.375	0	-6.924855077304817	0	-0.37028665986826875
0	357.375	0	-6.924855077304817	0	-0.37028665986826875
0	357.375	0	-6.924855077304817	0	-0.37028665986826875
0	357.375	0	-6.924855077304817	0	-0.37028665986826875
0	357.375	0	-6.924855077304817	0	-0.37028665986826875
0	357.375	0	-6.924855077304817	0	-0.37028665986826875
0	357.375	0	-6.924855077304817	0	-0.37028665986826875
0	357.375	0	-6.924855077304817	0	-0.37028665986826875
0	357.375	0	-6.924855077304817	0	-0.37028665986826875
0	357.375	0	-6.924855077304817	0	-0.37028665986826875
0	357.375	0	-6.924855077304817	0	-0.37028665986826875
0	357.375	0	-6.924855077304817	0	-0.37028665986826875
0	357.375	0	-6.926525311691925	0	-0.3665246636020685
0	357.375	0	-6.926525311691925	0	-0.3665246636020685
0	357.375	0	-6.92644100619354	0	-0.36468581821816043
0	357.375	0	-6.92644100619354	0	-0.36468581821816043