0	0.0	0	0.0	0	0.0
0	0.0	0	0.0	0	0.0
0	0.0	0	0.0	0	0.0
0	0.0	0	0.0	0	0.0
0	0.0	0	0.0	0	0.0
0	0.0	0	0.0	0	0.0
0	0.0	0	0.0	0	0.0
0	0.0	0	0.0	0	0.0
0	0.0	0	0.0	0	0.0
0	0.0	0	0.0	0	0.0
0	0.0	0	0.0	0	0.0
0	0.0	0	0.0	0	0.0
0	0.0	0	0.0	0	0.0
0	0.0	0	0.0	0	0.0
0	0.0	0	0.0	0	0.0
0	0.0	0	0.0	0	0.0
0	0.0	0	0.0	0	0.0
0	0.0	0	0.0	0	0.0
0	0.0	0	-0.0018407769454627694	0	0.0
0	0.0	0	-0.0018407769454627694	0	0.0
0	0.0	0	-0.003681553890925539	0	0.0
0	0.0	0	-0.003681553890925539	0	0.0
0	0.0	0	-0.003681553890925539	0	0.0
0	0.0	0	-0.003681553890925539	0	0.0
0	0.0	0	-0.005522330836388308	0	0.0
0	0.0	0	-0.007363107781851078	0	0.0
0	0.0	0	-0.007363107781851078	0	-0.011044661672776616
0	0.0625	0	-0.024840634365892303	0	-0.03328936422780645
0	0.0625	0	-0.0248366184143771	0	-0.036970915928370006
0	0.0625	0	-0.0248366184143771	0	-0.036970915928370006
0	0.0625	0	-0.0248366184143771	0	-0.036970915928370006
0	0.0625	0	-0.0248366184143771	0	-0.036970915928370006
0	0.0625	0	-0.0248366184143771	0	-0.036970915928370006
0	0.0625	0	-0.02484866626892271	0	-0.025926260826679343
0	0.0625	0	-0.017495602746583606	0	-0.01671434967224005
0	0.0625	0	-0.01567089070236264	0	-0.001986134894228232
0	0.0625	0	-0.013850194609656878	0	0.01642363158434714
0	0.0625	0	-0.01386625841571769	0	0.03114983838660136
0	0.0625	0	-0.013834130803596066	0	0.001697424782092928
0	0.0625	0	-0.017495602746583606	0	-0.016714349672240048
0	0.0625	0	-0.017491586795068403	0	-0.0203959013728036
0	0.0625	0	-0.017491586795068403	0	-0.0203959013728036
0	0.0625	0	-0.017505642625371614	0	-0.00751047042083116
0	0.0625	0	-0.01752773035870523	0	0.012738063932268395
0	0.0625	0	-0.019380554063532618	0	0.02378071105820145
0	0.0	0	-0.001895431428295239	0	0.009190884063594707
0	0.0625	0	-0.015759677487531362	0	-0.07563618144950034
0	0.0625	0	-0.0064955589633944304	0	-0.13084941707916564
0	0.125	0	-0.009222629429676067	0	-0.20830435219067459
0	0.1875	0	-0.010048536683000847	0	-0.2636668818706414
0	0.1875	0	-0.006342906834455318	0	-0.27101790239057694
0	0.1875	0	-0.006342906834455318	0	-0.27101790239057694
0	0.1875	0	-0.002661372656771998	0	-0.2710058545551458
0	0.1875	0	-0.002661372656771998	0	-0.2710058545551458
0	0.1875	0	-0.006354954669886422	0	-0.2673363682128936
0	0.125	0	-0.007494757507252725	0	-0.22486463128742498
0	0.125	0	-0.024142029572431452	0	-0.1880853235347559
0	0.0625	0	-0.008927548072061753	0	-0.06644131194431101
0	0.0625	0	-0.008959675684183377	0	-0.03698889833980257
0	0.0625	0	-0.02003043447072286	0	-0.013070860140685071
0	0.0	0	-0.004458375865214255	0	0.005473219030030056
0	0.0	0	-0.006299152810677024	0	0.0017916651391045174
0	0.0	0	-0.006299152810677024	0	-0.003730665697283791
0	0.0	0	-0.006299152810677024	0	-0.003730665697283791
0	0.0	0	-0.006299152810677024	0	0.009154772920955595
0	0.0625	0	-0.023716440121990204	0	0.042133345874379086
0	0.0625	0	-0.02380479105532467	0	0.12312748328677728
0	0.0625	0	-0.029441573224353288	0	0.22804568282556575
0	-0.06250000000001767	0	-0.03558717052062248	0	0.397675059531133
0	-0.12500000000002653	0	-0.062312461090180016	0	0.592992075229755
0	-0.24999999999999328	0	-0.07342519390065762	0	0.8823152521148527
0	-0.4375000000000198	0	-0.08318915371428696	0	1.3061808461825208
0	-0.5625000000000374	0	-0.09727191702440059	0	1.7741672523572802
0	-0.7500000000000131	0	-0.08018142842578488	0	2.2916441739212576
0	-0.9999999999999974	0	-0.036184884181422385	0	2.9191983398340065
0	-1.125000000000015	0	-0.012936905845392026	0	3.6020679766806736
0	-1.3124999999999907	0	0.06753718461818137	0	5.657276756540677
0	-1.3749999999999996	0	0.10708830092589505	0	6.838580179296358
0	-1.4375000000000084	0	0.1442718876396027	0	7.699536243890083
0	-1.562500000000026	0	0.20396406119001045	0	8.780949935716311
0	-1.6250000000000349	0	0.23610496690320898	0	9.763542556111522
0	-1.7500000000000018	0	0.29835430744508273	0	10.947915729553426
0	-1.8750000000000193	0	0.3636838469838113	0	12.279473666791043
0	-1.9999999999999862	0	0.4025653253760179	0	13.494030521995056
0	-2.062499999999995	0	0.45074164702479835	0	14.619715096701675
0	-2.125000000000004	0	0.5154871641789638	0	15.868193841029044
0	-2.1875000000000124	0	0.5814930913413623	0	17.216079299153105
0	-2.1875000000000124	0	0.6307594396648843	0	18.45762800737017
0	-2.2500000000000213	0	0.712587976063344	0	19.49723055516195
0	-2.2500000000000213	0	0.753387070892317	0	20.582523909883534
0	-2.2500000000000213	0	0.7819540971787844	0	21.590925580951527
0	-2.2500000000000213	0	0.8361206139578163	0	22.500684993022908
0	-2.2500000000000213	0	0.8816754715850184	0	23.519472393656205
0	-2.2500000000000213	0	0.9232298957311541	0	24.577103113216825
0	-2.31250000000003	0	0.978685971509918	0	25.57166974291088
0	-2.31250000000003	0	1.0227310159211214	0	26.66236150562088
0	-2.31250000000003	0	1.140675742516164	0	29.765520331707588
0	-2.31250000000003	0	1.1932838933506211	0	30.931399661260553
0	-2.31250000000003	0	1.2046285030036732	0	32.124737204471856
0	-2.375000000000039	0	1.2598036520469538	0	33.178254760490354
0	-2.375000000000039	0	1.284468368724921	0	34.43924805447204
0	-2.437499999999997	0	1.290536034374759	0	35.844907648464265
0	-2.5625000000000147	0	1.3372721468233457	0	37.00392822521766
0	-2.6250000000000235	0	1.378124711022369	0	38.214692402609565
0	-2.6874999999999813	0	1.4091831759484275	0	39.42409022807349
0	-2.7499999999999902	0	1.4594937860721344	0	40.54229022627074
0	-2.812499999999999	0	1.5313948897810223	0	41.70182275591798
0	-2.875000000000008	0	1.565944274702366	0	42.632828950746045
0	-2.9375000000000164	0	1.585022402397158	0	43.60334999217532
0	-2.9999999999999747	0	1.642453319987291	0	44.472357010747686
0	-2.9999999999999747	0	1.6877325661725477	0	45.33633649632587
0	-3.0624999999999836	0	1.7217437967685219	0	46.19736703122292
0	-3.124999999999992	0	1.7535226664996812	0	46.962670384636105
0	-3.124999999999992	0	1.774980837795932	0	47.69337562455112
0	-3.124999999999992	0	1.7895098474180455	0	48.19586289810189
0	-3.2500000000000098	0	1.7696188789614944	0	49.15415867328642
0	-3.2500000000000098	0	1.7555600666976707	0	49.26373778563848
0	-3.187500000000052	0	1.7307741806077936	0	49.26498154272963
0	-3.124999999999992	0	1.7014995251543528	0	49.18717215798134
0	-3.0624999999999836	0	1.6584022944756214	0	48.958915730451714
0	-3.124999999999992	0	1.6636017394388463	0	48.724642153359085
0	-3.187500000000052	0	1.6644151810234071	0	48.41316082618724
0	-3.2500000000000098	0	1.6522448700076189	0	47.87008579841247
0	-3.187500000000052	0	1.6135506459546844	0	47.3761690367923
0	-3.124999999999992	0	1.6137515477083522	0	46.68101676823956
0	-2.9999999999999747	0	1.5987517007132812	0	46.0584992710449
0	-2.812499999999999	0	1.5360372202146517	0	45.377433478813586
0	-2.6874999999999813	0	1.4686548927796055	0	44.63768055102867
0	-2.5625000000000147	0	1.3794645402628152	0	43.87119157862571
0	-2.5000000000000058	0	1.3137244346699233	0	43.059528771475904
0	-2.437499999999997	0	1.2624304520861056	0	42.22142332877062
0	-2.31250000000003	0	1.2008825615589074	0	41.37988091335544
0	-2.125000000000004	0	1.0823124970531728	0	40.41313491397613
0	-2.062499999999995	0	1.0041333725755874	0	39.45062382492285
0	-2.062499999999995	0	0.9595739209888204	0	38.520191600797034
0	-2.31250000000003	0	0.8071814344214059	0	36.21123710740905
0	-2.5000000000000058	0	0.7708340511691402	0	35.45781213432739
0	-2.7499999999999902	0	0.7473278130086285	0	34.7223556108674
0	-2.875000000000008	0	0.6513470714000054	0	33.916493983754705
0	-3.2500000000000098	0	0.6422925237172056	0	33.08084022204763
0	-3.4375000000000364	0	0.587463199998899	0	32.144075261082094
0	-3.687500000000021	0	0.48063505018643293	0	31.055858429088943
0	-3.8749999999999964	0	0.3924223711861441	0	29.992169389467147
0	-4.125000000000032	0	0.3466430739949827	0	28.951471794719374
0	-4.312500000000007	0	0.20228926601447983	0	27.700128389845922
0	-4.499999999999983	0	0.193495663656012	0	26.696773161017934
0	-4.625000000000001	0	0.15334275705507006	0	25.66610219173081
0	-4.749999999999967	0	0.09581726904696036	0	24.701426606629855
0	-4.875000000000036	0	0.08211420906526617	0	23.574081617782028
0	-4.875000000000036	0	0.0880470203190548	0	22.300675536358874
0	-4.875000000000036	0	0.0651622164808231	0	21.144269861536024
0	-4.749999999999967	0	0.051544886954414074	0	19.974064240880363
0	-4.68750000000001	0	0.11429111572429737	0	18.557712601394577
0	-4.625000000000001	0	0.17398133505465874	0	17.19720603872978
0	-4.249999999999998	0	0.17836456757915864	0	13.59141852383701
0	-4.187500000000041	0	0.146456505788508	0	12.34777063228393
0	-4.000000000000014	0	0.09545718505925274	0	11.112775851759297
0	-3.9375000000000053	0	0.05253359445012899	0	9.663477981769196
0	-3.8749999999999964	0	-0.04191760433230671	0	8.378245621728517
0	-3.8749999999999964	0	-0.1002409454946166	0	7.190329462853818
0	-3.8749999999999964	0	-0.13437454673919016	0	5.95095995523908
0	-3.8749999999999964	0	-0.21432739106597876	0	4.688864077470528
0	-3.8749999999999964	0	-0.32681144709830423	0	3.464026597598525
0	-3.9375000000000053	0	-0.40804160477406404	0	1.982581318814003
0	-4.000000000000014	0	-0.5040314572912765	0	0.6885166513318419
0	-4.125000000000032	0	-0.6083068474049333	0	-0.6047955675331973
0	-4.249999999999998	0	-0.7007938947426698	0	-1.8472795169659677
0	-4.312500000000007	0	-0.7993626939080666	0	-3.130063057830392
0	-4.437500000000025	0	-0.8575557822209836	0	-4.402908958730208
0	-4.562499999999992	0	-0.9063021613143747	0	-5.733845242239952
0	-4.562499999999992	0	-0.9898067802273818	0	-6.942263260126672
0	-4.562499999999992	0	-1.0476313885737454	0	-8.106564811529736
0	-4.625000000000001	0	-1.1680756715690472	0	-9.9767126371426
0	-4.625000000000001	0	-1.3507829136277008	0	-12.55482595930101
0	-4.625000000000001	0	-1.4641664094536113	0	-13.77376921596576
0	-4.625000000000001	0	-1.5391928492647746	0	-14.860999748198548
0	-4.625000000000001	0	-1.6245269994372917	0	-15.984332224540932
0	-4.625000000000001	0	-1.713559393691508	0	-17.22186653299361
0	-4.562499999999992	0	-1.8236068424382457	0	-18.59818977380185
0	-4.625000000000001	0	-1.8840289601038196	0	-19.658760563563924
0	-4.625000000000001	0	-1.9944725556291008	0	-20.95550685038904
0	-4.625000000000001	0	-2.0295129415615154	0	-22.14200525000079
0	-4.625000000000001	0	-2.070540399990251	0	-23.128565939703165
0	-4.562499999999992	0	-2.160969297823591	0	-24.085424404297825
0	-4.562499999999992	0	-2.212273285737598	0	-25.191154181216945
0	-4.562499999999992	0	-2.2398602287778098	0	-26.34678890807963
0	-4.562499999999992	0	-2.275674714174932	0	-27.46668113821006
0	-4.499999999999983	0	-2.3696207724096325	0	-28.68547669188404
0	-4.562499999999992	0	-2.3575152640387085	0	-29.82567306737972
0	-4.499999999999983	0	-2.445335218431447	0	-30.923084092356696
0	-4.499999999999983	0	-2.5295353983702307	0	-31.992948817481633
0	-4.562499999999992	0	-2.559312390626063	0	-33.482508223076856
0	-4.499999999999983	0	-2.730670539990562	0	-35.24730422811279
0	-4.499999999999983	0	-2.813375861692391	0	-36.11048207390066
0	-4.562499999999992	0	-2.8493332310967796	0	-36.94215006306806
0	-4.625000000000001	0	-2.878628728238983	0	-37.724527425871806
0	-4.625000000000001	0	-2.9825215318389393	0	-38.50654910913969
0	-4.68750000000001	0	-3.0511370913929268	0	-39.215555858847715
0	-4.749999999999967	0	-3.118847320800826	0	-40.17768178561303
0	-4.812499999999976	0	-3.1779164314019788	0	-40.95397336358754
0	-4.937500000000045	0	-3.289676913772755	0	-41.88817627033746
0	-5.0625000000000115	0	-3.44571589436029	0	-43.189879227797675
0	-5.125000000000021	0	-3.5410001287850332	0	-44.23649755195537
0	-5.249999999999988	0	-3.546529614789791	0	-44.63684316347408
0	-5.249999999999988	0	-3.5944150046606147	0	-45.03727154992926
0	-5.3124999999999964	0	-3.637475600213083	0	-45.35850412854827
0	-5.3124999999999964	0	-3.711374142500418	0	-45.71582996712322
0	-5.3124999999999964	0	-3.7522029049723162	0	-45.87656932151677
0	-5.18750000000003	0	-3.797981563906965	0	-45.989131817951254
0	-4.937500000000045	0	-3.863311361647324	0	-45.95816955003757
0	-5.0625000000000115	0	-3.833666181568616	0	-45.561360833011946
0	-5.0625000000000115	0	-3.815798384229259	0	-45.35966525807312
0	-5.0625000000000115	0	-3.7938229074563585	0	-45.132461771754265
0	-5.125000000000021	0	-3.7522937229401148	0	-44.87915511419837
0	-5.125000000000021	0	-3.7274148280409967	0	-44.64297307986287
0	-5.125000000000021	0	-3.6912311944847147	0	-44.383778786231396
0	-5.125000000000021	0	-3.660243582978491	0	-44.10009232219793
0	-5.125000000000021	0	-3.630974229992602	0	-43.77374394376621
0	-5.125000000000021	0	-3.6040069609494236	0	-43.47306341532351
0	-5.18750000000003	0	-3.5529891764456907	0	-43.09495123812509
0	-5.249999999999988	0	-3.50256984789115	0	-42.70755941429359
0	-5.3124999999999964	0	-3.4502300607316596	0	-42.30372368333009
0	-5.3124999999999964	0	-3.40881471487323	0	-41.858336290525024
0	-5.3124999999999964	0	-3.3760914786394083	0	-41.506425264111144
0	-5.249999999999988	0	-3.3342421905189825	0	-41.111125710998515
0	-5.18750000000003	0	-3.294956705224492	0	-40.69895204439035
0	-5.125000000000021	0	-3.25239594848004	0	-40.22608052778754
0	-5.125000000000021	0	-3.206683138760506	0	-39.71639036372003
0	-5.125000000000021	0	-3.138747024834894	0	-38.979520820031475
0	-5.0625000000000115	0	-3.0672967574477754	0	-37.79588726770089
0	-5.000000000000003	0	-3.0187970283604373	0	-37.16277493272411
0	-4.937500000000045	0	-2.9501438654145917	0	-36.461200887086854
0	-4.875000000000036	0	-2.8756782361692714	0	-35.68436770831556
0	-4.749999999999967	0	-2.8017710551176633	0	-34.71366492375974
0	-4.625000000000001	0	-2.715017122821131	0	-33.91391691688088
0	-4.437500000000025	0	-2.6792706771258423	0	-33.10658784860586
0	-4.375000000000016	0	-2.6332207473750016	0	-32.345940807152004
0	-4.125000000000032	0	-2.6103999131421602	0	-31.517664022300178
0	-4.000000000000014	0	-2.559856390979718	0	-30.73908388802127
0	-3.8749999999999964	0	-2.4969294998663636	0	-29.89308502535277
0	-3.687500000000021	0	-2.479753636979137	0	-29.09406441982077
0	-3.4999999999999942	0	-2.4258047363114286	0	-28.23101057082749
0	-3.3750000000000275	0	-2.398249523914519	0	-27.476886164472756
0	-3.187500000000052	0	-2.3957496904790316	0	-26.65335046955252
0	-2.9375000000000164	0	-2.3625855977043875	0	-25.52023110402347
0	-2.7499999999999902	0	-2.312684065519885	0	-24.658736333458787
0	-2.5625000000000147	0	-2.2847403835423714	0	-23.451663894978847
0	-2.31250000000003	0	-2.2223818652161826	0	-21.584887712316043
0	-2.1875000000000124	0	-2.202945037774322	0	-20.567220749654453
0	-2.062499999999995	0	-2.165733145217188	0	-19.601808570842763
0	-1.9374999999999774	0	-2.100999784149171	0	-18.825184635992965
0	-1.8750000000000193	0	-2.061451929656949	0	-18.03650125781146
0	-1.7500000000000018	0	-2.0813399238834447	0	-16.920145724595194
0	-1.687499999999993	0	-2.089836711267955	0	-16.229442599401
0	-1.6250000000000349	0	-2.04219939636647	0	-15.48511761343023
0	-1.562500000000026	0	-2.020650432709006	0	-14.786088060099184
0	-1.5000000000000173	0	-2.0127581605898768	0	-14.02224864616481
0	-1.5000000000000173	0	-1.9916045404158347	0	-13.214424483163672
0	-1.4375000000000084	0	-1.9869378149991603	0	-12.470771753438392
0	-1.4375000000000084	0	-1.950604646107739	0	-11.609928693767877
0	-1.3749999999999996	0	-1.9257354318928523	0	-10.83731486095
0	-1.249999999999982	0	-1.9251796431385577	0	-10.185815815789306
0	-1.1874999999999731	0	-1.9032753946506882	0	-9.512538760208562
0	-1.125000000000015	0	-1.8931481230957068	0	-8.839021363883525
0	-0.9999999999999974	0	-1.9176146930463702	0	-8.36019669126922
0	-0.9374999999999887	0	-1.9220291278450325	0	-7.656991564756117
0	-0.8125000000000219	0	-1.9404848463795976	0	-6.769667303298368
0	-0.8125000000000219	0	-1.9394675233790302	0	-6.438308562335564
0	-0.8125000000000219	0	-1.9391288735722885	0	-6.154805209809678
0	-0.750000000000013	0	-1.9542495754920968	0	-6.001946420803392
0	-0.6875000000000042	0	-1.9486761106053507	0	-5.935877080916475
0	-0.6875000000000042	0	-1.9316464793726418	0	-5.897422332752739
0	-0.6250000000000462	0	-1.9419547038436835	0	-5.9140141834351825
0	-0.6875000000000042	0	-1.9245916866115786	0	-5.9232906967916215
0	-0.6875000000000042	0	-1.9251438668037846	0	-5.969306807545111
0	-0.6875000000000042	0	-1.9258727446574964	0	-6.030048073739716
0	-0.6250000000000462	0	-1.931237247461298	0	-6.090875024311452
0	-0.6250000000000462	0	-1.9258558007193725	0	-6.103819934400547
0	-0.6250000000000462	0	-1.9258357213560309	0	-6.1019792669721085
0	-0.6250000000000462	0	-1.925434134089201	0	-6.065165918403335
0	-0.6250000000000462	0	-1.9249120706423222	0	-6.01730856526393
0	-0.6250000000000462	0	-1.9240687373819796	0	-5.9400005332695045
0	-0.6250000000000462	0	-1.9143634161562488	0	-5.894084244375246
0	-0.6250000000000462	0	-1.8957961069651301	0	-5.879559698581151
0	-0.6250000000000462	0	-1.8775299882241339	0	-5.892645164213636
0	-0.5625000000000374	0	-1.8756862550702353	0	-5.971956660641472
0	-0.5625000000000374	0	-1.8720590930825294	0	-5.977514868341195
0	-0.5625000000000374	0	-1.8702184048460233	0	-5.977532939836297
0	-0.5625000000000374	0	-1.8699654039145943	0	-5.951763304525211
0	-0.6250000000000462	0	-1.853710083095663	0	-5.878168984444988
0	-0.6250000000000462	0	-1.8534892100989067	0	-5.857921642732162
0	-0.6250000000000462	0	-1.8460261435684444	0	-5.848798623043335
0	-0.6250000000000462	0	-1.8421640944414936	0	-5.8322727749140695
0	-0.6250000000000462	0	-1.854667258537076	0	-5.7971595382303445
0	-0.6250000000000462	0	-1.8708718368528774	0	-5.763846810248375
0	-0.6875000000000042	0	-1.863829826397527	0	-5.699363270898439
0	-0.6875000000000042	0	-1.8722379090714483	0	-5.632989635374973
0	-0.6875000000000042	0	-1.8749252735857567	0	-5.5501164616033165
0	-0.6875000000000042	0	-1.8756615576314841	0	-5.45806215288865
0	-0.6875000000000042	0	-1.859589082521385	0	-5.345959540311642
0	-0.6875000000000042	0	-1.841366742073511	0	-5.20810999292037
0	-0.6875000000000042	0	-1.8286663349160557	0	-5.0701941839060325
0	-0.6875000000000042	0	-1.8177623977733635	0	-4.928574998823727
0	-0.6875000000000042	0	-1.790763898312884	0	-4.6730125567342755
0	-0.6250000000000462	0	-1.7550355834350477	0	-4.26670372783392
0	-0.6250000000000462	0	-1.73446033790978	0	-4.068112439195958
0	-0.6250000000000462	0	-1.7229880327099982	0	-3.8602174165990952
0	-0.6250000000000462	0	-1.7024730252747549	0	-3.6671481302464493
0	-0.6875000000000042	0	-1.6513613293963956	0	-3.4264665259687552
0	-0.750000000000013	0	-1.5783414361704438	0	-3.2266246428208136
0	-0.8125000000000219	0	-1.5161471439313163	0	-3.0267059140105532
0	-0.8750000000000306	0	-1.4430287678306222	0	-2.8527924804019156
0	-0.9374999999999887	0	-1.3553097146429633	0	-2.7012869587661323
0	-1.0625000000000062	0	-1.2464607731664736	0	-2.550223640673232
0	-1.0625000000000062	0	-1.1527652025333577	0	-2.4617477606723006
0	-1.0625000000000062	0	-1.0371547747250658	0	-2.3828837865661296
0	-1.0625000000000062	0	-0.8684440630539841	0	-2.319733371546251
0	-0.9999999999999974	0	-0.7492669321210962	0	-2.2998573548061354
0	-0.8750000000000306	0	-0.6326704329005339	0	-2.272455263305426
0	-0.8125000000000219	0	-0.4832360836499497	0	-2.1992316069617135
0	-0.8125000000000219	0	-0.3436255250192425	0	-2.0907538063202455
0	-0.8125000000000219	0	-0.1798001412034574	0	-1.9623688317831474
0	-0.8750000000000306	0	0.2001286120892099	0	-1.69556893356565
0	-1.0625000000000062	0	0.9365618348370324	0	-1.2964217740028827
0	-1.249999999999982	0	1.4359791038024925	0	-1.0749218131305682
0	-1.3124999999999907	0	1.8879506163001742	0	-0.8973326727250914
0	-1.4375000000000084	0	2.5318538202213956	0	-0.6517481026805962
0	-1.5000000000000173	0	3.130438185605627	0	-0.4518419682337438
0	-1.5000000000000173	0	3.750443825473219	0	-0.2618396968943421
0	-1.5000000000000173	0	4.389727354610813	0	-0.10917039385092503
0	-1.4375000000000084	0	5.065328294129371	0	0.050509225704823774
0	-1.4375000000000084	0	5.754407314095198	0	0.21367015130274766
0	-1.3749999999999996	0	6.513810422879422	0	0.34629271898662584
0	-1.3124999999999907	0	7.360116371991698	0	0.49984426025091816
0	-1.249999999999982	0	8.226365532963056	0	0.6483564261348606
0	-1.249999999999982	0	8.996557637542276	0	0.7585946168600219
0	-1.1874999999999731	0	9.821692084414329	0	0.8886476654835573
0	-1.1874999999999731	0	10.840091310576671	0	1.077431170382027
0	-1.125000000000015	0	11.756542317874672	0	1.180812416618238
0	-1.0625000000000062	0	12.537143721196623	0	1.3098037625383487
0	-0.9999999999999974	0	13.220886174952772	0	1.3897852676212825
0	-0.9374999999999887	0	14.568087710189	0	1.5112028773964286
0	-0.8125000000000219	0	16.389352141445947	0	1.6305360437815317
0	-0.750000000000013	0	17.379532193733134	0	1.6708244898173372
0	-0.750000000000013	0	18.210952603101703	0	1.7593510722510122
0	-0.750000000000013	0	19.284901041902685	0	1.8115659649358193
0	-0.750000000000013	0	20.128940740679425	0	1.8796770705312247
0	-0.750000000000013	0	20.95469472216857	0	1.9572322225923424
0	-0.8125000000000219	0	21.881105788898296	0	2.0730974955080073
0	-0.8750000000000306	0	22.759619409007723	0	2.1757986821995843
0	-0.9374999999999887	0	23.674898529847322	0	2.2658955811338006
0	-0.9999999999999974	0	24.530157431858946	0	2.3965465400784436
0	-1.0625000000000062	0	25.35212887205564	0	2.5084735788752885
0	-1.1874999999999731	0	26.137965185816643	0	2.6084496912428694
0	-1.1874999999999731	0	26.871505229151037	0	2.6447971473989775
0	-1.3124999999999907	0	27.619901488312415	0	2.7973173873284116
0	-1.4375000000000084	0	28.433836755709876	0	2.98523628058077
0	-1.562500000000026	0	29.14094873046744	0	3.152206673391566
0	-1.6250000000000349	0	29.788010466752905	0	3.286832044992477
0	-1.7500000000000018	0	30.45993563938584	0	3.423113268063273
0	-1.9374999999999774	0	31.475257857758702	0	3.621241174098378
0	-2.125000000000004	0	32.949011332565924	0	3.9114212947061096
0	-2.31250000000003	0	33.674290266125915	0	4.039132195491273
0	-2.437499999999997	0	34.33564342367077	0	4.138380034547903
0	-2.5000000000000058	0	35.0460682048285	0	4.232790486580985
0	-2.5625000000000147	0	35.84251750340866	0	4.353905042967746
0	-2.5625000000000147	0	36.375834625315214	0	4.412954895458423
0	-2.5625000000000147	0	36.91892252554251	0	4.484465803821899
0	-2.5625000000000147	0	37.449796268635446	0	4.571264299264764
0	-2.5625000000000147	0	37.97548240128762	0	4.665665438457587
0	-2.5625000000000147	0	38.559849894873096	0	4.753755118601419
0	-2.5000000000000058	0	39.05426173525482	0	4.785465409042021
0	-2.5000000000000058	0	39.461095440421225	0	4.819293523405227
0	-2.5000000000000058	0	39.77117573915865	0	4.831550553953865
0	-2.5000000000000058	0	40.03112060331053	0	4.834941361091551
0	-2.5625000000000147	0	40.29783637340071	0	4.847095274940556
0	-2.6250000000000235	0	40.41537788588373	0	4.860269910412137
0	-2.6250000000000235	0	40.42873976098077	0	4.830173940282662
0	-2.6250000000000235	0	40.33118077455512	0	4.792264382368992
0	-2.6250000000000235	0	40.15846616830417	0	4.722788982096629
0	-2.5625000000000147	0	39.890782380416326	0	4.692252239870904
0	-2.5625000000000147	0	39.76417102321028	0	4.662908822470492
0	-2.5000000000000058	0	39.61470843771019	0	4.597439493041064
0	-2.5000000000000058	0	39.42167565922109	0	4.522953607976502
0	-2.437499999999997	0	39.22899742083339	0	4.437054655462983
0	-2.437499999999997	0	39.03338552267131	0	4.386423272100653
0	-2.5000000000000058	0	38.87451857914667	0	4.354802985006744
0	-2.5625000000000147	0	38.663579010532665	0	4.312786621885191
0	-2.6250000000000235	0	38.44188183663237	0	4.278862315815661
0	-2.812499999999999	0	38.24160878267032	0	4.272524029170436
0	-2.9375000000000164	0	38.00049544194598	0	4.240933235172303
0	-3.0624999999999836	0	37.68250452265697	0	4.184483692779627
0	-3.124999999999992	0	37.39590694574097	0	4.115465601045188
0	-3.2500000000000098	0	37.102788056223986	0	4.045728179468791
0	-3.2500000000000098	0	36.754652043275726	0	3.9216848762512035
0	-3.187500000000052	0	36.37087418715436	0	3.7733073549090848
0	-3.124999999999992	0	35.98736277287577	0	3.6263491015986395
0	-3.0624999999999836	0	35.521495716005425	0	3.4538928594072726
0	-2.9375000000000164	0	34.791172537675806	0	3.183284331432426
0	-2.7499999999999902	0	33.65132065302198	0	2.782439453274771
0	-2.5625000000000147	0	33.034434198007894	0	2.522195586940719
0	-2.375000000000039	0	32.42411237393069	0	2.3020709119011444
0	-2.1875000000000124	0	31.73582994381035	0	2.0921660968726012
0	-1.9999999999999862	0	31.129936862698276	0	1.9397802515433813
0	-1.8125000000000104	0	30.589713548670236	0	1.8036084799847225
0	-1.5000000000000173	0	29.982700413930502	0	1.5978659085044553
0	-1.1874999999999731	0	29.158721879647622	0	1.363879535206715
0	-0.9374999999999887	0	28.455471569143842	0	1.216520018105645
0	-0.750000000000013	0	27.77303552095009	0	1.1017045268975028
0	-0.3750000000000109	0	27.040605519666343	0	0.9179330840996774
0	-0.18749999999998437	0	26.309285469312307	0	0.7616130026419294
0	0.18749999999996686	0	25.54920649111988	0	0.5668821576100213
0	0.4374999999999669	0	24.787120161314736	0	0.4114158814813252
0	0.9374999999999667	0	23.78404347202986	0	0.1564549560221965
0	1.187499999999967	0	23.075742717921393	0	-0.020789746954272714
0	1.3749999999999667	0	22.4015852932317	0	-0.15338050614751714
0	1.5624999999999667	0	21.647978426054998	0	-0.2535274012853316
0	1.937499999999967	0	20.554042443532403	0	-0.49209456063931045
0	2.249999999999967	0	19.414399711868846	0	-0.7199201736993154
0	2.562499999999967	0	18.379964591730488	0	-0.9235109340549313
0	2.749999999999967	0	17.64804956040034	0	-1.0641198660109696
0	3.0624999999999662	0	16.75669225646872	0	-1.2194030694592828
0	3.249999999999967	0	15.718000104981673	0	-1.3248865659194715
0	3.4374999999999667	0	14.8754134401975	0	-1.4404506046642904
0	3.687499999999966	0	13.975983705643188	0	-1.5413876890612608
0	3.9374999999999667	0	12.967549747215282	0	-1.6353314264817382
0	4.124999999999966	0	11.922523170066311	0	-1.7461731629183825
0	4.312499999999967	0	11.005282781606578	0	-1.8083684182249704
0	4.437499999999966	0	10.20693473001795	0	-1.7432028290440675
0	4.562499999999966	0	9.358342172374407	0	-1.872131733066384
0	4.749999999999967	0	8.378389436878965	0	-1.935499175453223
0	4.874999999999967	0	7.3724496963164485	0	-1.9642994738108333
0	4.937499999999966	0	6.377039042634624	0	-1.956200383011766
0	4.999999999999966	0	5.68510501080776	0	-1.998395600907107
0	5.124999999999967	0	4.841048110275656	0	-1.913581835138955
0	5.249999999999966	0	3.830389347368686	0	-1.829264832459084
0	5.437499999999967	0	2.4790533743466003	0	-1.6661558364182727
0	5.749999999999965	0	0.855663160267816	0	-1.6656599879002272
0	5.874999999999966	0	-0.3951354655743089	0	-1.5855359111653813
0	5.937499999999967	0	-1.3261480856889365	0	-1.5548013236725724
0	6.124999999999965	0	-2.557582125692508	0	-1.4596479312095425
0	6.374999999999966	0	-3.7452945710250636	0	-1.4428703436251804
0	6.437499999999965	0	-4.868354780212785	0	-1.3437240579479302
0	6.499999999999966	0	-6.028510138812257	0	-1.2463117481205415
0	6.562499999999967	0	-7.047191935246829	0	-1.10793687574927
0	6.562499999999967	0	-8.048825671381117	0	-0.9859920973054369
0	6.499999999999966	0	-9.121950275769686	0	-0.9450859615307192
0	6.562499999999967	0	-10.196679373294709	0	-0.9502743933803806
0	6.562499999999967	0	-11.227394885383353	0	-0.9298798404740912
0	6.562499999999967	0	-12.21873650805122	0	-0.9457198750716055
0	6.499999999999966	0	-13.198077817614418	0	-0.9145079831355553
0	6.499999999999966	0	-14.099702468549566	0	-0.8875470965815301
0	6.499999999999966	0	-14.99940519006129	0	-0.8937155868741837
0	6.499999999999966	0	-15.817638951585687	0	-0.883191116531945
0	6.437499999999965	0	-16.62992421687823	0	-0.8209510791247402
0	6.374999999999966	0	-17.779512953622188	0	-0.7399515019216283
0	6.249999999999966	0	-19.524637272489578	0	-0.643775680590146
0	6.124999999999965	0	-20.721201258003347	0	-0.6275017323881288
0	5.937499999999967	0	-21.8540720746618	0	-0.5746494673622642
0	5.874999999999966	0	-22.9122492480501	0	-0.6241819922707021
0	5.874999999999966	0	-23.80359303195097	0	-0.6659369476344976
0	5.874999999999966	0	-24.664455482987275	0	-0.7341633497433626
0	5.812499999999967	0	-25.64489168853956	0	-0.7653709138964832
0	5.812499999999967	0	-26.58069255232843	0	-0.8606323703862504
0	5.874999999999966	0	-27.315281733272514	0	-0.9419093942572845
0	5.937499999999967	0	-28.028996155372965	0	-0.9737077172046233
0	5.999999999999966	0	-28.686382243909044	0	-1.0318334115833045
0	6.062499999999966	0	-29.337144274037502	0	-1.0825749193193226
0	6.187499999999968	0	-30.07253937624442	0	-1.1644279137125222
0	6.312499999999967	0	-31.12497549221629	0	-1.258900864792754
0	6.374999999999966	0	-31.94821576746286	0	-1.3250843887174482
0	6.312499999999967	0	-32.642922164421165	0	-1.333272869330084
0	6.312499999999967	0	-33.40827673892999	0	-1.345709593495232
0	6.187499999999968	0	-34.384219410900016	0	-1.316078338707741
0	5.874999999999966	0	-35.42324317059282	0	-1.18175725256306
0	5.437499999999967	0	-36.80574831662713	0	-0.931527089318427
0	4.999999999999966	0	-37.756809666128966	0	-0.7089233289518273
0	4.374999999999966	0	-38.637384965506044	0	-0.35225701429195666
0	4.062499999999967	0	-39.287070624997085	0	-0.12276593560146692
0	3.7499999999999662	0	-39.96700199817069	0	0.11188935028221583
0	3.1249999999999667	0	-40.46396257748619	0	0.42709241427799294
0	2.6874999999999667	0	-41.04291879528579	0	0.703056117384832
0	2.1874999999999667	0	-41.49404537187368	0	1.0202884291356575
0	1.6874999999999665	0	-41.97337969347817	0	1.3736756553259086
0	1.1874999999999667	0	-42.41401230810343	0	1.7154022614794169
0	0.3749999999999666	0	-42.77132800441219	0	2.1546137067242292
0	-0.12500000000005326	0	-43.13939379977726	0	2.4933190470665902
0	-0.8125000000000487	0	-43.33007326122856	0	2.850885761497882
0	-1.1875	0	-43.62633307709093	0	3.1303152533380714
0	-1.5625000000000528	0	-43.80545833895346	0	3.3643413872065393
0	-1.9375000000000044	0	-43.910298368597516	0	3.5565570612421276
0	-2.18750000000004	0	-43.9913464838739	0	3.6854580468696967
0	-2.375000000000066	0	-44.02092213871874	0	3.764471553796559
0	-2.4375000000000244	0	-44.01744927786621	0	3.7828845936527107
0	-2.375000000000066	0	-43.91807578445085	0	3.7159865001403407
0	-2.062500000000022	0	-43.673253401350145	0	3.4909898512575634
0	-1.625000000000062	0	-43.32138556359942	0	3.1265227527319888
0	-1.312500000000018	0	-43.05972574812982	0	2.8804962758505956
0	-0.8750000000000576	0	-42.75535482432933	0	2.6190252016827715
0	-0.5000000000000555	0	-42.512247969509986	0	2.444901448516873
0	-0.18750000000001138	0	-42.13192911913271	0	2.31596838858661
0	-0.06250000000004462	0	-41.740249045578786	0	2.2287526821392225
0	0.18749999999993985	0	-41.4113111066623	0	2.102274282293407
0	0.43749999999993994	0	-41.02109261417506	0	1.9666515272766503
0	0.6874999999999398	0	-40.589815990468225	0	1.8405816941866304
0	0.7499999999999398	0	-40.12041916985636	0	1.7619072770013706
0	0.8749999999999399	0	-39.54810712782161	0	1.6175745078815604
0	0.9374999999999397	0	-39.16112261686621	0	1.5280377321236462
0	0.9374999999999397	0	-38.721931854147655	0	1.4652657267966396
0	0.8124999999999397	0	-38.139388176848364	0	1.4204125574505446
0	0.7499999999999398	0	-37.5537065384815	0	1.3416921920461797
0	0.6874999999999397	0	-37.07886301874024	0	1.2830948639379887
0	0.43749999999993977	0	-36.043226721324025	0	1.2123956535760583
0	0.24999999999993977	0	-35.08937504991806	0	1.0917953568865846
0	0.12499999999993977	0	-34.14974742069823	0	0.9560607301253183
0	0.06249999999993977	0	-33.47103438028711	0	0.828083288906033
0	0.06249999999993977	0	-32.839467545822274	0	0.6631021980655301
0	0.12499999999993977	0	-32.135337951428355	0	0.46201655512689366
0	0.18749999999993974	0	-31.464115201290838	0	0.2542275839894329
0	0.31249999999993977	0	-30.755099116119162	0	0.020360498550990508
0	0.43749999999993977	0	-30.05101233485068	0	-0.23777210474363755
0	0.6249999999999398	0	-29.28294504668471	0	-0.5335422967690253
0	0.7499999999999398	0	-28.526180528856866	0	-0.7577049116118966
0	0.9374999999999397	0	-27.886324494865093	0	-0.9519926840718338
0	0.9999999999999398	0	-27.219093515562726	0	-1.0619919940573679
0	1.2499999999999398	0	-26.44309222281333	0	-1.2683836546914096
0	1.4374999999999396	0	-25.724891198671518	0	-1.4220125133469195
0	1.5624999999999398	0	-24.946105247539688	0	-1.496797055271947
0	1.7499999999999398	0	-24.17653104678413	0	-1.6044470289473602
0	1.8749999999999398	0	-23.441242785810527	0	-1.6856285292180597
0	1.93749999999994	0	-22.577081019255967	0	-1.7265209053472734
0	2.0624999999999396	0	-21.7492607010059	0	-1.8111825847225245
0	2.18749999999994	0	-20.455659150249318	0	-1.828358629649172
0	2.37499999999994	0	-18.89356455022443	0	-1.962950215884533
0	2.49999999999994	0	-17.512073638511307	0	-2.0982123721604604
0	2.62499999999994	0	-16.80460511015564	0	-2.230049748295318
0	2.68749999999994	0	-16.09103486488938	0	-2.3017307211570044
0	2.81249999999994	0	-15.218436985413478	0	-2.447119666143732
0	2.9374999999999405	0	-14.39283810935919	0	-2.524834722262763
0	2.99999999999994	0	-13.721175676398886	0	-2.5579729798102853
0	2.99999999999994	0	-13.056706668523711	0	-2.5747621222985764
0	2.9374999999999405	0	-12.31031029872596	0	-2.554756939862795
0	2.87499999999994	0	-11.609950390269606	0	-2.536035910754085
0	2.81249999999994	0	-10.948039673734218	0	-2.486794871687266
0	2.62499999999994	0	-9.958899981652696	0	-2.3875988654941174
0	2.56249999999994	0	-9.259743053138733	0	-2.345116681732676
0	2.37499999999994	0	-8.503316226693363	0	-2.2691185457051835
0	2.24999999999994	0	-7.742624770378033	0	-2.222378364391872
0	2.12499999999994	0	-7.145931043869991	0	-2.174176628607219
0	1.99999999999994	0	-6.4797325449748335	0	-2.1119600826789764
0	1.81249999999994	0	-5.839912241838804	0	-2.0102709431606236
0	1.6249999999999398	0	-5.213711975300602	0	-1.933169621631857
0	1.4374999999999396	0	-4.231988163950637	0	-1.8528851857475364
0	1.0624999999999398	0	-2.9120132189206136	0	-1.7300168120453274
0	0.8124999999999398	0	-1.9714234068521082	0	-1.6443373662610479
0	0.68749999999994	0	-1.4475147442157108	0	-1.6009600482199713
0	0.49999999999994	0	-0.7167855951150921	0	-1.5389497748449137
0	0.43749999999994	0	-0.15626656740403821	0	-1.5400557929834726
0	0.31249999999993994	0	0.38094459475926445	0	-1.5147635807849131
0	0.24999999999993996	0	0.8806276063446431	0	-1.5050837733339681
0	0.18749999999993996	0	1.477921694703153	0	-1.5029927717695997
0	0.12499999999993998	0	2.0366016441626233	0	-1.5108414501424645
0	0.062499999999939965	0	2.5842159967167992	0	-1.5156300626881478
0	0.12499999999993998	0	3.0232743417881425	0	-1.5571464080456512
0	0.12499999999993998	0	3.4540472495303347	0	-1.5709328564681142
0	0.12499999999993998	0	3.871942781217597	0	-1.5884289616639389
0	0.12499999999993998	0	4.205150727079437	0	-1.600587482825334
0	0.062499999999939965	0	4.524478754610096	0	-1.5964212489207512
0	0.062499999999939965	0	4.76931198257636	0	-1.6053580673963994
0	-6.003296961262388E-14	0	4.974536273903171	0	-1.6107440315673058
0	-0.06250000000006886	0	5.122696540524785	0	-1.6218139377660574
0	-6.003296961262388E-14	0	5.128988317158352	0	-1.706625829267419
0	0.062499999999939965	0	5.093074920410886	0	-1.7546614734839694
0	0.062499999999939965	0	5.093099016119977	0	-1.7767507836873508
0	0.12499999999993998	0	5.075645765135774	0	-1.8155815305371488
0	0.12499999999993998	0	5.075685924627033	0	-1.8339892561845499
0	0.12499999999993998	0	5.07571805222004	0	-1.8487154367024705
0	0.12499999999993998	0	5.072068634683566	0	-1.8634496491186434
0	0.12499999999993998	0	5.072128873920454	0	-1.8910612375897449
0	0.12499999999993998	0	5.072197145055594	0	-1.9223543711903268
0	0.18749999999993996	0	5.062203545921697	0	-2.010880985763943
0	0.18749999999993996	0	5.086338331278968	0	-2.0733887558542574
0	0.24999999999993996	0	5.104060728865065	0	-2.1654872860242698
0	0.31249999999993994	0	5.105268642363173	0	-2.242930651035014
0	0.37499999999993994	0	5.093635710703051	0	-2.3112531896248854
0	0.43749999999994	0	5.076585263924919	0	-2.3851527929108074
0	0.43749999999994	0	5.0770209905164805	0	-2.442215214648144
0	0.43749999999994	0	5.0775551069835565	0	-2.512162699358428
0	0.43749999999994	0	5.078187613326146	0	-2.594995247041659
0	0.37499999999993994	0	5.096731667293338	0	-2.7199127337624804
0	0.37499999999993994	0	5.093929679532316	0	-2.854310668197444
0	0.37499999999993994	0	5.11318039868754	0	-2.9830418168241186
0	0.43749999999994	0	5.137097736167182	0	-3.1431474243891433
0	0.49999999999994	0	5.174134894342432	0	-3.3123180892935236
0	0.68749999999994	0	5.172552678711865	0	-3.509719252059408
0	0.7499999999999399	0	5.195462118776468	0	-3.6660347902117936
0	0.8124999999999398	0	5.21341785312746	0	-3.8555351532338142
0	0.8124999999999398	0	5.226393012626098	0	-3.991582334201852
0	0.87499999999994	0	5.235039402277018	0	-4.157275500541792
0	0.87499999999994	0	5.2383698249656545	0	-4.254797191557673
0	0.87499999999994	0	5.238932036435275	0	-4.29160843744045
0	0.8124999999999398	0	5.258041225186579	0	-4.280155322460393
0	0.8124999999999398	0	5.263563000775455	0	-4.280077014014952
0	0.8124999999999398	0	5.2650642560415	0	-4.256123216981345
0	0.8124999999999398	0	5.2645683025537044	0	-4.221151971585136
0	0.8124999999999398	0	5.262049037496921	0	-4.173322685963365
0	0.7499999999999399	0	5.263199606438221	0	-4.070079163209424
0	0.68749999999994	0	5.260859815470527	0	-3.9724029069608418
0	0.68749999999994	0	5.260859815470527	0	-3.9724029069608418
0	0.68749999999994	0	5.261014425924344	0	-3.9852874179718185
0	0.68749999999994	0	5.263098029639054	0	-4.005512419495665
0	0.7499999999999399	0	5.247849767527052	0	-4.038985140457723
0	0.7499999999999399	0	5.247922052604312	0	-4.044506998182632
0	0.68749999999994	0	5.265111126989338	0	-4.025755319964377
0	0.68749999999994	0	5.263182133728447	0	-4.018414829451507
0	0.68749999999994	0	5.263071697690005	0	-4.009211607300809
0	0.68749999999994	0	5.262939174443876	0	-3.998167740719972
0	0.68749999999994	0	5.262872912820811	0	-3.9926458074295534
0	0.68749999999994	0	5.262850825613122	0	-3.990805162999414
0	0.68749999999994	0	5.262850825613122	0	-3.990805162999414
0	0.68749999999994	0	5.262850825613122	0	-3.990805162999414
0	0.68749999999994	0	5.262850825613122	0	-3.990805162999414
0	0.68749999999994	0	5.261010181182983	0	-3.990827250207102
0	0.68749999999994	0	5.261010181182983	0	-3.990827250207102
0	0.68749999999994	0	5.261010181182983	0	-3.990827250207102
0	0.68749999999994	0	5.261010181182983	0	-3.990827250207102
0	0.68749999999994	0	5.261010181182983	0	-3.990827250207102
0	0.68749999999994	0	5.261010181182983	0	-3.990827250207102
0	0.68749999999994	0	5.261010181182983	0	-3.990827250207102
0	0.68749999999994	0	5.261010181182983	0	-3.990827250207102
0	0.68749999999994	0	5.261010181182983	0	-3.990827250207102
0	0.68749999999994	0	5.261010181182983	0	-3.990827250207102
0	0.68749999999994	0	5.261010181182983	0	-3.990827250207102
0	0.68749999999994	0	5.261010181182983	0	-3.990827250207102
0	0.68749999999994	0	5.261010181182983	0	-3.990827250207102
0	0.68749999999994	0	5.261010181182983	0	-3.990827250207102
0	0.68749999999994	0	5.261010181182983	0	-3.990827250207102
0	0.68749999999994	0	5.261010181182983	0	-3.990827250207102
0	0.68749999999994	0	5.261010181182983	0	-3.990827250207102
0	0.68749999999994	0	5.261010181182983	0	-3.990827250207102
0	0.68749999999994	0	5.261010181182983	0	-3.990827250207102
0	0.68749999999994	0	5.261010181182983	0	-3.990827250207102
0	0.68749999999994	0	5.259147449545154	0	-3.9890086929846507
0	0.68749999999994	0	5.259147449545154	0	-3.9890086929846507