0	0.0	0	0.0	0	0.0
0	0.0	0	0.0	0	0.0
0	0.0	0	0.0	0	0.0
0	0.0	0	0.0	0	0.0
0	0.0	0	0.0	0	0.0
0	0.0	0	0.0	0	0.0
0	0.0	0	0.0	0	0.0
0	0.0	0	0.0	0	0.0
0	0.0	0	0.0	0	0.0
0	0.0	0	0.0	0	0.0
0	0.0	0	0.0	0	0.0
0	0.0	0	0.0	0	0.0
0	0.0	0	0.0	0	0.0
0	0.0	0	0.0	0	0.0
0	0.0	0	0.0	0	0.0
0	0.0	0	0.0	0	0.0
0	0.0	0	0.0	0	0.0
0	0.0	0	0.0	0	0.0
0	0.0	0	0.0	0	0.0
0	0.0	0	0.0	0	0.0
0	0.0	0	0.0	0	0.0
0	0.0	0	0.0	0	0.0
0	0.0	0	0.0	0	0.0
0	0.0	0	0.0	0	0.0
0	0.0	0	0.0	0	0.0
0	0.0	0	0.0	0	0.0
0	0.0	0	0.0	0	0.0
0	0.0	0	0.0	0	0.0
0	0.0	0	0.0	0	0.0
0	0.0625	0	0.05063921177941494	0	-0.014807304050871467
0	0.3125	0	0.15754327748050745	0	-0.012928895543508491
0	1.0625	0	0.25610262908595827	0	0.06824339846436617
0	1.8125	0	0.5541579722071464	0	0.49027888739608544
0	2.375	0	0.6035915469908004	0	0.8963421234394966
0	2.7499999999999996	0	0.869667660465863	0	2.30141615333137
0	2.7499999999999996	0	1.1165730618815943	0	4.642700526204423
0	2.625	0	1.2891803931390498	0	5.8652217252727255
0	2.375	0	1.5008135343202613	0	8.107399857263498
0	2.3125	0	1.6479619710941704	0	9.259372301397242
0	2.3125	0	1.7890897895470828	0	10.37228005666578
0	2.7499999999999996	0	2.0454208026995646	0	12.084434711255092
0	3.0	0	2.3519799288334493	0	13.84365301336899
0	2.9375	0	2.634440444996028	0	15.402880692226484
0	2.4375	0	3.071043509109563	0	17.706840266871385
0	1.5	0	3.4050220024875535	0	19.70712693698389
0	0.875	0	3.6309613288217863	0	20.954314663311244
0	-0.4375000000000328	0	4.152776204306192	0	22.955751616433485
0	-1.5000000000000302	0	4.543793738598481	0	24.580035304747614
0	-2.2500000000000346	0	4.790875446435165	0	25.772665376937493
0	-3.43750000000005	0	5.060245668116236	0	26.892222197838073
0	-5.250000000000002	0	5.446373300921837	0	28.65019322571901
0	-6.937500000000036	0	5.944654420643676	0	29.792802983633113
0	-8.562500000000062	0	6.302103970904114	0	29.95443508280507
0	-8.875000000000005	0	6.268958246941014	0	29.310123412565698
0	-9.000000000000023	0	6.206035981969478	0	28.720252504740373
0	-8.500000000000053	0	6.212996509065312	0	26.752959599561716
0	-6.250000000000041	0	5.741454534635693	0	24.47916284258971
0	-4.37500000000003	0	5.534514447609861	0	22.81449609147266
0	-2.562500000000028	0	5.415928663882616	0	21.396196820765653
0	-1.0625000000000198	0	5.306342011278334	0	20.4903840636378
0	-2.2263882770244617E-14	0	5.136002793737311	0	20.12568396323984
0	0.43749999999997774	0	4.887125338508087	0	20.163322701490138
0	-0.3125000000000265	0	4.528385568025447	0	21.20109257516352
0	-1.812500000000035	0	4.266133572346572	0	22.459621329617192
0	-3.187500000000077	0	4.120969712408092	0	23.53325543954993
0	-7.437500000000017	0	4.288286087383369	0	25.38420610500098
0	-8.875000000000016	0	4.336915757169233	0	25.59934988537316
0	-9.437500000000044	0	4.401377885141447	0	25.33614702818439
0	-8.500000000000066	0	4.111934195831802	0	23.399919300124946
0	-6.625000000000054	0	3.597688410800112	0	21.615599999361855
0	-4.562500000000017	0	3.2651290081583317	0	20.21573147229596
0	-2.9999999999999996	0	2.874033105558482	0	19.68985367286813
0	-3.562500000000028	0	2.7872563018673713	0	20.406419897376445
0	-4.749999999999992	0	2.9502138556310347	0	21.31086155703321
0	-6.0000000000000675	0	3.195898570072586	0	22.14578636747253
0	-6.937500000000048	0	3.359808597240463	0	22.94894031875281
0	-8.437500000000057	0	3.7152587273002826	0	23.8788781088209
0	-10.000000000000023	0	4.123630409134759	0	25.02348380648683
0	-11.625000000000048	0	4.609365554151869	0	25.94412631358253
0	-13.125000000000057	0	5.134855445037707	0	26.90464100200939
0	-15.812500000000028	0	6.152281155592645	0	28.647327644300724
0	-17.312500000000036	0	6.8823444819838375	0	29.749846901431134
0	-18.812499999999996	0	7.815077178712128	0	30.806594606377335
0	-21.125000000000014	0	9.361436681112647	0	32.468668027096065
0	-21.750000000000053	0	10.069118419765895	0	33.10122257932024
0	-22.812500000000053	0	11.325867041028344	0	34.267402172469204
0	-23.437500000000036	0	12.51354881119316	0	35.294487210211166
0	-24.000000000000014	0	13.435595270074522	0	36.21896918514435
0	-24.375000000000068	0	14.200411380046356	0	37.04940447727045
0	-24.87500000000004	0	15.027052905125425	0	37.99004595472474
0	-25.437500000000064	0	15.98961046767365	0	39.225113953556
0	-26.000000000000043	0	16.6233887229334	0	40.074291078647576
0	-26.437500000000053	0	17.58468721140908	0	41.28907952590584
0	-26.749999999999996	0	18.212881952859266	0	42.1460672827961
0	-27.250000000000018	0	19.231382519632497	0	43.5087386600953
0	-27.750000000000036	0	20.028409349205567	0	44.567212175732024
0	-28.437500000000032	0	21.336108885702547	0	46.22765891617551
0	-29.00000000000006	0	22.418876277184783	0	47.74996213489157
0	-29.687500000000057	0	23.514463993102197	0	49.10346212786425
0	-30.062500000000007	0	24.561694089276557	0	50.43143920642369
0	-30.500000000000068	0	25.951472204643792	0	52.29689939662513
0	-31.062500000000046	0	26.8583049639401	0	53.556850636613426
0	-32.875	0	28.329081940147386	0	56.198290152299215
0	-35.75000000000004	0	29.70979393218945	0	58.57455868111316
0	-37.25000000000001	0	30.440268268877844	0	60.39029137869612
0	-40.37500000000004	0	31.70164091311513	0	63.047203612952856
0	-43.25000000000004	0	32.75581899301625	0	65.22990091704267
0	-44.25000000000003	0	33.09002255340778	0	66.47145350713153
0	-45.50000000000006	0	33.41148810018218	0	67.89039835832386
0	-45.81250000000004	0	33.34656017921081	0	68.64214219849008
0	-45.625000000000064	0	33.14045449819226	0	69.08909497894672
0	-43.937500000000036	0	32.19638122245741	0	69.48076103635341
0	-42.000000000000064	0	31.32393011468111	0	69.58102419514661
0	-40.000000000000036	0	30.614673583981546	0	69.17807544999876
0	-36.750000000000036	0	29.6442416780088	0	68.48557317315525
0	-35.00000000000004	0	29.314010551664946	0	68.10430318608596
0	-33.43750000000002	0	29.608164511040485	0	67.9302177250251
0	-33.500000000000036	0	30.38195365135008	0	68.40054266530377
0	-34.12500000000007	0	30.962945053233618	0	69.02887393036158
0	-36.43749999999999	0	32.245038480767036	0	70.38974885736255
0	-39.50000000000007	0	33.60778180162846	0	71.86756037010619
0	-41.81249999999999	0	34.58456234038847	0	72.73362051363858
0	-44.375	0	35.40552657886866	0	73.80293218241485
0	-46.06250000000003	0	35.72185356136668	0	74.67168153425392
0	-47.187500000000036	0	35.797268898988335	0	74.95385247449622
0	-47.62500000000005	0	35.228618472885046	0	75.2645143332832
0	-47.25000000000005	0	34.35562634552328	0	75.05528730761421
0	-45.06250000000004	0	32.738231640875874	0	74.35421210153376
0	-42.75000000000002	0	31.31830980445715	0	73.31373481714544
0	-40.12500000000001	0	29.949683468277676	0	72.42449961564031
0	-38.37500000000001	0	29.177295300970734	0	71.61102144756858
0	-35.500000000000014	0	28.319438848267847	0	70.73045733002765
0	-33.37500000000002	0	28.08868326389229	0	70.14052496781463
0	-32.625000000000014	0	28.168687632283874	0	70.18568845898653
0	-32.50000000000005	0	28.62778773585812	0	70.34467772808618
0	-32.75000000000003	0	29.15648111372491	0	70.6136929295558
0	-33.18750000000004	0	29.799259337843704	0	71.04334285793547
0	-34.437500000000014	0	30.732653875884875	0	71.7980440865206
0	-36.81250000000004	0	32.22139268674861	0	72.79143443481635
0	-39.31250000000004	0	33.886930917739875	0	73.94932792566578
0	-42.312500000000064	0	35.62435792524644	0	75.45371433741691
0	-44.81250000000006	0	36.814947780909755	0	76.1939616095511
0	-47.375000000000064	0	38.19786731809384	0	77.49899928039319
0	-51.75000000000007	0	40.40101886392225	0	79.34218297176633
0	-55.125000000000036	0	41.96984949028847	0	80.46727765060736
0	-57.25000000000003	0	43.29327460161821	0	81.50966997105095
0	-59.87500000000004	0	44.86652791238152	0	82.4328541147083
0	-60.68750000000006	0	45.59816040637533	0	82.83220719984733
0	-60.875000000000036	0	45.909643795715226	0	82.97365724630164
0	-60.68750000000006	0	46.0216609652586	0	82.9124272505702
0	-60.24999999999999	0	46.094581632972556	0	82.81259279489409
0	-59.499999999999986	0	45.96307355814924	0	82.61930463689598
0	-58.25000000000002	0	45.87615001332688	0	82.34220479734225
0	-56.937500000000036	0	45.89964994268889	0	81.85931197551864
0	-55.874999999999986	0	45.89684012538337	0	81.54126758359781
0	-54.31250000000002	0	45.95340510268019	0	80.83597850362912
0	-53.37500000000004	0	46.08631478413853	0	80.35769537417583
0	-52.50000000000002	0	46.28938464444451	0	79.98413136646548
0	-51.375000000000014	0	46.4442126600628	0	79.37094899926838
0	-49.81249999999999	0	47.38307509086616	0	78.41939531732737
0	-49.06250000000004	0	48.12343760904291	0	77.79361730402974
0	-48.56250000000002	0	49.06626068585086	0	77.23288583316013
0	-48.43750000000006	0	50.58567614256147	0	76.8895018293777
0	-48.75	0	51.59780032399781	0	76.60184304110746
0	-49.187500000000064	0	52.66649736984669	0	76.53724901678396
0	-50.06250000000003	0	54.28928423059295	0	76.45062481440863
0	-51.62500000000005	0	56.10585928443038	0	76.44779013387019
0	-52.50000000000002	0	57.3046694537297	0	76.52976592084151
0	-53.43750000000005	0	58.52164704380373	0	76.6002096399732
0	-55.43750000000002	0	60.45839726162648	0	76.67080976557867
0	-57.125000000000064	0	61.997843999051696	0	76.72634674072339
0	-58.81250000000004	0	63.398266645834696	0	76.69810363594684
0	-60.43750000000002	0	65.16979352099706	0	76.59932383587461
0	-62.06249999999999	0	66.3756542070278	0	76.3571168373816
0	-63.50000000000005	0	67.5956790459567	0	76.02260850883097
0	-64.87500000000004	0	68.96978426730969	0	75.53759966347643
0	-67.06250000000004	0	70.77721086776525	0	74.6555339937713
0	-68.31250000000001	0	71.66508784184148	0	74.09747010988222
0	-70.68750000000004	0	73.36845458909642	0	73.01319346155033
0	-72.25000000000001	0	74.49928456993007	0	72.50013846898912
0	-73.43750000000003	0	75.31137415507037	0	72.1270966064934
0	-76.06250000000004	0	76.93109881158277	0	71.62865883387585
0	-78.31250000000004	0	78.12783305180656	0	71.16712870092097
0	-79.75	0	78.91574278742176	0	70.82590236655481
0	-81.62500000000001	0	79.79236252913552	0	70.37274560798551
0	-83.62500000000004	0	80.66570267478532	0	69.80568803397072
0	-84.18750000000003	0	80.67555289560961	0	69.4484473276625
0	-84.18750000000003	0	80.40298341342847	0	69.25417455297291
0	-83.81250000000001	0	79.88909276957493	0	69.20505278019998
0	-83.37500000000001	0	79.43554615084071	0	69.27291023685403
0	-82.87500000000003	0	78.8252961193683	0	69.4126178039226
0	-81.81250000000004	0	77.9321562274136	0	69.67512480485536
0	-80.56250000000001	0	76.8823619438607	0	70.0635746243986
0	-79.06250000000006	0	75.57005669802976	0	70.47185239914901
0	-77.37500000000003	0	74.27497341420802	0	70.95724580327114
0	-76.1875	0	73.18819725348816	0	71.27619476820811
0	-73.75000000000001	0	71.38700235744083	0	71.93116371167146
0	-72.5	0	70.25143711603802	0	72.2639908421408
0	-70.56250000000003	0	68.68753601634188	0	72.66524088098114
0	-69.25000000000004	0	67.52921853460224	0	72.93254064047211
0	-67.37499999999999	0	66.0600581640189	0	73.2813686046335
0	-66.125	0	64.93964826753094	0	73.49777278274098
0	-64.81250000000003	0	63.75775155063029	0	73.73572377807227
0	-61.68750000000005	0	61.166875092167224	0	74.19030172535507
0	-59.75000000000002	0	59.38120186006002	0	74.40758211212069
0	-57.875000000000064	0	57.8894794722732	0	74.62364288014939
0	-56.12500000000002	0	56.59770696260744	0	74.83016023823707
0	-55.06250000000002	0	55.68573844944917	0	74.94951874235497
0	-54.00000000000003	0	54.86080208744551	0	75.11397029418703
0	-52.0625	0	53.32345451250427	0	75.3735339604478
0	-51.062500000000014	0	52.446212218022524	0	75.53957879850624
0	-49.250000000000014	0	50.82040991176227	0	75.83870528171038
0	-47.75000000000001	0	49.643571358095556	0	76.04404304427172
0	-47.06250000000001	0	48.95453981995165	0	76.27988074629963
0	-45.625000000000064	0	47.79215337157986	0	76.49865644647113
0	-45.00000000000003	0	47.15061738120179	0	76.74006183175307
0	-43.93750000000003	0	46.32156688450644	0	76.94305250323092
0	-42.87500000000003	0	45.41789653517184	0	77.09865873282939
0	-41.87500000000004	0	44.464829182497475	0	77.36210313184712
0	-40.81249999999999	0	43.64322035513193	0	77.47065225089523
0	-39.12500000000001	0	42.12165280820574	0	77.78213006887391
0	-37.81250000000003	0	40.904019066381274	0	77.98092735955198
0	-37.187500000000036	0	40.282795627034574	0	78.1479186348812
0	-36.062500000000036	0	39.303616265716364	0	78.44153969282655
0	-35.62500000000002	0	38.84882814255204	0	78.66663113434409
0	-35.000000000000036	0	38.36700910653988	0	79.11691886496864
0	-34.875000000000014	0	38.08488557431115	0	79.9122915509964
0	-35.000000000000036	0	38.14894177675736	0	81.2093217659238
0	-35.43749999999999	0	38.48828576056335	0	81.92458009401176
0	-35.937500000000014	0	38.88567895519052	0	82.8699287345476
0	-36.56250000000001	0	39.58791055209928	0	84.19297012341832
0	-36.93750000000006	0	40.03262542754765	0	85.02255763967028
0	-37.31250000000001	0	40.52703736978342	0	85.83167121490396
0	-38.062500000000014	0	41.28685506181923	0	86.8537641792818
0	-38.37500000000001	0	41.81192052835014	0	87.6268806226096
0	-38.87500000000003	0	42.55388160666499	0	88.60225902532177
0	-39.62500000000003	0	43.76055164866392	0	90.04210357355568
0	-40.125	0	44.71420485366521	0	91.16537573658704
0	-40.68750000000003	0	45.55340410358719	0	92.0934960370155
0	-41.50000000000004	0	46.75485481091245	0	93.3128212252126
0	-42.06250000000002	0	47.93812352976481	0	94.59181866980622
0	-42.6875	0	48.97802051302027	0	95.5422847499117
0	-43.06250000000006	0	49.91474237141371	0	96.42393237366667
0	-43.68750000000004	0	51.14452220732478	0	97.55944757697064
0	-44.37499999999999	0	52.7045200565	0	98.8106037031899
0	-44.87500000000001	0	53.88453893670261	0	99.74618402204999
0	-45.312500000000014	0	55.64156643909541	0	101.28207850825328
0	-45.68750000000002	0	56.99384301897131	0	102.3327109433977
0	-46.12500000000003	0	58.14068780382525	0	103.29498963177123
0	-46.9375	0	60.146187269345944	0	104.9001933650617
0	-47.562500000000036	0	61.73082734277217	0	106.03002249667843
0	-48.0625	0	62.58394139819865	0	106.55268597598356
0	-48.25000000000003	0	63.7505310945531	0	107.21447220953483
0	-47.87500000000002	0	64.1854940589076	0	107.371671525656
0	-47.562500000000036	0	64.15824276392857	0	107.26680473009479
0	-47.06250000000001	0	63.9140261220806	0	107.10888152687077
0	-46.875000000000036	0	63.54046419925281	0	106.77470539455197
0	-46.75000000000002	0	63.25541449204525	0	106.52390054843565
0	-46.562500000000036	0	62.7322586592514	0	105.97815411731416
0	-46.06250000000002	0	61.94121434931041	0	105.31212469693011
0	-45.68750000000002	0	61.206848482216586	0	104.59819060457409
0	-45.12500000000004	0	60.06618349816934	0	103.63447953182256
0	-44.62500000000003	0	59.17642898782456	0	102.88971740311707
0	-44.187500000000014	0	58.41330558236477	0	102.2800266446765
0	-43.56250000000002	0	57.50687172620175	0	101.47160479095437
0	-43.125000000000014	0	56.69236861223639	0	100.68478491991702
0	-42.31250000000005	0	55.44468334511669	0	99.5762612357257
0	-41.812499999999986	0	54.55997740458679	0	98.72650232685447
0	-41.125000000000036	0	53.11597737581419	0	97.22228156360863
0	-40.68750000000003	0	52.24163893455062	0	96.29547879494729
0	-40.43750000000004	0	51.36528841855615	0	95.36077016972463
0	-39.8125	0	49.729647803803175	0	93.48560382864318
0	-39.43750000000006	0	48.79749920712048	0	92.53292620102177
0	-39.18750000000002	0	47.924707403532686	0	91.57896502474513
0	-38.812500000000014	0	46.46717012028767	0	90.04562446249383
0	-38.56250000000003	0	45.447331773987585	0	88.95823458917704
0	-38.31249999999999	0	44.262065189388565	0	87.6607089029967
0	-37.750000000000014	0	41.68063315011452	0	84.92587100392811
0	-37.56250000000004	0	40.50546938429667	0	83.56039360530175
0	-37.37500000000002	0	39.42694346322221	0	82.43338165045495
0	-37.06250000000002	0	37.71670879940728	0	80.455667782459
0	-36.81250000000004	0	36.55366590256416	0	79.13895102301852
0	-36.56250000000001	0	35.43705838127117	0	77.874086851592
0	-36.37500000000003	0	34.51784699458939	0	76.83829949070056
0	-36.00000000000003	0	32.63321057693952	0	74.61867602504526
0	-35.81250000000005	0	31.431326264286312	0	73.21096483050044
0	-35.562500000000014	0	30.387065518858886	0	72.00186086879538
0	-35.43749999999999	0	29.37245104582643	0	70.82576492210367
0	-35.187500000000014	0	28.24229707831765	0	69.40348713998539
0	-35.000000000000036	0	27.11873096355363	0	68.17853984082812
0	-34.875000000000014	0	26.106236952733944	0	66.8734942792885
0	-34.50000000000002	0	24.204957062340625	0	64.67721382999268
0	-34.31250000000004	0	23.024110959246173	0	63.18273841306142
0	-34.125000000000064	0	21.604588370850735	0	61.40475175341342
0	-33.750000000000014	0	19.515748510263236	0	58.75506723484482
0	-33.50000000000003	0	18.394487228868662	0	57.24061262377477
0	-33.37500000000001	0	17.33801315832664	0	55.79148639074652
0	-33.187500000000036	0	16.30048265994542	0	54.259103752502554
0	-33.062500000000014	0	15.233211827552957	0	52.90647327446802
0	-32.9375	0	14.36799127313554	0	51.64405465756384
0	-32.87499999999999	0	13.297723686193216	0	50.09562869376523
0	-32.75000000000002	0	12.490040599012747	0	48.892337973644004
0	-32.62500000000001	0	11.367662653261158	0	47.365872333556084
0	-32.500000000000036	0	10.505519857189604	0	46.035603231523
0	-32.37500000000002	0	9.546148195001795	0	44.61873252301581
0	-32.25000000000006	0	8.651172929354434	0	43.319980194528725
0	-32.124999999999986	0	7.663061882620167	0	41.799151295283394
0	-32.00000000000002	0	6.679464525914245	0	40.34705383356861
0	-31.875	0	5.67102993025466	0	38.83436298833523
0	-31.687500000000025	0	4.62503730270917	0	37.283919413125034
0	-31.50000000000005	0	3.4507296542326835	0	35.52251704887777
0	-31.31250000000002	0	2.218969385692078	0	33.679394162692816
0	-31.062500000000043	0	0.8939608680270541	0	31.67693312446069
0	-30.68750000000004	0	-1.456082902430348	0	28.068655090481762
0	-30.500000000000064	0	-2.52905506918463	0	26.343820245578055
0	-30.374999999999993	0	-3.568178450659315	0	24.72929827173703
0	-30.25000000000003	0	-4.433684462793688	0	23.29246785007198
0	-30.0625	0	-5.548514613070238	0	21.52755394965365
0	-29.937500000000032	0	-6.4375825767875625	0	20.006401378119936
0	-29.750000000000057	0	-7.479500867992852	0	18.43249173850388
0	-29.62500000000004	0	-8.452399459134773	0	16.753504686591015
0	-29.50000000000002	0	-9.3382073022261	0	15.374166117633015
0	-29.437500000000014	0	-10.127086133056105	0	13.973972958381108
0	-29.250000000000036	0	-11.14628453853005	0	12.324838840883865
0	-29.06250000000001	0	-12.077644473300566	0	10.769765933493893
0	-28.937500000000043	0	-12.944002146788776	0	9.347003781537405
0	-28.75000000000002	0	-13.961468197674266	0	7.586827625657893
0	-28.500000000000036	0	-14.992932190282186	0	5.915574194944405
0	-28.375000000000018	0	-15.857990381004083	0	4.3573450718964395
0	-28.125000000000032	0	-16.86624821898042	0	2.6749182012709762
0	-28.000000000000014	0	-17.79315470387753	0	1.0430542805194922
0	-27.68750000000002	0	-19.704200606343004	0	-2.3513499318702
0	-27.62500000000001	0	-20.582301133050258	0	-3.7140272056720374
0	-27.37500000000003	0	-21.742075643623032	0	-5.96218234386543
0	-27.18750000000005	0	-22.904765788629355	0	-8.03283866179306
0	-27.062500000000032	0	-23.656999681484034	0	-9.525739531396805
0	-26.812499999999996	0	-24.47686426153091	0	-10.933122238126929
0	-26.500000000000004	0	-25.97389330687192	0	-13.805338078075732
0	-26.250000000000018	0	-26.74674206098806	0	-15.142645717108053
0	-26.125000000000057	0	-27.42774167774401	0	-16.379430368171928
0	-26.187500000000064	0	-28.16089378507554	0	-17.42798676047027
0	-26.500000000000004	0	-29.294650757070723	0	-19.307445226254526
0	-26.687500000000036	0	-30.08851948484155	0	-20.37068144602553
0	-27.000000000000025	0	-30.712530823316413	0	-21.436072330614248
0	-27.125000000000043	0	-31.544698508410224	0	-22.57305278445143
0	-27.37500000000003	0	-32.116986565844755	0	-23.461768432810995
0	-27.81250000000004	0	-32.6006907307194	0	-24.09825638278528
0	-29.000000000000057	0	-32.760194917556	0	-24.421144027137714
0	-30.62500000000003	0	-32.63666966892345	0	-24.276585730525802
0	-31.812500000000043	0	-32.41472830954579	0	-24.123360841479915
0	-33.187500000000036	0	-32.23482636626237	0	-23.743117673485727
0	-34.18750000000002	0	-31.949247243844344	0	-23.48523300458313
0	-35.000000000000036	0	-31.704869360983846	0	-23.121819178383635
0	-35.75000000000004	0	-31.424245758242986	0	-22.74817681933024
0	-36.49999999999999	0	-31.03529221626899	0	-22.214438039444058
0	-37.000000000000014	0	-30.705510542419606	0	-21.85087457318712
0	-37.56250000000004	0	-30.402950689694656	0	-21.33673340807115
0	-38.12500000000002	0	-30.040719640367254	0	-20.676626906097407
0	-38.37500000000001	0	-29.875494074391813	0	-20.269090191939416
0	-38.87500000000003	0	-29.553698309607753	0	-19.579107591895085
0	-39.25000000000003	0	-29.280178819153566	0	-19.04568603124727
0	-39.875000000000014	0	-28.89962695483764	0	-18.43618749617915
0	-40.375000000000036	0	-28.488925504010155	0	-17.534952057481785
0	-41.18750000000004	0	-27.92067283025116	0	-16.313427427671577
0	-41.687500000000014	0	-27.594842377518976	0	-15.722293800071986
0	-42.43750000000002	0	-26.934835941172338	0	-14.573188710258437
0	-43.00000000000004	0	-26.4649501718027	0	-13.74390740894434
0	-43.56250000000002	0	-26.029467930315462	0	-13.104883984691977
0	-43.93750000000003	0	-25.689039606979645	0	-12.427243039310476
0	-44.62500000000003	0	-25.074579428530363	0	-11.154434541795558
0	-45.25000000000001	0	-24.60924386775431	0	-10.348863686677054
0	-45.81250000000004	0	-24.068027380026766	0	-9.48068465693349
0	-46.500000000000036	0	-23.35902959006083	0	-8.193850353448752
0	-46.9375	0	-22.842747303777635	0	-7.173337930746619
0	-47.37500000000005	0	-22.288838740635235	0	-6.3441505434479355
0	-47.93750000000003	0	-21.513029981890373	0	-5.303779627465476
0	-48.25000000000003	0	-21.00585865493889	0	-4.50821505638023
0	-48.50000000000001	0	-20.448639052964605	0	-3.501018058675455
0	-48.87500000000001	0	-19.665969823297733	0	-2.255282193778259
0	-49.187500000000064	0	-18.882629585346432	0	-0.9533994610390786
0	-49.50000000000001	0	-18.314946333955557	0	-0.23393051501977746
0	-49.81249999999999	0	-17.44174773926523	0	1.2292808251166143
0	-50.00000000000002	0	-16.820505448678222	0	2.164801808796848
0	-50.18750000000005	0	-16.31253323254781	0	2.9446038413410336
0	-50.312500000000014	0	-15.619949348888262	0	3.9782941504522356
0	-50.312500000000014	0	-15.111720419500971	0	4.706229307133957
0	-50.25	0	-14.624363634311127	0	5.521974984658585
0	-50.312500000000014	0	-14.102162287450458	0	6.365878732176451
0	-50.43750000000003	0	-13.102370384115318	0	7.942208019302271
0	-50.43750000000003	0	-12.560904461684242	0	8.740547983244268
0	-50.43750000000003	0	-11.891349910483523	0	9.675751495736183
0	-50.43750000000003	0	-10.993570654193732	0	10.906955500716805
0	-50.43750000000003	0	-10.331050663974423	0	11.850673677222346
0	-50.43750000000003	0	-9.706173031434776	0	12.865965453964316
0	-50.312500000000014	0	-9.117701869644687	0	13.736012523907297
0	-50.25	0	-8.150556404422083	0	14.996824348221141
0	-50.25	0	-7.217981867126449	0	16.16987902178822
0	-50.25	0	-6.59442573506515	0	17.066772035904783
0	-50.25	0	-5.998557933259489	0	17.847262305783477
0	-50.125000000000036	0	-5.031383721906135	0	19.307604298206556
0	-50.06250000000003	0	-4.372738877113096	0	20.241186263269064
0	-49.93750000000006	0	-3.7259258144010277	0	21.18762440856814
0	-49.81249999999999	0	-2.9755471560435023	0	22.221510228839136
0	-49.749999999999986	0	-2.404119258544065	0	23.022055520141816
0	-49.68750000000002	0	-1.893070712859613	0	23.799465117073286
0	-49.56250000000001	0	-1.3310825896067653	0	24.669252047722473
0	-49.43750000000004	0	-0.7346625565433194	0	25.585571533600252
0	-49.31250000000002	0	-0.13626991287376655	0	26.419509655099798
0	-49.250000000000014	0	0.5529422375871121	0	27.302961604227537
0	-49.12500000000004	0	1.143784127510016	0	28.144421025732665
0	-49.000000000000036	0	1.7353772685833957	0	28.950520407561477
0	-48.87500000000001	0	2.33264756424109	0	29.808164694138604
0	-48.75	0	2.9092376146837218	0	30.58246782078236
0	-48.62500000000003	0	3.475082782422701	0	31.379445591719943
0	-48.50000000000001	0	4.059128242733408	0	32.3273535422452
0	-48.0625	0	5.3317539923185695	0	34.34024702879978
0	-47.812500000000014	0	6.167048186242337	0	35.64347795405952
0	-47.68749999999999	0	6.752703995691321	0	36.48179876416171
0	-47.437500000000014	0	7.335277522340675	0	37.38418000959947
0	-47.125000000000014	0	8.015276172489369	0	38.61209095803665
0	-47.0	0	8.645667144887293	0	39.56321708029585
0	-46.81250000000003	0	9.35823907047345	0	40.61089401050248
0	-46.562500000000036	0	10.288148600152336	0	42.02408376285144
0	-46.37500000000002	0	10.847677703124024	0	42.837132736048304
0	-46.25	0	11.514834755682045	0	43.728989300764574
0	-46.12500000000003	0	12.112625245976925	0	44.64195763686458
0	-45.93750000000001	0	12.735401656356801	0	45.538342861837705
0	-45.75000000000003	0	13.275062725503306	0	46.40563502504849
0	-45.50000000000004	0	13.822584390896616	0	47.305219133683345
0	-45.312500000000014	0	14.52413074057853	0	48.4826219148159
0	-45.062500000000036	0	15.101371108543972	0	49.38616088797509
0	-44.81250000000006	0	15.915592644514748	0	50.64703327293613
0	-44.62500000000003	0	16.435773024981792	0	51.44430940159859
0	-44.43749999999999	0	17.013071021086958	0	52.295569963570976
0	-44.25000000000002	0	17.560603842209634	0	53.103040553954784
0	-44.06250000000005	0	18.3116270720124	0	54.22768746897779
0	-43.81250000000006	0	18.801205283556108	0	55.05306272788213
0	-43.500000000000014	0	19.769447909050395	0	56.60232264450228
0	-43.31250000000004	0	20.560369623880142	0	57.94318879154743
0	-42.937500000000036	0	21.16886874288231	0	59.25144974726993
0	-42.75000000000001	0	21.773276068149613	0	60.223787404370924
0	-42.43750000000002	0	22.176908231190957	0	61.05845396448724
0	-42.25000000000005	0	22.921585659088112	0	62.09982833714444
0	-42.00000000000006	0	23.406203455798508	0	62.985415429800256
0	-41.87500000000004	0	23.94272343493619	0	63.81183958394203
0	-41.62500000000001	0	24.62468884406205	0	65.03224325426059
0	-41.37500000000002	0	25.185476456185174	0	66.02159663307593
0	-41.18750000000004	0	25.95269231820952	0	67.57064486983096
0	-40.93750000000001	0	26.39037325685276	0	68.46953207346233
0	-40.68750000000003	0	27.119319133794182	0	69.86419409122902
0	-40.56250000000001	0	27.60729974583083	0	70.78122158083863
0	-40.43750000000004	0	28.43747250550722	0	72.17023903602654
0	-40.250000000000064	0	29.149961839358763	0	73.49112498299479
0	-40.062499999999986	0	29.890720658838536	0	74.89515380611415
0	-39.93750000000002	0	30.407407086822868	0	75.91465690330865
0	-39.875000000000014	0	31.03459785295007	0	77.09591638140417
0	-39.62500000000003	0	31.88477320109911	0	78.73564973943958
0	-39.56250000000002	0	32.50653970228019	0	79.81201548062499
0	-39.43750000000006	0	33.191240435725646	0	81.01460743034569
0	-39.25000000000003	0	33.791428591283065	0	82.14482437876367
0	-39.18750000000002	0	34.470949139440805	0	83.25789833107886
0	-39.12500000000001	0	35.06727197566598	0	84.31501103873224
0	-38.87500000000003	0	35.748929919942	0	85.77212773825468
0	-38.75000000000001	0	36.498352068543845	0	87.11282807141583
0	-38.68750000000005	0	37.05438744157941	0	88.19317269767836
0	-38.62500000000004	0	37.55676423663603	0	89.13227161794019
0	-38.50000000000002	0	38.13442965670525	0	90.15188761050554
0	-38.37500000000001	0	38.76088449718006	0	91.16288766954764
0	-38.249999999999986	0	39.410695828458216	0	92.38480835723188
0	-38.062500000000014	0	40.06178427805583	0	93.52035606280002
0	-37.81250000000003	0	41.20558322308354	0	95.57942614462782
0	-37.500000000000036	0	42.099116190875385	0	97.32441070532678
0	-37.187500000000036	0	42.79090949118325	0	98.73949238502587
0	-36.25000000000001	0	43.29958180336037	0	100.01112630178389
0	-35.25000000000002	0	43.38171477503082	0	100.66226655077992
0	-33.87500000000003	0	43.18845622115123	0	101.47048643989712
0	-33.25000000000004	0	42.83965592673895	0	101.78116299708545
0	-32.9375	0	42.41971255363171	0	102.00855046465043
0	-32.81250000000003	0	41.87808963931358	0	102.07052774676343
0	-32.87499999999999	0	41.38341581923736	0	102.01780202747862
0	-32.9375	0	40.859440774789576	0	101.87270272388015
0	-32.9375	0	40.076200063831635	0	101.29005009866441
0	-32.87499999999999	0	39.40256335766924	0	100.78499689700989
0	-32.687500000000014	0	38.534900897962366	0	100.01369496218022
0	-32.437500000000036	0	37.620640663572374	0	99.10665937948099
0	-32.25000000000006	0	36.78874467457067	0	98.29686057785557
0	-32.06250000000003	0	36.052965701185094	0	97.53874609848421
0	-31.875	0	35.241988301609545	0	96.6206116542467
0	-31.687500000000025	0	34.42068398096588	0	95.73401919267349
0	-31.562500000000057	0	33.5797600952267	0	94.61922462115581
0	-31.31250000000002	0	32.3818410724069	0	93.01609668182219
0	-31.187500000000004	0	31.687373233085342	0	92.0246180808848
0	-31.062500000000043	0	30.91111466386876	0	90.87590248640555
0	-30.750000000000046	0	29.79642899078001	0	89.33223457281404
0	-30.56250000000002	0	28.970586070312155	0	88.11353159772888
0	-30.12500000000001	0	27.35648610264461	0	85.81449517202351
0	-29.875000000000025	0	26.49038518281577	0	84.56220933127456
0	-29.62500000000004	0	25.642014431685865	0	83.33094849771948
0	-29.437500000000014	0	24.744399360625977	0	81.91786407985086
0	-29.250000000000036	0	24.015415510353183	0	80.79397641763079
0	-28.937500000000043	0	22.997597210662843	0	79.25477197171266
0	-28.68750000000001	0	22.037339466642557	0	77.75057933678747
0	-28.375000000000018	0	20.577888851836907	0	75.64694617313525
0	-28.187500000000043	0	19.87996505798107	0	74.53982737965502
0	-28.000000000000014	0	19.15830025023218	0	73.37201552964443
0	-27.75000000000003	0	18.218272131322166	0	71.89836405484225
0	-27.562500000000004	0	17.41072110896466	0	70.62091658727256
0	-27.25000000000001	0	16.480804836869112	0	69.25017435838706
0	-27.062500000000032	0	15.690122650327927	0	67.84086475519842
0	-26.687500000000036	0	14.292816303692026	0	65.7282686018565
0	-26.500000000000004	0	13.614416557177616	0	64.55838484737941
0	-26.250000000000018	0	12.740688968422543	0	63.15589291464386
0	-26.00000000000004	0	11.796797817293216	0	61.56358261599699
0	-25.81250000000001	0	11.082995417188497	0	60.276671076713505
0	-25.250000000000032	0	9.520746261173128	0	57.711607478432335
0	-24.87500000000003	0	8.634144426034608	0	56.10105841935131
0	-24.50000000000003	0	7.777105372121305	0	54.5509225547598
0	-24.31250000000005	0	7.1034552358170036	0	53.28133424504606
0	-24.062500000000014	0	6.272785081677588	0	51.92404816072272
0	-23.875000000000043	0	5.595168754882664	0	50.601057416337
0	-23.625000000000057	0	4.825794284236798	0	49.17100063807477
0	-23.312500000000014	0	3.840904320524536	0	47.25365337979756
0	-23.12500000000004	0	3.175809702519434	0	45.91997593716748
0	-22.812500000000043	0	2.376202786438743	0	44.526280327445484
0	-22.50000000000005	0	1.5474019456709462	0	42.774910383058945
0	-22.124999999999996	0	0.45283560434851244	0	40.76717201529163
0	-21.812500000000053	0	-0.35086551828327595	0	38.996441885359786
0	-21.500000000000014	0	-1.2773079407320944	0	37.14492163951154
0	-21.12500000000001	0	-2.202415508549808	0	35.1118995464534
0	-20.812500000000068	0	-2.9611655005925948	0	33.56432592546665
0	-20.437500000000014	0	-3.893623403174214	0	31.428098111441212
0	-20.25000000000004	0	-4.5339378933073275	0	30.10016739959135
0	-19.68750000000001	0	-5.859981907702018	0	27.162404980394456
0	-19.375000000000014	0	-6.616358668342866	0	25.511627845964167
0	-19.000000000000014	0	-7.342918268717936	0	23.732499780164254
0	-18.81249999999999	0	-7.973700179268028	0	22.336810485744543
0	-18.500000000000046	0	-8.682791669917343	0	20.389759451286317
0	-18.18750000000005	0	-9.356969116973493	0	18.818384135929634
0	-17.8125	0	-10.22647140410271	0	16.41348555270678
0	-17.437500000000046	0	-11.03039061304246	0	14.496627801062045
0	-17.125000000000004	0	-11.582587220933835	0	13.05779596456958
0	-16.93750000000003	0	-12.43910953368926	0	10.88794321642846
0	-16.81250000000001	0	-13.275600344953977	0	8.394431577758986
0	-16.750000000000004	0	-13.853405957194564	0	6.67661168108791
0	-16.750000000000004	0	-14.371811534928856	0	4.839168320121922
0	-16.687500000000043	0	-15.126666501607449	0	2.611296728192532
0	-16.687500000000043	0	-15.716023558522608	0	0.5876148892111646
0	-16.562500000000025	0	-16.30119421935278	0	-1.4701905632066894
0	-16.562500000000025	0	-16.907510117273375	0	-3.1085456781944245
0	-16.500000000000018	0	-17.75272029798453	0	-6.354338834006889
0	-16.500000000000018	0	-18.259577606506458	0	-8.143235536219247
0	-16.37500000000005	0	-19.038018477630295	0	-10.840619882673414
0	-16.312500000000043	0	-20.03456760128628	0	-14.124234535753144
0	-16.312500000000043	0	-20.51118362766472	0	-15.739707823143496
0	-16.37500000000005	0	-21.314516989710505	0	-18.617394699576895
0	-16.37500000000005	0	-21.89993369099681	0	-20.47909179078367
0	-16.500000000000018	0	-22.12234153717224	0	-21.49186490546589
0	-16.625000000000036	0	-22.31489746813702	0	-22.50603914288638
0	-16.625000000000036	0	-22.409544382030166	0	-23.620822703306505
0	-16.687500000000043	0	-22.338346860311884	0	-24.101311163901368
0	-16.687500000000043	0	-22.203026181350626	0	-24.528140729441358
0	-16.687500000000043	0	-21.92106352372161	0	-24.7029868763881
0	-16.625000000000036	0	-21.428860275551443	0	-24.70601438642304
0	-16.625000000000036	0	-20.97028608422328	0	-24.418379990065247
0	-16.687500000000043	0	-20.41921624788977	0	-23.88585661814261
0	-16.81250000000001	0	-19.9668857675451	0	-23.32036807766853
0	-17.125000000000004	0	-19.463233257117878	0	-22.504104805194178
0	-17.437500000000046	0	-19.020059277029503	0	-21.650915025618968
0	-17.750000000000043	0	-18.488071076872185	0	-20.614503488881297
0	-18.18750000000005	0	-17.94039761025851	0	-19.441160671243345
0	-18.500000000000046	0	-17.401002654698726	0	-18.442752246544647
0	-18.68750000000002	0	-16.87954007025357	0	-17.2798468188583
0	-19.000000000000014	0	-16.305912229419782	0	-16.063317229781653
0	-19.500000000000032	0	-14.996796932876938	0	-13.112792498882794
0	-19.750000000000018	0	-14.09360782632987	0	-11.173686001411587
0	-19.937500000000046	0	-13.416968104865594	0	-9.662280201026721
0	-20.000000000000053	0	-12.716316243283805	0	-8.08948919084494
0	-20.12500000000002	0	-12.12218925276542	0	-6.711100646681727
0	-20.18750000000003	0	-11.408402183435394	0	-4.963113912575555
0	-20.312500000000046	0	-10.861216226132596	0	-3.6363315743560687
0	-20.312500000000046	0	-10.178305598724831	0	-2.152004214656812
0	-20.437500000000014	0	-9.249266442778783	0	0.25226470789165045
0	-20.50000000000002	0	-8.65272857389057	0	1.7607380397492725
0	-20.62499999999999	0	-7.96453964436412	0	3.5927441622577554
0	-20.6875	0	-7.431824658490614	0	4.895006544581445
0	-20.750000000000007	0	-6.82614006158265	0	6.392014949101558
0	-20.812500000000068	0	-6.149148922747121	0	8.192715271070655
0	-20.875000000000025	0	-5.483454466560122	0	9.78102331318279
0	-21.000000000000043	0	-4.754269968472603	0	11.492845158564512
0	-21.062500000000053	0	-4.0687970773603785	0	13.039816032432938
0	-21.12500000000001	0	-3.60081204109909	0	14.451674235566562
0	-21.187500000000018	0	-2.859541612438899	0	16.174247596079397
0	-21.312500000000036	0	-2.3387262504680884	0	17.403869649998377
0	-21.56250000000002	0	-1.1746023158665317	0	20.421914013093932
0	-21.687500000000036	0	-0.056624700152924756	0	23.188772810954838
0	-21.812500000000053	0	0.8020531586602101	0	25.416980207356346
0	-21.93750000000002	0	1.448089360938966	0	26.96689603587731
0	-22.00000000000003	0	2.081229602585329	0	28.492085272135366
0	-22.250000000000014	0	3.24970955291717	0	31.2424449706394
0	-22.43749999999999	0	4.200587901026391	0	33.576600739820286
0	-22.50000000000005	0	4.7747368906436884	0	34.910961506225206
0	-22.687500000000025	0	5.523042725106401	0	36.69344432011653
0	-22.812500000000043	0	6.345549045413834	0	38.50050726665825
0	-23.00000000000002	0	7.056752844054005	0	40.22876341420264
0	-23.06250000000003	0	7.7377907538671025	0	41.70354189848116
0	-23.187499999999996	0	8.393710999204071	0	43.39536285651312
0	-23.312500000000014	0	9.133484876018812	0	44.91690920224264
0	-23.437500000000032	0	9.816302391568895	0	46.553250793041734
0	-23.625000000000057	0	10.776039313365295	0	48.486586875854805
0	-23.750000000000025	0	11.449321164313563	0	50.141375811377124
0	-23.937499999999996	0	12.06612033807984	0	51.71481485038893
0	-24.062500000000014	0	12.73668631769549	0	53.353001973231784
0	-24.31250000000005	0	13.644808068827917	0	55.397434071741024
0	-24.37500000000006	0	14.268247654173013	0	56.91371564844243
0	-24.562500000000036	0	15.095227587354316	0	58.6450838722376
0	-24.687500000000004	0	15.962497618440183	0	60.53601547494407
0	-24.93749999999999	0	17.274809145817652	0	63.49103460396508
0	-25.062500000000007	0	18.080983360536436	0	65.44108022001701
0	-25.125000000000014	0	18.759880146471787	0	66.90794883314001
0	-25.312500000000043	0	19.454958239546624	0	68.51000767704916
0	-25.37500000000005	0	20.210046879157545	0	70.05284802742061
0	-25.500000000000018	0	20.83084494326689	0	71.38654917361458
0	-25.562500000000025	0	21.781290214740043	0	73.33988655328419
0	-25.687500000000043	0	22.407302323541415	0	74.62620094311751
0	-25.87500000000002	0	23.525461573226316	0	76.9771216541116
0	-25.93750000000003	0	24.226779917559224	0	78.5603057074522
0	-26.00000000000004	0	25.26126626815277	0	80.85558513233286
0	-26.00000000000004	0	25.906166687217095	0	82.32899557888828
0	-25.93750000000003	0	26.463700112740355	0	83.52124507582808
0	-25.81250000000001	0	27.010110729731025	0	84.83521984450223
0	-25.562500000000025	0	27.85167766127181	0	86.97038152799955
0	-25.187500000000025	0	28.384954409324173	0	88.398773686732
0	-24.687500000000004	0	28.771454612425583	0	89.61354664930242
0	-23.937499999999996	0	29.343243829952495	0	91.2303092235152
0	-22.625000000000068	0	29.9127581744545	0	93.09357045073273
0	-22.124999999999996	0	30.11731545204427	0	93.8436811120386
0	-20.62499999999999	0	30.160624109531717	0	94.42688135382794
0	-19.187500000000043	0	29.993287630859776	0	94.56744700223234
0	-18.062500000000032	0	29.97155227104867	0	94.69771150362833
0	-15.687500000000055	0	29.603251737713574	0	94.52521483454413
0	-13.187500000000007	0	29.292200653922244	0	94.24973278463196
0	-11.125000000000021	0	28.922475556075277	0	93.57688007355151
0	-9.062500000000036	0	28.62677798700399	0	93.17514710577954
0	-7.000000000000049	0	28.283932192953923	0	92.38216292303407
0	-4.812499999999993	0	27.873082685101053	0	91.8059905826387
0	-1.8125000000000273	0	27.31717666027743	0	90.47633159299473
0	-0.3125000000000187	0	27.13538063187809	0	89.92992374640188
0	1.999999999999952	0	26.722172641676753	0	88.84196787780458
0	3.5624999999999516	0	26.56833644826085	0	88.03709274448696
0	6.624999999999953	0	26.223093442370033	0	86.57521050314017
0	8.937499999999952	0	26.080942129750717	0	85.41479065997204
0	11.187499999999954	0	25.845272887054218	0	84.36239446929379
0	12.749999999999952	0	25.79504174421289	0	83.52589333413563
0	15.749999999999954	0	25.592054180310363	0	82.04671416088308
0	17.249999999999954	0	25.558239026219017	0	81.19741468314798
0	19.437499999999954	0	25.507977242277025	0	80.05742962869061
0	21.624999999999954	0	25.440722509393563	0	78.93184333440698
0	23.812499999999954	0	25.522756277104794	0	77.55850638714448
0	25.312499999999954	0	25.635415704517033	0	76.680903269535
0	27.49999999999995	0	25.720946830606174	0	75.45784421571202
0	28.937499999999954	0	25.892058100190866	0	74.58042788529491
0	30.374999999999957	0	26.02117752596229	0	73.74681382602752
0	32.49999999999996	0	26.172647460895867	0	72.61023377768772
0	36.18749999999996	0	26.64556866262872	0	70.51025808468457
0	39.12499999999996	0	27.245446612644553	0	68.77831440268656
0	40.56249999999996	0	27.65209470670317	0	67.95099400445467
0	43.37499999999996	0	28.36787546283715	0	66.45901842274061
0	46.874999999999964	0	29.053625569241923	0	64.60091726993365
0	47.99999999999996	0	29.272223350144447	0	63.99337539760124
0	49.24999999999996	0	29.54656231290688	0	63.20602042285396
0	49.93749999999996	0	29.430361095333936	0	62.71383218630908
0	49.68749999999996	0	29.075730479348593	0	62.57552169134011
0	48.43749999999996	0	28.554897369303166	0	62.649182300393306
0	47.31249999999996	0	28.152286735986213	0	62.76431332558639
0	46.437499999999964	0	27.87449088255099	0	62.69124336583592
0	44.68749999999996	0	27.38749271676423	0	62.71883502720902
0	42.74999999999996	0	26.863223957966973	0	62.85520450242633
0	41.49999999999996	0	26.33410095575943	0	62.93091319385772
0	37.62499999999996	0	24.9248518526652	0	63.960106813434
0	35.87499999999996	0	24.334826879003195	0	64.46323218192568
0	33.24999999999996	0	23.790916086768995	0	65.3891330747155
0	31.499999999999957	0	23.137461111063804	0	65.97794827690159
0	28.87499999999996	0	22.17611459273677	0	66.9594018191132
0	25.187499999999957	0	21.072598300849403	0	68.42423193271416
0	22.374999999999957	0	20.579990605999477	0	69.61083057390722
0	19.624999999999957	0	19.94224713510787	0	70.85068961044252
0	17.812499999999954	0	19.243873764070813	0	71.6087473454899
0	14.374999999999956	0	18.756825506847665	0	72.94429533681947
0	12.062499999999957	0	18.21288882416069	0	73.75441868770744
0	8.874999999999956	0	17.94611982872362	0	74.43075788499239
0	7.9374999999999565	0	17.735478875395533	0	74.31243066235233
0	7.2499999999999565	0	17.588292950270326	0	73.86298453793185
0	6.749999999999956	0	17.57836723490988	0	73.21053125344913
0	6.1874999999999565	0	17.472037786514214	0	72.49677938678721
0	5.8749999999999565	0	17.37394155433982	0	71.52702014781961
0	5.6249999999999565	0	17.26131046486794	0	70.17735499600828
0	5.312499999999955	0	17.198302031567348	0	68.53061670732359
0	5.2499999999999565	0	17.16906567689458	0	67.1804908114585
0	5.187499999999956	0	17.20064942924682	0	65.93586352923893
0	5.062499999999956	0	17.215210721494156	0	63.96934103335656
0	4.999999999999956	0	17.30938430803271	0	62.5789293881669
0	4.999999999999956	0	17.354425603343532	0	60.48006401536912
0	4.874999999999956	0	17.463049378818436	0	59.02088544440673
0	4.812499999999956	0	17.496691349933926	0	56.11807532967698
0	4.812499999999956	0	17.52595105565827	0	54.4321162374906
0	4.749999999999956	0	17.57398537771424	0	52.49307786657419
0	4.624999999999956	0	17.605485183782136	0	50.13018362234478
0	4.499999999999956	0	17.62867622458022	0	47.98301289687159
0	4.624999999999956	0	17.75018332464998	0	46.275070093139064
0	5.312499999999955	0	17.901679590375874	0	44.06613212008655
0	6.124999999999955	0	18.149273252129806	0	42.15704158464479
0	7.874999999999956	0	18.35872448563441	0	39.793136557798285
0	9.312499999999956	0	18.803323417329462	0	37.491251516198865
0	11.687499999999956	0	18.983928872243826	0	35.13676280894811
0	14.437499999999957	0	19.721197933103547	0	32.26285133844627
0	16.499999999999954	0	20.25672211769495	0	30.465554695133033
0	19.812499999999954	0	20.587085655237107	0	28.13781552179761
0	23.374999999999957	0	21.66511426522425	0	25.20660173588092
0	27.187499999999954	0	22.705324678235506	0	22.560617678564718
0	30.93749999999995	0	23.901826415439455	0	20.02137577548963
0	35.93749999999996	0	24.886508545648482	0	16.991732356692125
0	40.74999999999995	0	26.511823928208276	0	14.039997631526285
0	43.12499999999996	0	27.709588369212184	0	12.689086829996558
0	48.93749999999996	0	29.80925727397328	0	9.49456210597323
0	52.43749999999996	0	31.39559084747029	0	7.819535260219112
0	54.62499999999994	0	32.3923994893825	0	6.888200431244183
0	57.68749999999996	0	33.45855912274541	0	5.627063819116966
0	61.18749999999996	0	34.99508394648985	0	4.378773656904899
0	62.624999999999964	0	35.59471925514707	0	3.958686701464711
0	63.749999999999964	0	35.77918494896081	0	3.557836721678503
0	64.56249999999997	0	35.11519521508564	0	3.0658925600611293
0	63.43749999999996	0	33.68999360924231	0	3.186342344242663
0	61.749999999999964	0	31.835350540425623	0	3.7140745388110297
0	60.06249999999996	0	30.42569042702722	0	4.466078166126032
0	58.93749999999996	0	29.16423557698487	0	5.192815364794177
0	57.749999999999964	0	27.797538420425866	0	6.181843156160509
0	57.187499999999964	0	27.037880862045633	0	6.738023135399316
0	56.437499999999964	0	26.269259989019872	0	7.522982721738876
0	56.18749999999996	0	25.608676899681758	0	8.16839994176252
0	55.687499999999964	0	24.11591535305184	0	9.607194780231563
0	55.499999999999964	0	23.36936766404127	0	10.367600358374881
0	55.374999999999964	0	22.65237190028654	0	11.156849187098576
0	55.249999999999964	0	21.38180770528927	0	12.713479360013453
0	55.249999999999964	0	20.48427629431357	0	14.12920305295606
0	55.312499999999964	0	19.864475291242083	0	14.967148848097695
0	55.437499999999964	0	19.461544949046846	0	15.913288149212383
0	55.749999999999964	0	18.795743828552858	0	17.269371574416148
0	56.062499999999964	0	18.31625881405047	0	18.378841540020037
0	56.687499999999964	0	17.810947402839517	0	19.896135736011537
0	57.187499999999964	0	17.531800874695673	0	20.982780322937682
0	57.68749999999996	0	17.262251848587123	0	22.076439005262845
0	58.312499999999964	0	16.9983448386589	0	23.342026738947762
0	58.874999999999964	0	16.803843913158214	0	24.59126280908028
0	59.249999999999964	0	16.67857606510673	0	25.451885612758346
0	59.56249999999996	0	16.551638272584086	0	26.735092781977897
0	59.99999999999996	0	16.190354548635156	0	28.717339617971614
0	60.18749999999996	0	16.140550293417938	0	29.48857326799058
0	60.43749999999996	0	15.966823503901933	0	31.292856382420105
0	60.562499999999964	0	15.867519818002497	0	32.93659296223181
0	60.62499999999997	0	15.737194554148594	0	33.93566416945125
0	60.562499999999964	0	15.596764536697412	0	35.40249857713416
0	60.499999999999964	0	15.4302836880554	0	36.536509951927485
0	60.374999999999964	0	15.344218882619773	0	37.84172460311732
0	60.24999999999996	0	15.168192893555547	0	39.5485995463521
0	60.06249999999996	0	15.055669720799946	0	40.89580190845872
0	59.937499999999964	0	15.021853891661864	0	42.039509957300595
0	59.687499999999964	0	14.962029613632616	0	43.84930081256077
0	59.62499999999996	0	14.958207261392626	0	45.222743616741774
0	59.43749999999996	0	14.878645554860933	0	47.12692780842463
0	59.12499999999996	0	14.867227457887902	0	48.945641378745464
0	59.06249999999997	0	14.846360523959161	0	50.2000916182752
0	58.81249999999997	0	15.190427297801095	0	52.06341478903269
0	58.687499999999964	0	15.214807658664599	0	53.14888717852219
0	58.437499999999964	0	15.474574931891581	0	53.980724469501666
0	57.62499999999995	0	15.360053480294642	0	55.387572224746094
0	55.87499999999997	0	15.451009521561065	0	56.8058774629698
0	55.062499999999964	0	15.45793193584628	0	57.38758406234209
0	53.62499999999996	0	15.808065070182234	0	58.051103590449
0	52.812499999999964	0	16.054681108630927	0	58.37299842765523
0	52.37499999999997	0	16.72788898547781	0	58.433931202031914
0	51.874999999999964	0	17.271922794666583	0	58.508828641461065
0	51.37499999999996	0	18.048006287987462	0	58.414542600337526
0	50.687499999999964	0	18.769262634383683	0	58.40598943590487
0	50.37499999999996	0	19.489469008188255	0	58.200333687745314
0	50.062499999999964	0	20.19808846123351	0	58.00407172802816
0	49.68749999999996	0	20.84609290882464	0	57.80747381233044
0	49.312499999999964	0	21.724070826828672	0	57.51142952613323
0	49.06249999999996	0	22.593825461418092	0	57.236807571718025
0	48.62499999999996	0	23.97937680735252	0	56.923290746589196
0	48.18749999999996	0	24.833551791617502	0	56.73394442845008
0	47.999999999999964	0	25.513188689520252	0	56.51278562745292
0	47.499999999999964	0	26.72076133714779	0	56.080522561240706
0	47.24999999999996	0	27.714373882968964	0	55.72985359945835
0	47.062499999999964	0	28.57086599240694	0	55.25930867251639
0	46.49999999999996	0	29.71433452924009	0	54.720159319081745
0	46.06249999999996	0	30.807714776108572	0	54.09226428620046
0	45.56249999999996	0	31.765235479284453	0	53.319556825566664
0	45.187499999999964	0	32.9286794599101	0	52.44431543394242
0	45.062499999999964	0	33.839092600114846	0	51.605823146326465
0	44.999999999999964	0	34.76320196561456	0	50.6688047935238
0	44.87499999999996	0	36.207000350577594	0	49.08053742246375
0	44.87499999999996	0	37.99940616216367	0	47.31942789950486
0	44.87499999999996	0	39.866743832450204	0	45.30043236656043
0	44.87499999999996	0	41.00696744884421	0	44.10565265464822
0	44.87499999999996	0	42.63785277019559	0	42.290227099039654
0	44.812499999999964	0	44.34130233126489	0	40.422734339220334
0	44.68749999999996	0	45.45747850591746	0	39.16329601582577
0	44.68749999999996	0	46.459642555267635	0	37.95120488452953
0	44.43749999999997	0	48.19053820639296	0	35.88537424301144
0	44.312499999999964	0	49.205822406213954	0	34.61826811944501
0	44.062499999999964	0	50.31424624765852	0	33.44012674709066
0	43.81249999999996	0	51.93675878575014	0	31.548765303584414
0	43.687499999999964	0	53.63578779653129	0	29.432593471505484
0	43.687499999999964	0	54.605779091595444	0	28.297187390409643
0	43.81249999999996	0	55.97368234072306	0	26.468985547247062
0	43.99999999999996	0	56.69259412220969	0	25.16925836257448
0	44.374999999999964	0	57.85386972733442	0	23.27086774685217
0	44.68749999999996	0	58.82667192451755	0	21.54734880949692
0	45.12499999999996	0	59.89019703477631	0	19.942918908843367
0	45.43749999999996	0	60.66438819968029	0	18.700316644690194
0	45.81249999999996	0	61.33374432534081	0	17.502268597726644
0	46.562499999999964	0	62.36669230899824	0	15.601308313105523
0	46.999999999999964	0	63.03557204216782	0	14.392965799660349
0	47.43749999999996	0	63.902490408660285	0	13.00082344019837
0	48.18749999999996	0	64.61652735356054	0	11.723790057740672
0	49.312499999999964	0	66.04095893461502	0	9.404295364818447
0	50.187499999999964	0	67.16475090636474	0	7.510956031702987
0	51.06249999999996	0	67.8072103304891	0	6.051735243147331
0	51.874999999999964	0	68.82207831051493	0	4.1947099625955815
0	53.18749999999996	0	69.88293272251282	0	1.731416165934852
0	53.62499999999996	0	70.49437836395616	0	0.5395565753082541
0	54.37499999999996	0	71.09745906793249	0	-1.1742629152448436
0	54.999999999999964	0	71.61719861131624	0	-2.3787455758444422
0	55.687499999999964	0	72.26792326073942	0	-4.036300742563377
0	56.31249999999996	0	72.57977042352948	0	-5.355994648302264
0	56.99999999999996	0	73.25763439447843	0	-7.095712221579232
0	57.812499999999964	0	73.57378495671307	0	-9.121795194134668
0	58.187499999999964	0	73.91280863895166	0	-10.469325823462425
0	59.18749999999996	0	74.28060051391397	0	-12.977892370811173
0	59.62499999999996	0	74.46000515852347	0	-14.224300275076605
0	60.06249999999996	0	74.50548256666328	0	-15.32374692722839
0	60.68749999999997	0	74.69036264716657	0	-16.982037228475953
0	61.749999999999964	0	74.82150826814639	0	-19.03583522585134
0	62.49999999999995	0	74.91776561785349	0	-20.46049196763067
0	63.374999999999964	0	74.92452778460955	0	-21.916957447923856
0	64.43749999999997	0	74.96025613930281	0	-23.693554850085413
0	65.31249999999996	0	74.87438060995785	0	-25.62499469667438
0	66.12499999999997	0	74.7440303697698	0	-26.855840223095825
0	66.68749999999996	0	74.64420658061871	0	-27.737011280094194
0	67.81249999999996	0	74.41471753333242	0	-29.35339840560741
0	69.06249999999996	0	74.22646101771382	0	-30.892602525711855
0	69.93749999999996	0	73.95069179744085	0	-32.17889250578462
0	70.81249999999996	0	73.74987801480644	0	-33.22641531838249
0	71.37499999999996	0	73.45750906536612	0	-34.0919988815132
0	72.56249999999997	0	72.81222827829497	0	-35.75607989584989
0	73.43749999999996	0	72.20131980604958	0	-36.95849025161367
0	73.74999999999996	0	71.65728148407474	0	-37.68289514802202
0	74.37499999999996	0	70.6945960568293	0	-38.73863905639443
0	74.74999999999997	0	69.64504176769302	0	-39.56145621002643
0	74.74999999999997	0	68.63410296060349	0	-40.022315746419
0	74.24999999999997	0	66.55659090013442	0	-40.66514396120825
0	73.74999999999996	0	65.16115105285446	0	-40.89734833109438
0	73.37499999999996	0	63.82998940820859	0	-41.15814073399787
0	72.18749999999997	0	61.49258439615674	0	-41.23362048388282
0	71.49999999999996	0	59.791018897044964	0	-41.38465982264303
0	70.81249999999996	0	57.98448890164607	0	-41.47049129540692
0	69.87499999999997	0	55.72815569888641	0	-41.50480257675528
0	69.18749999999997	0	54.549450292881914	0	-41.447339973522546
0	68.49999999999997	0	52.535295127287085	0	-41.349577276469276
0	67.49999999999996	0	50.32720419665707	0	-41.29056092231714
0	66.99999999999997	0	49.03340676343784	0	-41.21277575899756
0	66.24999999999997	0	47.540108111082105	0	-41.01583554173397
0	65.18749999999996	0	45.17228551949927	0	-40.77525501281029
0	64.18749999999997	0	42.93527137844054	0	-40.498451643729666
0	63.43749999999996	0	41.22930131061651	0	-40.31055278264963
0	62.562499999999964	0	39.25248147490103	0	-39.99315981565842
0	61.81249999999996	0	36.85089640292999	0	-39.519602750674345
0	61.43749999999996	0	35.61915814674076	0	-39.282110634341805
0	60.81249999999997	0	33.66338459762902	0	-38.697362079465506
0	60.24999999999996	0	31.707610130165342	0	-38.189049890512365
0	59.87499999999996	0	29.88048498785165	0	-37.60647414755239
0	59.499999999999964	0	28.07550367399526	0	-36.97364607071665
0	59.12499999999996	0	26.21266239040539	0	-36.303658538291934
0	58.874999999999964	0	24.615277436047613	0	-35.64695876894017
0	58.562499999999964	0	22.924287965967192	0	-34.896878458004785
0	58.437499999999964	0	21.69392396294643	0	-34.31442051488818
0	58.312499999999964	0	20.09249708839765	0	-33.456363403691206
0	58.249999999999964	0	17.728880604416066	0	-32.09491332889721
0	58.249999999999964	0	15.736025370779311	0	-30.9006621034722
0	58.187499999999964	0	14.194488533077937	0	-30.144869061724222
0	58.124999999999964	0	12.004466551100158	0	-28.883847647828407
0	58.187499999999964	0	10.214975254644592	0	-27.658780928834208
0	58.187499999999964	0	8.865010065762984	0	-26.758539849157557
0	58.312499999999964	0	6.775144594259649	0	-25.41018305522897
0	58.312499999999964	0	4.772171179529263	0	-24.14127608609659
0	58.312499999999964	0	3.3628891283914917	0	-23.210739039870056
0	58.312499999999964	0	1.1796482216222635	0	-21.84136724069995
0	58.249999999999964	0	-0.9785123951354078	0	-20.476729806789653
0	58.187499999999964	0	-2.1707313922650284	0	-19.646697917656642
0	58.062499999999964	0	-3.70057528358432	0	-18.693735228951805
0	57.812499999999964	0	-5.937587774226893	0	-17.18100842580896
0	57.62499999999995	0	-7.285853856493351	0	-16.291971863865
0	57.49999999999996	0	-8.891633318978263	0	-15.050344514391302
0	57.43749999999995	0	-10.25444913917534	0	-14.023955369761698
0	57.37499999999996	0	-12.114739662095012	0	-12.453633966518911
0	57.31249999999996	0	-13.441195089991513	0	-11.135919309288361
0	57.24999999999996	0	-14.665405751194633	0	-9.973085309738181
0	57.187499999999964	0	-15.912259829792365	0	-8.49611921456848
0	57.187499999999964	0	-17.160395658501134	0	-7.181041068373509
0	57.06249999999996	0	-17.77928910308632	0	-6.504036298962742
0	57.187499999999964	0	-18.45563414513289	0	-5.525560935957873
0	57.62499999999995	0	-18.588289443962648	0	-5.234721964005647
0	57.93749999999997	0	-18.68150224906778	0	-4.996463635457651
0	59.499999999999964	0	-18.22676248786491	0	-5.00979320489423
0	60.68749999999997	0	-17.767442036384516	0	-5.0234813785849735
0	61.81249999999996	0	-17.316213667748702	0	-4.984962311367609
0	62.74999999999997	0	-16.76505236516629	0	-4.702814078882861
0	63.312499999999964	0	-16.446079063965858	0	-4.493067020361978
0	64.43749999999997	0	-16.00081604888301	0	-4.296782549969011
0	65.18749999999996	0	-15.573641100688521	0	-3.920452647467519
0	66.06249999999996	0	-15.21492439748404	0	-3.316621187319449
0	66.43749999999997	0	-15.168247490644386	0	-2.755798407871998
0	67.18749999999996	0	-15.181464389627624	0	-1.4530366726836
0	67.43749999999996	0	-15.32739473805481	0	-0.3904575078443009
0	67.31249999999996	0	-15.865097727294645	0	0.5145988037785275
0	66.43749999999997	0	-16.705440590464253	0	1.9800404030083656
0	65.06249999999996	0	-17.83465042389729	0	3.2260999297073334
0	63.24999999999996	0	-18.828116300908164	0	4.157678086888421
0	59.31249999999996	0	-21.448723617917942	0	5.925270892483736
0	56.062499999999964	0	-23.036565895991174	0	7.3390997997498495
0	54.37499999999996	0	-24.02775224676626	0	8.192634187406187
0	50.937499999999964	0	-25.754315635054255	0	9.809481891446978
0	48.31249999999996	0	-26.903690863555518	0	11.068670115854353
0	45.749999999999964	0	-27.967670834809564	0	12.399081321194595
0	43.99999999999996	0	-28.784172266244287	0	13.355308368837813
0	42.249999999999964	0	-29.73630635377652	0	14.473884351895247
0	39.687499999999964	0	-30.542533397700506	0	15.706153200956646
0	37.937499999999964	0	-31.34519296805602	0	16.741660343959932
0	35.374999999999964	0	-32.38909421535573	0	18.17490777153904
0	32.749999999999964	0	-33.088705745336625	0	19.660551477042688
0	31.062499999999964	0	-33.76503039762146	0	20.711902156074444
0	29.312499999999964	0	-34.225311504498556	0	21.749517100244596
0	24.99999999999996	0	-35.18434322404067	0	24.224326712104713
0	21.68749999999996	0	-35.76731079879635	0	26.23757182920735
0	19.99999999999996	0	-36.17517453975902	0	27.426694778014475
0	15.687499999999963	0	-36.69040559941701	0	29.80585139674647
0	13.124999999999963	0	-37.02814867596333	0	31.519402803586647
0	11.499999999999961	0	-37.16861703443346	0	32.619716356712104
0	8.124999999999963	0	-37.21171869330439	0	34.626305735337276
0	6.499999999999961	0	-37.21846708983795	0	35.87580146542039
0	4.374999999999962	0	-36.855464401924706	0	37.11043558897944
0	2.312499999999962	0	-36.158436707299046	0	38.59470392299521
0	1.6249999999999616	0	-35.66766350641521	0	39.26183633072279
0	1.0624999999999618	0	-35.06784276405804	0	39.92028716686522
0	0.4999999999999618	0	-34.40960192356744	0	40.687381820429806
0	0.06249999999996182	0	-33.098271329379166	0	41.700235927644
0	-0.06250000000005584	0	-32.354826120012206	0	42.31083015156248
0	-0.06250000000005584	0	-31.50184410981658	0	42.95417200638533
0	0.06249999999996182	0	-30.74901141406616	0	43.48301878312606
0	0.24999999999996184	0	-30.00849979095869	0	44.10249377743318
0	0.4999999999999618	0	-29.213178081237807	0	44.789976499275014
0	0.6874999999999618	0	-28.618565507747565	0	45.30662359956069
0	1.0624999999999618	0	-27.526288190467135	0	46.552126274251656
0	1.4999999999999618	0	-26.466723786376175	0	47.731504210746564
0	1.7499999999999618	0	-25.865710556608324	0	48.54487759244301
0	2.062499999999962	0	-24.963789706066397	0	49.77388569771345
0	2.312499999999962	0	-24.043449378958368	0	51.015309112801674
0	2.499999999999962	0	-23.415651667957306	0	51.994877841304124
0	2.749999999999962	0	-22.629604087378574	0	52.949817273131195
0	3.249999999999962	0	-21.716076319168884	0	54.364760212374016
0	3.4999999999999623	0	-21.080706350761986	0	55.22187576298051
0	3.812499999999962	0	-20.606671114215917	0	56.09767723197571
0	4.312499999999962	0	-19.78776131733014	0	56.92431202674074
0	5.312499999999962	0	-19.187608875083626	0	57.83521144333166
0	5.812499999999962	0	-18.600560566093083	0	58.30272653390786
0	6.624999999999962	0	-17.88579362061561	0	58.910043479917114
0	7.624999999999962	0	-16.893889019893532	0	59.6178695278963
0	8.124999999999963	0	-16.397670912826754	0	59.968343972799275
0	8.874999999999963	0	-15.863564341645434	0	60.30338105499578
0	9.749999999999963	0	-15.074629456456965	0	60.80105112606537
0	10.687499999999961	0	-13.896564398176784	0	61.281547756450685
0	11.499999999999961	0	-13.311881617633762	0	61.23533188142574
0	11.937499999999961	0	-12.889630952802975	0	61.28788358384223
0	12.437499999999963	0	-12.324805796062485	0	61.198364879802156
0	13.187499999999963	0	-11.89550206830497	0	61.032680101507914
0	13.937499999999961	0	-11.167333345880568	0	60.817343436740835
0	15.062499999999961	0	-10.305751479176795	0	60.374276665933806
0	15.812499999999963	0	-9.671756573188553	0	60.27290080986159
0	16.56249999999996	0	-8.620928993184561	0	60.27846270267118
0	16.99999999999996	0	-7.592108900486551	0	60.262889598507726
0	17.312499999999964	0	-6.955385905997004	0	60.43750887278339
0	17.624999999999964	0	-6.091759651525191	0	60.606875124941446
0	17.99999999999996	0	-4.528169306149806	0	61.13340968918837
0	18.124999999999964	0	-3.663262949622606	0	61.66028067083479
0	18.124999999999964	0	-2.6007932634113997	0	62.21918294928479
0	18.124999999999964	0	-1.3919807830285802	0	62.9286430176694
0	18.06249999999996	0	-0.1721292151502829	0	63.67706232353359
0	17.93749999999996	0	1.0662897496184698	0	64.40715942562754
0	17.87499999999996	0	2.0456359653656766	0	65.07129561841502
0	17.68749999999996	0	3.8757427283147607	0	66.26588100142831
0	17.56249999999996	0	5.1523044600501935	0	67.20887754755371
0	17.249999999999964	0	6.211697730131812	0	68.18420740473498
0	16.49999999999996	0	7.85034334460838	0	69.93412169510984
0	15.812499999999963	0	9.054607467388209	0	71.48551424177211
0	14.937499999999961	0	9.878957402806945	0	72.76427829514891
0	13.999999999999961	0	10.584675422887974	0	74.04398262281595
0	13.062499999999963	0	11.24524905167705	0	75.17389544345204
0	12.437499999999963	0	11.721528063602591	0	76.09446784795887
0	11.937499999999961	0	12.121822243356236	0	76.94020794405306
0	11.124999999999963	0	12.487171568401033	0	77.8539815626348
0	10.624999999999961	0	12.775386589036032	0	78.51588256825131
0	10.062499999999963	0	13.033867771146346	0	79.20412343353755
0	9.749999999999963	0	13.235109372927639	0	79.71377624963014
0	9.312499999999961	0	13.452708872473831	0	80.11972392125453
0	9.062499999999963	0	13.557457540675308	0	80.43894781156123
0	8.874999999999963	0	13.60186550867594	0	80.60651778983734
0	8.874999999999963	0	13.581974167756812	0	80.61459027918076
0	8.874999999999963	0	13.562191713404486	0	80.57423960981191
0	8.999999999999961	0	13.515041874186387	0	80.49381122041966
0	8.937499999999961	0	13.522643411393043	0	80.46346696421173
0	8.937499999999961	0	13.530936759796505	0	80.41073258232572
0	8.999999999999961	0	13.564337040738584	0	80.29847037828497
0	9.124999999999963	0	13.558540302466048	0	80.19285930778217
0	9.124999999999963	0	13.558832229243599	0	80.19104182641516
0	9.124999999999963	0	13.557372595355831	0	80.20012923325028
0	9.124999999999963	0	13.557080668578276	0	80.20194671461732
0	9.124999999999963	0	13.557080668578276	0	80.20194671461732
0	9.124999999999963	0	13.557080668578276	0	80.20194671461732
0	9.124999999999963	0	13.557080668578276	0	80.20194671461732
0	9.124999999999963	0	13.557080668578276	0	80.20194671461732
0	9.124999999999963	0	13.557080668578276	0	80.20194671461732
0	9.124999999999963	0	13.557080668578276	0	80.20194671461732
0	9.124999999999963	0	13.557080668578276	0	80.20194671461732
0	9.124999999999963	0	13.557080668578276	0	80.20194671461732
0	9.124999999999963	0	13.557080668578276	0	80.20194671461732
0	9.124999999999963	0	13.557080668578276	0	80.20194671461732
0	9.124999999999963	0	13.557080668578276	0	80.20194671461732
0	9.124999999999963	0	13.557080668578276	0	80.20194671461732
0	9.124999999999963	0	13.557080668578276	0	80.20194671461732
0	9.124999999999963	0	13.557080668578276	0	80.20194671461732
0	9.124999999999963	0	13.557080668578276	0	80.20194671461732
0	9.124999999999963	0	13.557080668578276	0	80.20194671461732
0	9.124999999999963	0	13.557080668578276	0	80.20194671461732
0	9.124999999999963	0	13.557080668578276	0	80.20194671461732
0	9.124999999999963	0	13.557080668578276	0	80.20194671461732
0	9.124999999999963	0	13.557080668578276	0	80.20194671461732