0	0.0	0	0.0	0	0.0
0	0.0	0	0.0	0	0.0
0	0.0	0	0.0	0	0.0
0	0.0	0	0.0	0	0.0
0	0.0	0	0.0	0	0.0
0	0.0	0	0.0	0	0.0
0	0.0	0	0.0	0	0.0
0	0.0	0	0.0	0	0.0
0	0.0	0	0.0	0	0.0
0	0.0	0	0.0	0	0.0
0	0.0	0	0.0	0	0.0
0	0.0	0	0.0	0	0.0
0	0.0	0	0.0	0	0.0
0	0.0	0	0.0	0	0.0
0	0.0	0	0.0	0	0.0
0	0.0	0	0.0	0	0.0
0	0.0	0	-0.005522330836388308	0	0.0
0	0.0	0	-0.007363107781851078	0	0.0
0	0.0	0	-0.007363107781851078	0	0.0
0	0.0	0	-0.007363107781851078	0	0.0
0	0.0	0	-0.007363107781851078	0	0.0
0	0.0	0	-0.007363107781851078	0	0.0
0	0.0	0	-0.007363107781851078	0	0.0
0	0.0	0	-0.007363107781851078	0	0.0
0	0.0	0	-0.007363107781851078	0	0.0
0	0.0	0	-0.007363107781851078	0	0.0
0	0.0	0	-0.007363107781851078	0	0.0
0	0.0	0	-0.007363107781851078	0	0.0
0	0.0	0	-0.007363107781851078	0	0.0
0	0.0	0	-0.007363107781851078	0	0.0
0	0.0	0	-0.007363107781851078	0	0.0
0	0.0	0	-0.007363107781851078	0	0.0
0	0.0	0	-0.007363107781851078	0	0.0
0	0.0	0	-0.007363107781851078	0	0.0
0	0.0	0	-0.007363107781851078	0	0.0
0	0.0	0	-0.007363107781851078	0	0.0
0	0.0	0	-0.007363107781851078	0	0.0
0	0.0	0	-0.007363107781851078	0	0.0
0	0.0	0	-0.007363107781851078	0	0.0
0	0.0	0	-0.007363107781851078	0	0.0
0	0.0	0	-0.009203884727313847	0	0.0
0	0.0	0	-0.016566992509164925	0	0.0
0	0.0	0	-0.020248546400090463	0	0.009203884727313847
0	0.0	0	-0.020248546400090463	0	0.014726215563702155
0	0.0	0	-0.020248546400090463	0	0.022089323345553233
0	0.0	0	-0.020248546400090463	0	0.02577087723647877
0	0.0	0	-0.020248546400090463	0	0.02945243112740431
0	0.0	0	-0.020248546400090463	0	0.02945243112740431
0	0.0	0	-0.018407769454627694	0	0.02761165418194154
0	0.0	0	-0.012885438618239386	0	0.016566992509164925
0	0.0	0	-0.012885438618239386	0	0.009203884727313847
0	0.0	0	-0.012885438618239386	0	-0.005522330836388308
0	0.0	0	-0.011044661672776616	0	-0.02945243112740431
0	0.0	0	-0.009203884727313847	0	-0.03497476196379262
0	0.0625	0	-0.02483661950955809	0	-0.0535359048425013
0	0.0625	0	-0.024858707242891707	0	-0.033287370489401745
0	0.0	0	-0.022220278645133158	0	0.0073459794581946306
0	0.0	0	-0.022220278645133158	0	0.016549864185508478
0	0.0625	0	-0.03967772547159837	0	0.012712920133296415
0	0.0625	0	-0.039683749398871176	0	0.01823524768414175
0	0.0625	0	-0.039683749398871176	0	0.01823524768414175
0	0.0625	0	-0.039683749398871176	0	0.01823524768414175
0	0.0625	0	-0.039683749398871176	0	0.01823524768414175
0	0.0625	0	-0.039683749398871176	0	0.01823524768414175
0	0.0625	0	-0.039683749398871176	0	0.01823524768414175
0	0.0625	0	-0.03969981320493199	0	0.032961454486395966
0	0.0625	0	-0.0397118610594776	0	0.04400610958808662
0	0.0625	0	-0.03972190093826561	0	0.05320998883949552
0	0.0625	0	-0.039727924865538417	0	0.05873231639034084
0	0.0625	0	-0.039727924865538417	0	0.05873231639034084
0	0.12499999999999999	0	-0.05718117584974089	0	0.05487633150433556
0	0.12499999999999999	0	-0.05723338318837745	0	0.07880637484595693
0	0.12499999999999999	0	-0.0628159401194861	0	0.10640591546968083
0	0.12499999999999999	0	-0.07212421762045974	0	0.1542459224072941
0	0.1875	0	-0.1025469725497984	0	0.23132287126416637
0	0.1875	0	-0.12014999019644831	0	0.5478805952854918
0	0.24999999999999997	0	-0.137819680348711	0	0.6470698061448417
0	0.24999999999999997	0	-0.13835781625090912	0	0.77040068745857
0	0.375	0	-0.17358031867535242	0	0.9153205515926719
0	0.4375	0	-0.18104220125764633	0	1.1084139695562152
0	0.5625	0	-0.19640083429906094	0	1.2368498328908428
0	0.8125000000000001	0	-0.23173475634262175	0	1.3278478839662506
0	0.9999999999999999	0	-0.2505584761811917	0	1.4596634895041742
0	1.3749999999999998	0	-0.32107763699869557	0	1.5307985132022102
0	1.8124999999999998	0	-0.40966235738696666	0	1.615431651120179
0	2.1875	0	-0.45685487643231215	0	1.6699111664584523
0	2.8124999999999996	0	-0.5629129092035361	0	1.6559657780610884
0	3.1875	0	-0.6088979603287847	0	1.7023592811451713
0	3.8125	0	-0.7236330770231894	0	1.6804362591587616
0	4.25	0	-0.833010528914069	0	1.7414853365436436
0	4.875	0	-1.0066211364319853	0	1.7511680872008815
0	5.5625	0	-1.1995749767575439	0	1.8085257849969787
0	6.0	0	-1.3106781111145667	0	1.9476462037943922
0	6.625	0	-1.5039200697195483	0	2.138743915308806
0	7.875	0	-1.9325074369796142	0	2.7747691880067826
0	8.3125	0	-2.054206117759601	0	2.919712811312306
0	8.75	0	-2.123436246873609	0	3.079417374964212
0	9.25	0	-2.2327027343275803	0	3.232073707718102
0	10.0	0	-2.3991152662156403	0	3.277679638348293
0	10.562499999999998	0	-2.528621466023466	0	3.413287271202855
0	11.437499999999998	0	-2.727475634122928	0	3.5531971178745136
0	12.312500000000002	0	-2.916855747470833	0	3.6078375043963526
0	13.25	0	-3.17925918157718	0	3.7253998915712994
0	13.8125	0	-3.3797016910379565	0	3.917445805541557
0	14.625	0	-3.6558631081919573	0	4.113585805363545
0	15.5	0	-3.9274311840033365	0	4.257779108629799
0	16.375	0	-4.180813090825682	0	4.436391064478209
0	17.0	0	-4.368773619043094	0	4.643071217007055
0	18.0	0	-4.586736663662992	0	4.771128343148592
0	18.625000000000004	0	-4.7898055844615985	0	5.039166804736835
0	19.9375	0	-5.189542032998372	0	5.196274390346678
0	20.937500000000004	0	-5.518426373385291	0	5.532957060793459
0	22.875	0	-6.113111514729911	0	6.092754362646035
0	23.5625	0	-6.304191690871421	0	6.4574966078993326
0	24.5625	0	-6.567668129303252	0	6.627969326866072
0	25.25	0	-6.821983960677349	0	6.978406425909445
0	26.125000000000004	0	-7.128755330427751	0	7.366839992978261
0	26.875	0	-7.494894327883776	0	7.7447041208061895
0	27.375000000000004	0	-7.800784688889049	0	8.167485540520616
0	27.875000000000004	0	-8.02290918778528	0	8.590107977506822
0	28.687499999999996	0	-8.279305510257169	0	8.78758349732691
0	29.25	0	-8.538022688191411	0	9.039960725181887
0	29.812499999999996	0	-8.806751299425203	0	9.334248149809788
0	30.624999999999996	0	-9.200796439381426	0	9.657011670297308
0	31.374999999999993	0	-9.555368672310838	0	9.887178325885685
0	31.875	0	-9.853386129826795	0	10.181720832595126
0	32.4375	0	-10.094542094331922	0	10.428243717376297
0	33.25	0	-10.395682246801929	0	10.600530678495744
0	33.75	0	-10.71687859336762	0	10.882650355123756
0	34.3125	0	-11.041263762032136	0	11.152208513009514
0	35.06249999999999	0	-11.461144301173327	0	11.496238370316076
0	37.0	0	-12.389262830634653	0	12.13915526571141
0	37.9375	0	-12.805955198642632	0	12.376262525820502
0	39.0	0	-13.197777340710745	0	12.422876844471181
0	39.625	0	-13.634722624571296	0	12.601689059301124
0	40.56249999999999	0	-14.012554826825989	0	12.68728196214496
0	41.24999999999999	0	-14.252185077036511	0	12.964669133571485
0	42.375	0	-14.567439323705118	0	13.077086659407504
0	43.4375	0	-15.03921935070912	0	13.047703238220082
0	44.5	0	-15.370805598076803	0	13.02035590196473
0	45.18749999999999	0	-15.692235643075168	0	13.245621479242352
0	45.81249999999999	0	-16.041973674202033	0	13.480581655414282
0	46.68750000000001	0	-16.409196159183	0	13.643495944815639
0	47.3125	0	-16.663502059440997	0	13.878791310621471
0	48.25	0	-16.948557336514003	0	14.017754972173616
0	49.1875	0	-17.200824403713973	0	14.077181825347536
0	49.8125	0	-17.43367391568762	0	14.241459632309013
0	50.75	0	-17.68491631561897	0	14.294200522539425
0	51.37499999999999	0	-18.003796199606164	0	14.414754775470833
0	53.5625	0	-18.755379918865145	0	14.423933893377285
0	54.18749999999999	0	-19.07078239828686	0	14.538036097325506
0	55.25	0	-19.27625819626506	0	14.441095573562842
0	55.9375	0	-19.502553693582684	0	14.51112244476562
0	56.9375	0	-19.730469262874198	0	14.413282248986466
0	58.0	0	-19.93465881211799	0	14.255704609518864
0	58.62500000000001	0	-20.1867696007596	0	14.288574272632506
0	59.62500000000001	0	-20.492797629307873	0	14.15868636911946
0	60.25000000000001	0	-20.760519026089217	0	14.12886413381516
0	61.187500000000014	0	-20.97869587609894	0	13.999002964274188
0	61.81249999999999	0	-21.20183918959655	0	14.023889670572702
0	62.75000000000001	0	-21.336136408724887	0	13.87921446809286
0	63.437500000000014	0	-21.50809926787275	0	13.83231297449844
0	64.125	0	-21.6786538334137	0	13.780852420973417
0	65.18750000000001	0	-21.793848127119197	0	13.618224251625014
0	65.75	0	-21.992273850160945	0	13.591479110133742
0	66.625	0	-22.23289612770732	0	13.442696257193694
0	67.5	0	-22.803905175459874	0	13.4582825497758
0	68.3125	0	-23.02227286124619	0	13.35751325868826
0	70.0625	0	-23.630477858227426	0	13.253745985260158
0	70.9375	0	-23.759847052009103	0	13.183361551929913
0	71.5625	0	-23.93032037219605	0	13.121580253631922
0	72.50000000000001	0	-24.09414773698165	0	12.962282809820552
0	73.06250000000001	0	-24.264663407653156	0	12.89722621013103
0	73.875	0	-24.435710816155677	0	12.756345181240315
0	74.4375	0	-24.765990549824195	0	12.718299798761953
0	75.12500000000001	0	-25.020706062846656	0	12.61370999124552
0	75.875	0	-25.180007330865575	0	12.486719037246408
0	76.37500000000001	0	-25.332605941588263	0	12.469757087112812
0	77.1875	0	-25.384459641114947	0	12.391412534752886
0	77.6875	0	-25.496093032900177	0	12.384063723191566
0	78.37500000000001	0	-25.547798125647102	0	12.289676618005242
0	78.81250000000001	0	-25.672292014113168	0	12.319347738183867
0	79.4375	0	-25.761767572150315	0	12.313966686168369
0	79.875	0	-25.87815942664494	0	12.305896337514376
0	80.25000000000001	0	-26.09869764200932	0	12.35446653779129
0	80.43750000000001	0	-26.288484909649693	0	12.399968593960295
0	80.93750000000001	0	-26.841909615980708	0	12.533967556989973
0	81.1875	0	-27.03878675764754	0	12.570120281465403
0	81.375	0	-27.262295218425297	0	12.615874335843497
0	81.4375	0	-27.50747441186202	0	12.680372756291414
0	81.62500000000001	0	-27.72449662372217	0	12.707360690708931
0	81.68750000000001	0	-27.917906517182455	0	12.770511711412537
0	81.9375	0	-28.130847829168495	0	12.812018671933751
0	82.125	0	-28.33105764074041	0	12.866260853805956
0	82.375	0	-28.493905505544994	0	12.880350912511558
0	82.625	0	-28.668092612896494	0	12.921305636383387
0	82.9375	0	-28.845872184516136	0	12.9928375580643
0	83.18750000000001	0	-29.016940733702686	0	13.014927346229314
0	83.5	0	-29.188977258491537	0	12.994866304109882
0	83.625	0	-29.39348914355441	0	13.018688205481137
0	83.8125	0	-29.579216973977505	0	13.009584922941844
0	84.0	0	-29.74594516230024	0	12.986641435870206
0	84.12500000000001	0	-29.78585237403732	0	12.955817239270905
0	84.1875	0	-29.78016069786926	0	12.937677909538822
0	84.3125	0	-29.558512721653827	0	12.875830293003899
0	84.37500000000001	0	-29.391019864318555	0	12.828472569836428
0	84.37500000000001	0	-29.182723053842917	0	12.802408073624035
0	84.3125	0	-28.920596942699635	0	12.779619555991069
0	84.3125	0	-28.628062332833803	0	12.726436689897362
0	84.37500000000001	0	-28.291501564127035	0	12.649104154736118
0	84.37500000000001	0	-27.786018703491703	0	12.560475081182368
0	84.4375	0	-27.324638715766348	0	12.472936871000547
0	84.56250000000001	0	-26.749201956490968	0	12.376848764796819
0	84.625	0	-26.175358203219634	0	12.304059922058245
0	84.8125	0	-25.454007663075174	0	12.244082217039152
0	84.9375	0	-24.61555099533931	0	12.214251125594192
0	85.1875	0	-23.824257381686753	0	12.150051089078747
0	85.56249999999999	0	-22.889633375921044	0	12.026592611585581
0	85.875	0	-21.94832981650059	0	11.942082798533034
0	86.25	0	-20.893429679902255	0	11.870343367707825
0	86.875	0	-19.015013000300648	0	11.817413455981105
0	87.25	0	-17.909837500212028	0	11.79059221531564
0	88.56250000000001	0	-14.780332233634958	0	11.628955095292547
0	88.87500000000001	0	-13.656375616093332	0	11.641744547992905
0	89.5	0	-12.383288795480341	0	11.641854340709271
0	89.87500000000001	0	-11.154654633421808	0	11.696927527483766
0	90.25000000000001	0	-9.94094012698877	0	11.715991151758132
0	90.875	0	-8.436471806012397	0	11.63655072410484
0	91.50000000000001	0	-6.905407632086132	0	11.571798201005832
0	92.0625	0	-5.586125480083029	0	11.535712551312855
0	92.375	0	-4.3614187028303375	0	11.517134686123505
0	92.875	0	-3.1030056884462915	0	11.433382862287878
0	93.3125	0	-1.8420259942834571	0	11.355579777106476
0	93.56250000000001	0	-0.5388389340675064	0	11.34617540865385
0	94.0	0	0.7502973141346372	0	11.288686052851109
0	94.37499999999999	0	2.103270127737882	0	11.228905076994222
0	94.625	0	3.287308957917726	0	11.209241250135616
0	95.06250000000001	0	4.611683674960768	0	11.183720977357742
0	95.56250000000001	0	5.99965822830992	0	11.183973188895843
0	96.1875	0	7.377887004357861	0	11.17038194564944
0	97.62500000000001	0	10.679806896433725	0	11.108860811677369
0	98.4375	0	11.949565434150486	0	11.050668279635664
0	99.06250000000001	0	13.167836265701316	0	11.132716696205962
0	99.9375	0	14.574844353272695	0	11.077255998155351
0	100.5	0	15.6490476820868	0	11.07491357355176
0	101.31250000000001	0	16.90014880203744	0	11.058404807853366
0	102.25	0	18.293208049713307	0	11.146572044884543
0	102.87500000000001	0	19.418346292523847	0	11.260019951884308
0	103.9375	0	20.747686136998936	0	11.289619305914352
0	104.93750000000001	0	22.12762240634656	0	11.43540782832652
0	106.125	0	23.570898930377403	0	11.551612543695482
0	106.93750000000001	0	24.816599564684047	0	11.806345880623322
0	108.1875	0	26.037022473335945	0	11.930141064212064
0	109.125	0	27.316813739708238	0	12.3001285164197
0	110.06250000000001	0	28.515958202506066	0	12.65880921014161
0	111.56250000000001	0	29.96372685988926	0	12.965504933840213
0	112.5625	0	31.285366146324762	0	13.467766185341617
0	113.5625	0	32.447687077397426	0	13.882171919205048
0	115.12499999999999	0	33.86675115826663	0	14.223498013830143
0	118.0625	0	37.053143306777656	0	15.367536520604196
0	119.06249999999999	0	38.33386927272285	0	16.01007676949403
0	119.99999999999999	0	39.543318579006815	0	16.67902460274833
0	121.37499999999999	0	40.88895230618318	0	17.23625524216086
0	122.68749999999999	0	42.182684213784995	0	17.840361930456904
0	123.49999999999999	0	43.30346629911002	0	18.6039175249237
0	124.81249999999999	0	44.595376246711126	0	19.421187211922604
0	125.625	0	45.545610262737	0	20.214697207935142
0	126.99999999999999	0	46.77948073736153	0	20.937823330735302
0	127.9375	0	47.835378713035	0	21.747199977774127
0	129.375	0	49.15408223662578	0	22.72739394169535
0	130.37500000000003	0	50.23712285735126	0	23.714790816175878
0	131.875	0	51.54076105297544	0	24.80458443321014
0	132.875	0	52.58777824458499	0	25.88906673851426
0	134.4375	0	53.964922893051046	0	27.104253804658896
0	136.43749999999997	0	55.53856740809656	0	28.48483729528406
0	137.43749999999997	0	56.4432047366392	0	29.800059278352528
0	138.9375	0	57.50087041976467	0	30.928453462061704
0	139.9375	0	58.34615339445709	0	31.951117954302294
0	142.99999999999997	0	60.662360225822574	0	34.92587656863398
0	144.0625	0	61.47075647146699	0	36.178494405098526
0	145.49999999999997	0	62.425822281560606	0	37.52246174942767
0	147.0	0	63.447209928264236	0	38.923416356989804
0	148.375	0	64.17349213504185	0	40.2697627216064
0	149.31249999999997	0	64.789196544587	0	41.53053445843722
0	150.6875	0	65.55308242953313	0	42.623301375808616
0	151.5	0	66.04442025946905	0	43.78439699298361
0	152.75	0	66.65948583227947	0	45.01386102583178
0	153.93749999999997	0	67.1984232529596	0	46.21703607056139
0	154.6875	0	67.56304543115135	0	47.24942218619461
0	155.75	0	68.07811485128127	0	48.42817976706934
0	156.4375	0	68.33246260437872	0	49.218312167884065
0	157.37499999999997	0	68.66865401252647	0	50.05707075912892
0	158.1875	0	68.88183363292916	0	50.95471670935824
0	158.75	0	68.98766207988895	0	51.6356388210936
0	159.25	0	69.10741898629283	0	52.284225953770196
0	160.0	0	69.3062785623516	0	52.99100997492378
0	160.5625	0	69.38847175936759	0	53.716645283196264
0	162.24999999999997	0	69.64633717871618	0	55.235531681466725
0	162.6875	0	69.61653997145253	0	55.79719988299142
0	163.5	0	69.7275781016804	0	56.412881522401904
0	164.24999999999997	0	69.7565534129666	0	57.09087974351053
0	164.75	0	69.76070048153366	0	57.60595070492075
0	165.5	0	69.79684703429666	0	58.20081002105376
0	165.9375	0	69.74701833946217	0	58.64688838451667
0	166.37499999999997	0	69.7076904600864	0	59.09488432247384
0	166.93749999999997	0	69.69589506772255	0	59.593879741660196
0	167.31249999999997	0	69.64949214251882	0	60.01834953758614
0	167.8125	0	69.68404412638439	0	60.38482380967696
0	168.125	0	69.67303127026548	0	60.67185531470691
0	168.37499999999997	0	69.66866890190434	0	60.906337228833934
0	168.68749999999997	0	69.71513710553717	0	61.11360737331611
0	169.0	0	69.76668453818257	0	61.333046529791844
0	169.12499999999997	0	69.80447315651395	0	61.372924927590816
0	169.12499999999997	0	69.80072417439781	0	61.34365413511486
0	169.12499999999997	0	69.79579976610327	0	61.278994806563084
0	169.375	0	69.76797615663297	0	60.96257492242384
0	169.5625	0	69.77183973024425	0	60.831259551948555
0	169.625	0	69.70901159031057	0	60.638921717387
0	169.75	0	69.66900813992521	0	60.45375949790716
0	170.0	0	69.60737153020607	0	60.21285263559991
0	170.12500000000003	0	69.52998479438351	0	59.989308690020486
0	170.31249999999997	0	69.467987553143	0	59.70899806166926
0	170.5625	0	69.43909064506985	0	59.43819176652145
0	170.81249999999997	0	69.3863681702158	0	59.04264736032379
0	171.0	0	69.34399185391163	0	58.645354149136026
0	171.3125	0	69.33399846567013	0	58.20440744090646
0	171.49999999999997	0	69.28780852583702	0	57.807847895623595
0	171.74999999999997	0	69.25655719391987	0	57.42419966612795
0	172.18749999999997	0	69.27746391168057	0	57.0934627888744
0	172.6875	0	69.26996989582774	0	56.61121542683566
0	173.24999999999997	0	69.2513758536792	0	56.08276373667983
0	173.62499999999997	0	69.23146129859082	0	55.65798331778921
0	174.125	0	69.26199171998924	0	55.160080652163025
0	175.4375	0	69.28938315310175	0	53.80307183209562
0	176.125	0	69.36598553787846	0	53.323514470496384
0	176.8125	0	69.45300211501849	0	52.74143744116914
0	177.25	0	69.4344671779481	0	52.059647308539354
0	177.87499999999997	0	69.49930159443096	0	51.53927305557796
0	178.3125	0	69.49618111770747	0	50.96029109134201
0	178.8125	0	69.50303929819411	0	50.423699377263986
0	179.5	0	69.55617458224907	0	49.89288358388323
0	180.0	0	69.56706486947643	0	49.16145660721217
0	180.75	0	69.64947043071291	0	48.59919790783418
0	181.25	0	69.68874670875516	0	47.97154618336773
0	182.0	0	69.8005334587241	0	47.34553168712388
0	182.5	0	69.82850920612053	0	46.618313838334004
0	183.125	0	69.96159244148254	0	45.8049313565812
0	183.56249999999997	0	70.06345981287645	0	45.140967774532626
0	184.18749999999997	0	70.19116880027143	0	44.36929264826983
0	184.56249999999997	0	70.33271774629497	0	43.62620241933765
0	185.0	0	70.5128833210891	0	42.82628679499927
0	185.31249999999997	0	70.65010944467909	0	41.97273455260901
0	185.99999999999997	0	71.08533713860892	0	39.36098546029816
0	186.125	0	71.28442404732506	0	38.108910350296966
0	186.31249999999997	0	71.47884672973149	0	37.06594884401624
0	186.37500000000003	0	71.66098912876294	0	35.749129038039314
0	186.43750000000003	0	71.83798011808685	0	34.6929612402783
0	186.49999999999997	0	71.98569710991646	0	33.54459180431233
0	186.49999999999997	0	72.1058645426516	0	32.44111332686332
0	186.49999999999997	0	72.25805220885198	0	31.15416177988604
0	186.49999999999997	0	72.39211065270545	0	30.0263283753151
0	186.43750000000003	0	72.50207867533554	0	28.966028793729908
0	186.37500000000003	0	72.65551033956011	0	27.725372556006278
0	186.31249999999997	0	72.77191671907639	0	26.538015641576226
0	186.24999999999997	0	72.90429454270394	0	25.37834837194036
0	186.1875	0	73.04226325542271	0	24.106335585810147
0	186.0625	0	73.18760966817338	0	22.659119572009658
0	185.9375	0	73.30222031921635	0	21.465967342849652
0	185.875	0	73.41679471980468	0	20.33216522465192
0	185.81249999999997	0	73.54044289676932	0	19.045714687257398
0	185.68750000000003	0	73.65256606106914	0	17.719154250949302
0	185.4375	0	73.93779559771588	0	14.461884601702707
0	185.375	0	74.05087176609533	0	13.220679847204124
0	185.31249999999997	0	74.16162252530009	0	11.814726639724908
0	185.24999999999997	0	74.26627391967881	0	10.53578231649485
0	185.0	0	74.3022842151697	0	9.433437974009763
0	184.93749999999997	0	74.37327210047545	0	8.434323666563966
0	184.8125	0	74.43581091842582	0	7.332799440931579
0	184.56249999999997	0	74.47496602071116	0	6.183124479504811
0	184.49999999999997	0	74.53333023028884	0	5.268041697022303
0	184.43749999999997	0	74.59046181438443	0	4.286410544928189
0	184.375	0	74.66226497193281	0	3.1046914895360196
0	184.18749999999997	0	74.70738393614172	0	1.9042114251699231
0	184.0625	0	74.74471375141646	0	0.6757100247150201
0	183.8125	0	74.78059847998394	0	-0.8019663533511698
0	183.625	0	74.78861472327762	0	-1.8255257953422483
0	183.49999999999997	0	74.81750478057327	0	-2.884446573334098
0	183.24999999999997	0	74.85086834419069	0	-3.9542718083152453
0	182.87499999999997	0	74.83173496609159	0	-5.279281893322691
0	182.68749999999997	0	74.79416396448185	0	-6.418440572731818
0	182.43749999999997	0	74.6681149192216	0	-8.73653126973608
0	182.37499999999997	0	74.68622803954253	0	-10.311130133727335
0	182.25	0	74.70709878236259	0	-11.673795996023728
0	182.0625	0	74.66978619456178	0	-13.023842389473886
0	182.0	0	74.64723902400593	0	-14.07832990023326
0	181.9375	0	74.61528570613332	0	-15.210428146590413
0	181.9375	0	74.58565003549204	0	-16.294426672031687
0	181.87499999999997	0	74.52503988729815	0	-17.537892609884267
0	181.8125	0	74.46834399084388	0	-18.77375812942988
0	181.6875	0	74.41443211824831	0	-20.118115095950746
0	181.6875	0	74.35879720125925	0	-21.167610681905984
0	181.75	0	74.25489768944156	0	-22.27746922459987
0	181.87499999999997	0	74.19674862861167	0	-23.281009537379543
0	182.0	0	74.24622258262885	0	-24.781984258265645
0	182.0	0	74.21819571578195	0	-25.82547780101667
0	182.0	0	74.25053876617024	0	-26.96264192679256
0	181.9375	0	74.30952693939582	0	-28.113765651704
0	181.9375	0	74.34239944567108	0	-29.35773064255295
0	181.9375	0	74.30864111742746	0	-30.53764378757597
0	181.9375	0	74.09191250337021	0	-33.005660191965546
0	182.0	0	74.11591676391228	0	-34.44320518846332
0	182.0	0	74.12600294354122	0	-35.89242746900645
0	181.9375	0	74.08318951015943	0	-37.18329009424136
0	181.87499999999997	0	74.10171362300294	0	-38.4775764459165
0	181.87499999999997	0	74.11811651715138	0	-39.766273604686255
0	181.8125	0	74.09968418378236	0	-40.98987812323796
0	181.75	0	74.13302204285925	0	-42.429151824180835
0	181.6875	0	74.16001570741469	0	-43.717592844828104
0	181.62499999999997	0	74.15253943990518	0	-45.00884206967669
0	181.49999999999997	0	74.1508944300362	0	-46.39940771228789
0	181.43749999999997	0	74.07858407887848	0	-47.96650794792991
0	181.43749999999997	0	74.1051138868544	0	-49.75748202316951
0	181.37499999999997	0	74.06995043020335	0	-51.19099598638578
0	181.3125	0	74.06072162574252	0	-52.47285774930226
0	181.3125	0	74.08350757497101	0	-53.788836608625864
0	181.3125	0	74.0609186315785	0	-55.13347397311179
0	181.25	0	74.05950808606055	0	-56.49245465090185
0	181.3125	0	74.08875574484944	0	-58.03830289622718
0	181.3125	0	74.08879643182581	0	-60.531368039167525
0	181.3125	0	74.06676795436854	0	-61.73973932064345
0	181.25	0	74.02127761795167	0	-63.10336424433856
0	181.25	0	74.01632756154342	0	-64.22661346888026
0	181.25	0	73.96391655209558	0	-65.19991865650789
0	181.3125	0	73.95733795851417	0	-66.17211597242003
0	181.3125	0	73.95711277598988	0	-67.44811432966343
0	181.3125	0	73.91984106714874	0	-68.55372429428341
0	181.37499999999997	0	73.93518887488406	0	-69.80714668826045
0	181.37499999999997	0	73.95883543075661	0	-70.86901332267053
0	181.37499999999997	0	73.98779681614224	0	-71.99888075003021
0	181.25	0	73.98147992888757	0	-73.09112151862183
0	181.25	0	74.01335035555093	0	-74.38295910700623
0	181.25	0	74.03246477217215	0	-75.2589604188356
0	181.18749999999997	0	74.0132145654878	0	-76.14509764000161
0	181.18749999999997	0	74.01045295892611	0	-77.25538182776086
0	181.25	0	74.03575639571527	0	-78.1237447800978
0	181.18749999999997	0	74.03932237912171	0	-79.12172029778657
0	181.18749999999997	0	74.05501317083733	0	-80.50043315732509
0	181.18749999999997	0	74.03821758020418	0	-82.35484189222655
0	181.25	0	74.03397003578151	0	-83.3122277639729
0	181.3125	0	74.07184384139326	0	-84.11953485845488
0	181.37499999999997	0	74.1053918250975	0	-84.85695562335549
0	181.43749999999997	0	74.15703489702587	0	-85.46501081026439
0	181.43749999999997	0	74.19270072550741	0	-86.07912885235841
0	181.43749999999997	0	74.23433503965185	0	-86.5642021676659
0	181.37499999999997	0	74.25911274390933	0	-86.98171955021738
0	181.37499999999997	0	74.28308145229572	0	-87.44331232428573
0	181.3125	0	74.28016186979337	0	-87.80256045606882
0	181.25	0	74.27193293781549	0	-88.11035858872923
0	181.3125	0	74.2929648140499	0	-88.28281835909709
0	181.37499999999997	0	74.3122572979631	0	-88.36691881790648
0	181.43749999999997	0	74.33054525065123	0	-88.40315053806401
0	181.56250000000003	0	74.36551693770372	0	-88.40560667845013
0	181.6875	0	74.39635215669425	0	-88.38969295545242
0	181.6875	0	74.3911574659562	0	-88.40089544970452
0	181.6875	0	74.39077801332739	0	-88.38801559939145
0	181.6875	0	74.39586736603812	0	-88.4357466283746
0	181.62499999999997	0	74.38044898191278	0	-88.50261491762194
0	181.56250000000003	0	74.36652671989457	0	-88.56021626197817
0	181.49999999999997	0	74.35858407513628	0	-88.63605819399301
0	181.43749999999997	0	74.34523888425855	0	-88.71939032262415
0	181.37499999999997	0	74.34724756415777	0	-88.82995666680941
0	181.25	0	74.32730151769627	0	-88.97980166490127
0	181.18749999999997	0	74.31544805770889	0	-89.14404770671092
0	181.0625	0	74.2925261653998	0	-89.42643019759345
0	180.9375	0	74.27121028379403	0	-89.72713570637798
0	180.75	0	74.241464085084	0	-90.03536369719764
0	180.49999999999997	0	74.2062450341702	0	-90.43566506175534
0	180.1875	0	74.17338688743992	0	-91.02731173083342
0	179.875	0	74.15117712287504	0	-91.52124505165462
0	179.5625	0	74.14111395434894	0	-92.05013691116675
0	178.9375	0	74.02401599558203	0	-92.7174865301522
0	178.5	0	74.04621335924182	0	-93.48864124943962
0	177.74999999999997	0	73.96409525794849	0	-94.31023174213881
0	177.25	0	73.89864353205085	0	-95.1355155306419
0	176.125	0	73.73840469965816	0	-96.52454778609417
0	174.1875	0	73.53352096695153	0	-99.27148211932078
0	173.1875	0	73.31368789410205	0	-100.3979652071319
0	172.56249999999997	0	73.15495776325697	0	-101.86523778411328
0	171.625	0	72.86549939391674	0	-103.28077394025452
0	170.68749999999997	0	72.52019386356274	0	-104.61517247862159
0	170.0625	0	72.24765536243541	0	-106.01118932297236
0	169.12499999999997	0	71.85457422213808	0	-107.40840067608885
0	168.1875	0	71.37114042348917	0	-109.26980312982882
0	167.5625	0	71.00807606756946	0	-110.60455018078159
0	166.625	0	70.46529040628307	0	-112.18145799943186
0	165.625	0	69.90829013808293	0	-114.0445195783528
0	164.875	0	69.36444910887737	0	-115.87592670798058
0	163.75	0	68.78579917785308	0	-117.56824140382194
0	162.93749999999997	0	68.24008001220433	0	-119.25228942801243
0	161.68750000000003	0	67.51517515584399	0	-121.18676373195471
0	160.25	0	66.70436398704189	0	-123.19418428335426
0	159.25	0	66.06965567178962	0	-124.96265322062789
0	157.75000000000003	0	65.17874286577663	0	-127.15389366357324
0	155.75	0	63.915488160160336	0	-130.1886389815876
0	153.6875	0	62.567045745299	0	-132.98014622975867
0	152.5625	0	61.767303517847594	0	-134.56971694364816
0	150.9375	0	60.75961080614902	0	-136.50737647441525
0	149.87499999999997	0	59.88885828519003	0	-138.29319201457614
0	148.1875	0	58.791525598728015	0	-140.03008153893828
0	147.125	0	57.71913749240889	0	-141.7096137119607
0	145.56249999999997	0	56.51353881019009	0	-143.39428770531097
0	144.5	0	55.34550439902028	0	-145.1533931765527
0	142.875	0	53.9969237890693	0	-146.90988693346398
0	141.31249999999997	0	52.42279852003328	0	-148.95034919890924
0	140.1875	0	51.264551315266075	0	-150.315599777041
0	138.5625	0	49.84217113407976	0	-151.76864472936245
0	137.5	0	48.53258764526356	0	-153.08674002598144
0	136.43749999999997	0	47.158115565074226	0	-154.47365006490466
0	134.8125	0	45.43679883342952	0	-155.89865549791472
0	133.74999999999997	0	44.10144018890878	0	-157.08207229754552
0	132.125	0	42.244314449414446	0	-158.48615527914419
0	130.56249999999997	0	39.87930720366853	0	-160.5646545714293
0	127.99999999999999	0	36.413535247479736	0	-163.40692365015124
0	125.9375	0	33.93805644863824	0	-165.0955438645187
0	124.93749999999999	0	32.31799445585015	0	-166.18537162078422
0	123.93749999999999	0	30.73203883889598	0	-167.25614302497473
0	122.37499999999999	0	28.730983142293322	0	-168.44859634923114
0	121.3125	0	27.099725188433865	0	-169.47022807332468
0	119.875	0	25.06355578443977	0	-170.6857789428262
0	118.37499999999999	0	23.145896502267956	0	-171.6602014315433
0	117.43749999999999	0	21.535835055699913	0	-172.53628957305594
0	116.4375	0	19.904657852555175	0	-173.3554089811943
0	114.99999999999999	0	17.784099815596996	0	-174.2834289478455
0	114.0	0	15.813289383247179	0	-175.20842140324206
0	112.5	0	14.064989518599743	0	-175.9006570393265
0	111.49999999999999	0	12.474000176135284	0	-176.62111777999715
0	109.9375	0	10.41668157118969	0	-177.48698499898452
0	108.93749999999999	0	8.631366424508633	0	-178.21398710184624
0	108.0	0	6.976627822672841	0	-178.81956814150766
0	106.62499999999997	0	5.037326530834415	0	-179.34642414453876
0	105.18749999999999	0	2.419717537992387	0	-180.19995156029427
0	102.93749999999999	0	-0.8202964264785106	0	-181.2073810537996
0	101.3125	0	-3.3914724118370327	0	-181.78889414978127
0	100.62499999999999	0	-4.859971920839238	0	-182.05344193864732
0	99.5625	0	-6.636519181598819	0	-182.26280474834346
0	98.5625	0	-8.137295576420385	0	-182.40472436125526
0	97.875	0	-9.885338502359499	0	-182.6851298033922
0	96.93749999999999	0	-11.29947537915971	0	-182.74756330703997
0	96.125	0	-12.746589530775557	0	-182.79917955929488
0	95.56249999999999	0	-14.121423307174904	0	-182.87823033975653
0	94.8125	0	-15.649805334289436	0	-182.92737509839964
0	94.0625	0	-16.684545578079412	0	-182.87510467834997
0	93.62499999999999	0	-17.678760965034208	0	-182.85850839101437
0	92.81250000000001	0	-18.861924271073452	0	-182.73576235593652
0	92.5	0	-19.565660834624055	0	-182.71075642552594
0	92.06249999999999	0	-20.201948773557948	0	-182.66163303499783
0	91.68749999999999	0	-20.743896497013854	0	-182.60753139253544
0	91.25	0	-21.13917073924416	0	-182.50732259585348
0	91.0	0	-21.308034289995742	0	-182.4621647174048
0	91.0	0	-21.250882517860745	0	-182.46669030155365
0	91.0	0	-21.22311443913043	0	-182.47541089467356
0	91.06249999999999	0	-21.184003324836965	0	-182.4922264710703
0	91.06249999999999	0	-21.185809651645936	0	-182.49410106515572
0	91.06249999999999	0	-21.213348291077377	0	-182.49829399062358
0	91.06249999999999	0	-21.237103608699773	0	-182.50794003015656
0	91.06249999999999	0	-21.24988443091544	0	-182.51370034696578
0	91.06249999999999	0	-21.262596985854614	0	-182.5231415846694
0	91.0	0	-21.31592826698987	0	-182.53434917249785
0	90.81249999999999	0	-21.425583926663464	0	-182.48977559273294
0	90.75000000000001	0	-21.486494516652225	0	-182.48797848060158
0	90.625	0	-21.593559220654246	0	-182.48599989640374
0	90.56249999999999	0	-21.72040151603925	0	-182.51793099254522
0	90.375	0	-21.987296062928202	0	-182.5831970958144
0	90.125	0	-22.34111676833131	0	-182.64794013117668
0	89.87499999999999	0	-22.726468977836834	0	-182.69293580752114
0	89.37499999999999	0	-23.338567140131854	0	-182.68617149378656
0	88.75	0	-24.25260207288132	0	-182.6699492472712
0	87.56249999999999	0	-25.625818536297857	0	-182.52104308031434
0	86.75	0	-26.650233827375718	0	-182.41971369122277
0	85.93749999999999	0	-27.495628289549323	0	-182.3243148936059
0	85.31249999999999	0	-28.46439411058018	0	-182.29965050588152
0	84.31249999999999	0	-29.547151543571957	0	-182.1972326437797
0	83.5625	0	-30.478066187007652	0	-182.14492675671076
0	82.81249999999999	0	-31.491816721170665	0	-182.11094829662284
0	81.5	0	-32.65843337448182	0	-181.89827150444097
0	80.625	0	-33.79941496832749	0	-181.78313323904285
0	79.25	0	-35.171158052004586	0	-181.4611329020068
0	78.31249999999999	0	-36.46663567321443	0	-181.219855125021
0	77.375	0	-37.65250340457375	0	-180.99991292301124
0	75.9375	0	-39.137379181721435	0	-180.6273863906193
0	74.375	0	-40.8548527906289	0	-180.1976126039808
0	73.3125	0	-42.24095956602752	0	-179.89989424128996
0	72.18749999999999	0	-43.68716341678889	0	-179.44430144062923
0	70.4375	0	-45.2702612232688	0	-178.86711023868452
0	69.24999999999999	0	-46.744603287328836	0	-178.3906552401477
0	67.49999999999999	0	-48.49205386629498	0	-177.6733745939686
0	65.62499999999999	0	-50.82556371880583	0	-176.84525973924093
0	61.999999999999986	0	-54.281276545447625	0	-175.24519621739412
0	60.937499999999986	0	-55.46113961177184	0	-174.68240506123678
0	59.374999999999986	0	-56.74004423855464	0	-173.91710841292635
0	58.43749999999999	0	-57.801251832847456	0	-173.33493795651017
0	56.999999999999986	0	-58.8624269136188	0	-172.5936124225397
0	56.124999999999986	0	-59.85592733025042	0	-172.03335400729367
0	54.99999999999999	0	-60.82981432162411	0	-171.38360077569106
0	53.81249999999999	0	-61.93939590518572	0	-170.61577253467973
0	52.81249999999999	0	-62.91342212954804	0	-169.9206538679751
0	52.125	0	-63.7557991859613	0	-169.32869913921658
0	51.06249999999999	0	-64.5283694976276	0	-168.60989680823303
0	50.374999999999986	0	-65.42616737108808	0	-167.9951684171961
0	49.1875	0	-66.28471038718554	0	-167.29699602025113
0	48.43749999999999	0	-67.09228134153949	0	-166.72418634604236
0	47.31249999999999	0	-67.847874996548	0	-165.9554114845743
0	46.49999999999999	0	-68.77052819772265	0	-165.34263920855025
0	45.312499999999986	0	-69.73874922288734	0	-164.51061385490473
0	43.81249999999999	0	-70.91625324412846	0	-163.3787346112856
0	43.06249999999999	0	-71.610183843663	0	-162.68257495835192
0	41.06249999999999	0	-73.29581670589775	0	-160.9865883117191
0	39.81249999999999	0	-74.22284372224317	0	-159.87637347916362
0	38.9375	0	-75.03690224098611	0	-158.9302570727138
0	37.56249999999999	0	-75.80534569333238	0	-157.83812537383912
0	36.56249999999999	0	-76.5827964595472	0	-156.8224794765753
0	35.62499999999999	0	-77.25602043588577	0	-155.88097936768781
0	34.56249999999999	0	-77.98767078965801	0	-154.91685150337796
0	33.49999999999999	0	-78.75943213317849	0	-153.91822696175112
0	31.937499999999993	0	-79.50327031876554	0	-152.70148239555118
0	30.937499999999993	0	-80.15622585154254	0	-151.70476664537054
0	29.874999999999986	0	-80.83608098921147	0	-150.6161281596692
0	28.874999999999993	0	-81.36036840027619	0	-149.589735737845
0	27.374999999999993	0	-81.959866005752	0	-148.27768024418853
0	26.374999999999993	0	-82.59805328950019	0	-147.10503458195572
0	25.37499999999999	0	-83.21345152647005	0	-145.99774518798498
0	23.99999999999999	0	-83.77800321851652	0	-144.73229902339992
0	22.99999999999999	0	-84.44900474642567	0	-143.433917251031
0	21.62499999999999	0	-84.82645766393344	0	-142.23735656583978
0	19.937499999999993	0	-85.58061085749935	0	-140.40370332038808
0	18.999999999999993	0	-86.09702985978046	0	-139.2601052904893
0	17.124999999999993	0	-86.93454927890073	0	-137.2266486256228
0	16.06249999999999	0	-87.28412680887062	0	-136.06723351997954
0	15.374999999999991	0	-87.57387231439765	0	-135.10900803274126
0	14.437499999999991	0	-87.75343470427654	0	-134.18613502719356
0	13.874999999999991	0	-88.03259552777965	0	-133.35524771935113
0	12.999999999999993	0	-88.19353110393264	0	-132.52181910240924
0	12.374999999999991	0	-88.38821702568454	0	-131.7981883511649
0	11.812499999999991	0	-88.64685792032236	0	-131.03124181688423
0	10.93749999999999	0	-88.84007248307941	0	-130.11653948625815
0	10.437499999999991	0	-89.05832327019245	0	-129.3640056059639
0	9.687499999999993	0	-89.19232950518773	0	-128.59371355173099
0	9.187499999999991	0	-89.3540735902478	0	-127.93452904513681
0	8.562499999999993	0	-89.50247132857544	0	-127.17570063285169
0	7.937499999999991	0	-89.58060511574895	0	-126.5218619120495
0	7.562499999999991	0	-89.70280945825832	0	-125.95423515879033
0	7.062499999999991	0	-89.78322814209055	0	-125.36221938861696
0	6.187499999999991	0	-89.92463993085177	0	-124.3114788749788
0	5.812499999999992	0	-89.98782578162239	0	-123.87675742457179
0	4.999999999999991	0	-90.13867820809256	0	-122.94063215059113
0	4.562499999999991	0	-90.15662170697064	0	-122.49242820149
0	4.187499999999991	0	-90.18422192168745	0	-122.04700659321749
0	3.937499999999991	0	-90.21570323871978	0	-121.69068475593537
0	3.624999999999991	0	-90.20533771423553	0	-121.34813882890668
0	3.3749999999999916	0	-90.19074932978144	0	-121.04801957018132
0	3.1874999999999907	0	-90.18528863898642	0	-120.76708014389835
0	2.937499999999991	0	-90.16631197032252	0	-120.501992862897
0	2.812499999999991	0	-90.19901013326276	0	-120.27111078578754
0	2.562499999999991	0	-90.20122162264241	0	-120.02560475858321
0	2.437499999999991	0	-90.23565464263751	0	-119.80386395567037
0	2.187499999999991	0	-90.23844394371156	0	-119.5510639655214
0	1.9374999999999911	0	-90.24200907249543	0	-119.25411553703343
0	1.6874999999999911	0	-90.2593364647045	0	-118.90051133129104
0	1.4999999999999913	0	-90.26370530817239	0	-118.62953536949897
0	1.2499999999999913	0	-90.23114318633984	0	-118.31344354254794
0	0.8749999999999911	0	-90.1463220854358	0	-117.74067142800986
0	0.6874999999999911	0	-90.10022001825016	0	-117.40282991661074
0	0.18749999999999123	0	-89.99192828001252	0	-116.51242024978552
0	-8.796221540922538E-15	0	-89.96469644135246	0	-116.04814534219437
0	-0.12500000000002648	0	-89.93637306260293	0	-115.56197278450351
0	-0.24999999999999326	0	-89.90146680984857	0	-115.01698240917754
0	-0.3125000000000021	0	-89.88199531827563	0	-114.40028427376957
0	-0.3750000000000109	0	-89.8401156775642	0	-113.86474573321314
0	-0.3750000000000109	0	-89.81609661255638	0	-113.28872741522
0	-0.3750000000000109	0	-89.79504820410246	0	-112.60408148805902
0	-0.3750000000000109	0	-89.79019295242179	0	-111.86226426786826
0	-0.4375000000000197	0	-89.76838213836643	0	-111.06337587322926
0	-0.5000000000000285	0	-89.74602517522256	0	-110.31421165881154
0	-0.5625000000000374	0	-89.69826144934575	0	-109.47879321296156
0	-0.6250000000000462	0	-89.66648979447847	0	-108.6819014959514
0	-0.6875000000000551	0	-89.63976574278347	0	-107.73770150279765
0	-0.750000000000013	0	-89.61221253840843	0	-106.81193789709806
0	-0.8125000000000219	0	-89.5693223340229	0	-105.91954532032813
0	-0.8750000000000306	0	-89.49235267978663	0	-105.02954667000255
0	-0.9375000000000395	0	-89.44790722265819	0	-104.16485866674925
0	-0.9999999999999974	0	-89.38301579368718	0	-102.98758107830601
0	-0.9999999999999974	0	-89.33523740487512	0	-102.14889290276403
0	-0.9375000000000395	0	-89.23870300368787	0	-100.46975860221698
0	-0.8750000000000306	0	-89.21984746175622	0	-99.54968932861486
0	-0.8125000000000219	0	-89.1632795293479	0	-98.73876559772262
0	-0.750000000000013	0	-89.11754361407155	0	-97.85585414363852
0	-0.6875000000000551	0	-89.08328077956449	0	-96.54567722763784
0	-0.6875000000000551	0	-89.04152789399991	0	-95.52079167537312
0	-0.6250000000000462	0	-89.00631926152195	0	-94.59166666439477
0	-0.6250000000000462	0	-88.99254481826969	0	-93.32896880848584
0	-0.6250000000000462	0	-88.9950552707866	0	-92.04032089430869
0	-0.6250000000000462	0	-88.959969102198	0	-91.18653231859992
0	-0.5625000000000374	0	-88.94471098397896	0	-90.30136420512977
0	-0.5000000000000285	0	-88.94959541783949	0	-89.14909043388583
0	-0.4375000000000197	0	-88.95727286132792	0	-88.1532811763867
0	-0.3750000000000109	0	-88.91531515276374	0	-87.25169427329608
0	-0.24999999999999323	0	-88.95917942439252	0	-85.95770939312575
0	-0.12500000000002642	0	-88.98886849002162	0	-84.87922973855365
0	-0.06250000000001758	0	-88.9831882274349	0	-83.99764170526456
0	0.18749999999998243	0	-89.09709940035768	0	-82.2958969202613
0	0.3124999999999824	0	-89.1405046812668	0	-81.25452104080263
0	0.5624999999999823	0	-89.1907878102501	0	-78.90670499115318
0	0.6874999999999823	0	-89.21897639164644	0	-77.85800756148423
0	0.8124999999999823	0	-89.25288098981412	0	-76.83519596636637
0	0.8749999999999823	0	-89.27771436888916	0	-75.7090274202391
0	1.0624999999999825	0	-89.35515778454517	0	-74.69276993031147
0	1.0624999999999825	0	-89.39349918976208	0	-73.51886336774533
0	1.0624999999999825	0	-89.48282734928873	0	-72.37535991420481
0	1.1874999999999825	0	-89.55637161871475	0	-71.36452199139374
0	1.2499999999999825	0	-89.58975923603423	0	-70.45951122204278
0	1.2499999999999825	0	-89.59150747589308	0	-69.61995528098447
0	1.3124999999999822	0	-89.61832121587202	0	-68.63563424248396
0	1.3749999999999822	0	-89.64657007441063	0	-67.63477998884456
0	1.3749999999999822	0	-89.69670110796916	0	-66.69691663671718
0	1.3124999999999822	0	-89.71108480239864	0	-65.79489453316731
0	1.3749999999999822	0	-89.76401984109084	0	-64.75964806666944
0	1.3749999999999822	0	-89.79016921239634	0	-63.67022189994593
0	1.3749999999999822	0	-89.81079717928766	0	-62.810826596128585
0	1.3749999999999822	0	-89.78605297957647	0	-61.61706563699908
0	1.4999999999999825	0	-89.77784757871633	0	-60.302370808930846
0	1.4999999999999825	0	-89.78498465630683	0	-59.326611486397034
0	1.7499999999999825	0	-89.77774620842739	0	-57.120740179521846
0	1.8749999999999822	0	-89.78429026982282	0	-56.04380613411635
0	1.9999999999999822	0	-89.74060538553664	0	-55.00004859666284
0	2.1874999999999822	0	-89.75080006603979	0	-53.9471776562543
0	2.3124999999999827	0	-89.79327310045183	0	-52.91934256928816
0	2.4999999999999827	0	-89.78277734193595	0	-51.93356098516713
0	2.6249999999999827	0	-89.74808335876949	0	-50.76950408288517
0	-0.06250000000001758	0	-51.61416369364661	0	-425.73942547832195
0	-0.06250000000001758	0	-51.61416369364661	0	-425.73942547832195
0	-0.06250000000001758	0	-51.61416369364661	0	-425.73942547832195
0	-0.06250000000001758	0	-51.61416369364661	0	-425.73942547832195
0	-0.06250000000001758	0	-51.61416369364661	0	-425.73942547832195
0	-0.06250000000001758	0	-51.61416369364661	0	-425.73942547832195
0	-0.06250000000001758	0	-51.61416369364661	0	-425.73942547832195
0	-0.06250000000001758	0	-51.61416369364661	0	-425.73942547832195
0	-0.06250000000001758	0	-51.61416369364661	0	-425.73942547832195
0	-0.06250000000001758	0	-51.61416369364661	0	-425.73942547832195
0	-0.06250000000001758	0	-51.61416369364661	0	-425.73942547832195
0	-0.06250000000001758	0	-51.61416369364661	0	-425.73942547832195
0	-0.06250000000001758	0	-51.61416369364661	0	-425.73942547832195
0	-0.06250000000001758	0	-51.61416369364661	0	-425.73942547832195
0	-0.06250000000001758	0	-51.61416369364661	0	-425.73942547832195